Sample Time, Accel_x, Accel_y, Accel_z, Gyro_x, Gyro_y, Gyro_z, Magneto_x, Magneto_y, Magneto_z
0.000000, 6.751930, -114.782814, 285.048889, 16.000000, -40.000000, -4.000000, 39.000000, -442.000000
0.050000, 25.446417, -334.832886, 822.889954, -5.000000, 18.000000, -39.000000, 46.000000, -450.000000
0.100000, 20.112095, -332.971771, 799.243774, 17.000000, -23.000000, -22.000000, 40.000000, -442.000000
0.150000, 7.417578, -221.517578, 538.528625, 14.000000, 7.000000, -11.000000, 46.000000, -441.000000
0.200000, 31.474987, -289.457275, 752.018494, 7.000000, 18.000000, 1.000000, 43.000000, -457.000000
0.250000, 19.131081, -296.948914, 752.991211, 37.000000, 2.000000, -11.000000, 43.000000, -447.000000
0.300000, -7.342352, -258.887329, 613.276917, 4.000000, -5.000000, -4.000000, 39.000000, -447.000000
0.350000, 2.558502, -292.241699, 702.059875, -6.000000, 11.000000, -9.000000, 42.000000, -444.000000
0.400000, -11.282422, -269.889984, 657.616028, 19.000000, -22.000000, -28.000000, 43.000000, -441.000000
0.450000, -2.730513, -273.668671, 677.754456, 25.000000, -9.000000, -9.000000, 42.000000, -444.000000
0.500000, 9.712023, -279.627563, 704.935791, 1.000000, -9.000000, -12.000000, 39.000000, -447.000000
0.550000, -2.873699, -266.645508, 657.398926, 42.000000, -46.000000, -26.000000, 37.000000, -445.000000
0.600000, 0.796278, -280.817078, 694.408142, 44.000000, -1.000000, 21.000000, 37.000000, -448.000000
0.650000, -18.793591, -262.293182, 657.659302, -11.000000, 14.000000, 14.000000, 34.000000, -442.000000
0.700000, 1.719547, -273.632019, 676.761780, -5.000000, 18.000000, -7.000000, 39.000000, -450.000000
0.750000, 15.651768, -280.991333, 697.069580, 2.000000, 14.000000, -3.000000, 34.000000, -453.000000
0.800000, -31.311153, -265.176758, 670.104858, 4.000000, -9.000000, -11.000000, 36.000000, -457.000000
0.850000, -3.722067, -277.191986, 696.711060, -22.000000, -30.000000, 4.000000, 40.000000, -456.000000
0.900000, 20.258980, -265.708923, 657.900513, 7.000000, -11.000000, -21.000000, 42.000000, -460.000000
0.950000, 6.871450, -265.970886, 701.432556, -23.000000, -5.000000, 4.000000, 40.000000, -454.000000
1.000000, 16.137598, -278.723969, 714.179321, -12.000000, 23.000000, -18.000000, 37.000000, -456.000000
1.050000, -0.424697, -283.683014, 641.739624, 13.000000, 16.000000, -10.000000, 42.000000, -450.000000
1.100000, 13.821713, -283.390472, 706.538696, -7.000000, 30.000000, -54.000000, 40.000000, -445.000000
1.150000, 15.636572, -264.167084, 700.368530, 2.000000, 21.000000, -9.000000, 37.000000, -457.000000
1.200000, -35.487671, -271.540375, 665.943604, -12.000000, -10.000000, 2.000000, 40.000000, -451.000000
1.250000, -24.497049, -271.263000, 691.769531, -31.000000, 20.000000, -7.000000, 43.000000, -451.000000
1.300000, 15.637053, -268.878113, 664.629639, -8.000000, -16.000000, -30.000000, 46.000000, -454.000000
1.350000, 18.487516, -290.014709, 669.650269, -7.000000, 21.000000, -58.000000, 39.000000, -453.000000
1.400000, 9.096366, -278.788330, 667.109497, 34.000000, -23.000000, -15.000000, 43.000000, -453.000000
1.450000, 16.196924, -271.047119, 685.682495, -7.000000, 23.000000, 2.000000, 43.000000, -445.000000
1.500000, 33.563541, -276.515533, 692.116394, -15.000000, -9.000000, -12.000000, 45.000000, -448.000000
1.550000, 3.032375, -281.380463, 649.650391, 9.000000, 13.000000, 7.000000, 42.000000, -447.000000
1.600000, -38.519417, -284.903381, 699.628174, 0.000000, -14.000000, -9.000000, 36.000000, -444.000000
1.650000, -15.416774, -269.214874, 699.011963, -10.000000, 2.000000, 7.000000, 43.000000, -447.000000
1.700000, 10.290432, -277.092377, 651.662659, 3.000000, 0.000000, -9.000000, 45.000000, -445.000000
1.750000, 2.897136, -280.760559, 683.854126, 4.000000, 0.000000, 16.000000, 48.000000, -450.000000
1.800000, -4.209183, -267.264343, 687.588867, -31.000000, -4.000000, -53.000000, 51.000000, -448.000000
1.850000, -2.938418, -277.177032, 666.578613, -10.000000, 16.000000, 2.000000, 45.000000, -451.000000
1.900000, 15.168172, -278.296600, 669.734924, -11.000000, 44.000000, 0.000000, 49.000000, -441.000000
1.950000, 8.230078, -281.730927, 695.447998, -16.000000, 4.000000, -29.000000, 40.000000, -442.000000
2.000000, -11.388018, -287.277466, 680.510742, 6.000000, 2.000000, -4.000000, 42.000000, -442.000000
2.050000, 2.617282, -276.491974, 648.128662, 6.000000, -1.000000, -30.000000, 33.000000, -445.000000
2.100000, -5.332519, -277.104767, 673.306763, 12.000000, 21.000000, 18.000000, 54.000000, -442.000000
2.150000, -28.958210, -273.751404, 641.210144, 22.000000, 58.000000, -16.000000, 49.000000, -442.000000
2.200000, -26.272396, -249.435822, 569.434387, 42.000000, 137.000000, -18.000000, 49.000000, -444.000000
2.250000, 88.090134, -196.198395, 492.257172, 277.000000, 167.000000, -28.000000, 42.000000, -442.000000
2.300000, 469.031128, -95.664352, 431.681641, 385.000000, 552.000000, 172.000000, 21.000000, -433.000000
2.350000, 804.447632, -18.644802, 644.571655, 588.000000, 585.000000, 1050.000000, -1.000000, -421.000000
2.400000, 347.453918, -124.747070, 1055.049927, 136.000000, 304.000000, 1491.000000, -16.000000, -393.000000
2.450000, -548.795166, -293.508392, 1283.223999, -144.000000, 45.000000, 1541.000000, -21.000000, -363.000000
2.500000, -695.416870, -236.356369, 1251.632446, -571.000000, 35.000000, 942.000000, -3.000000, -342.000000
2.550000, -687.339417, -166.131073, 1084.131836, -910.000000, 17.000000, 590.000000, 6.000000, -319.000000
2.600000, -1123.385376, -200.296844, 884.838013, -1106.000000, 217.000000, -102.000000, 33.000000, -312.000000
2.650000, -885.059998, -64.377205, 651.845886, -919.000000, 147.000000, -602.000000, 51.000000, -316.000000
2.700000, -544.565063, 26.791294, 394.339752, -898.000000, 455.000000, -1026.000000, 66.000000, -333.000000
2.750000, -720.433411, -12.223114, 271.866241, -605.000000, 275.000000, -1454.000000, 79.000000, -370.000000
2.800000, -415.228821, 74.226746, 224.931458, -303.000000, 462.000000, -1581.000000, 87.000000, -411.000000
2.850000, -70.960060, 124.713135, 82.044220, 70.000000, 658.000000, -1637.000000, 84.000000, -451.000000
2.900000, 114.475189, 118.604485, -28.510433, 594.000000, 693.000000, -1432.000000, 64.000000, -516.000000
2.950000, 589.697693, 140.133102, 52.852211, 1226.000000, 459.000000, -1416.000000, 52.000000, -574.000000
3.000000, 969.795532, 116.052353, 414.863983, 1956.000000, 43.000000, -773.000000, 33.000000, -633.000000
3.050000, 1067.735840, 62.680351, 883.902100, 1402.000000, 240.000000, 432.000000, 18.000000, -663.000000
3.100000, 745.685608, -102.062233, 1152.685303, 1089.000000, -73.000000, 516.000000, -34.000000, -622.000000
3.150000, 314.624573, -217.276901, 1370.913086, 1052.000000, -646.000000, 1288.000000, -100.000000, -588.000000
3.200000, 79.829910, -119.262306, 1288.832764, 225.000000, -272.000000, 707.000000, -129.000000, -580.000000
3.250000, 24.820114, -17.788666, 775.697998, 380.000000, -417.000000, 1364.000000, -139.000000, -559.000000
3.300000, -19.342133, 25.967457, 860.781616, 189.000000, -250.000000, 1122.000000, -141.000000, -541.000000
3.350000, -261.854279, 23.910069, 1114.557251, -69.000000, -103.000000, 1131.000000, -111.000000, -522.000000
3.400000, -216.153656, -28.835709, 622.673401, -112.000000, -8.000000, 751.000000, -103.000000, -513.000000
3.450000, -345.626648, -80.242088, 393.775238, -504.000000, -361.000000, 165.000000, -82.000000, -505.000000
3.500000, -556.333252, -68.005241, 532.988037, -109.000000, 42.000000, -88.000000, -82.000000, -510.000000
3.550000, -42.025806, 1.268178, 636.474121, -17.000000, -21.000000, -108.000000, -79.000000, -519.000000
3.600000, 146.380341, -43.384743, 767.033386, 68.000000, 64.000000, -72.000000, -88.000000, -511.000000
3.650000, 37.460800, -100.115288, 671.016235, 37.000000, 37.000000, 30.000000, -90.000000, -510.000000
3.700000, 114.901672, -60.372772, 780.402344, -35.000000, 17.000000, -86.000000, -87.000000, -514.000000
3.750000, -28.966850, -90.473038, 817.161926, 37.000000, -46.000000, 46.000000, -87.000000, -516.000000
3.800000, 40.690590, -94.398796, 625.739014, -58.000000, 122.000000, -11.000000, -85.000000, -517.000000
3.850000, 85.293777, -57.309555, 749.170044, 6.000000, -23.000000, 1.000000, -85.000000, -511.000000
3.900000, -34.068718, -91.862465, 725.135132, 14.000000, -25.000000, -66.000000, -79.000000, -513.000000
3.950000, 71.963211, -78.952034, 681.477783, -4.000000, -5.000000, -17.000000, -88.000000, -511.000000
4.000000, 41.773148, -62.030472, 756.896362, -7.000000, -45.000000, 23.000000, -88.000000, -516.000000
4.050000, -11.329548, -85.502892, 690.326843, -35.000000, -18.000000, -45.000000, -88.000000, -517.000000
4.100000, 57.816509, -71.264931, 718.676147, -4.000000, -7.000000, 2.000000, -93.000000, -519.000000
4.150000, -1.512703, -80.236671, 716.458191, 17.000000, -61.000000, -17.000000, -82.000000, -522.000000
4.200000, 12.109043, -97.189072, 729.338135, -32.000000, 13.000000, -16.000000, -79.000000, -519.000000
4.250000, 106.925896, -80.241058, 740.414795, -9.000000, -2.000000, -41.000000, -90.000000, -528.000000
4.300000, 61.418457, -75.410065, 692.634705, -7.000000, 0.000000, 5.000000, -81.000000, -517.000000
4.350000, 25.347580, -78.916695, 741.622681, -9.000000, 24.000000, -68.000000, -82.000000, -519.000000
4.400000, 67.293594, -77.882187, 716.130920, -16.000000, 2.000000, 35.000000, -82.000000, -522.000000
4.450000, 53.419102, -73.451942, 701.798218, 16.000000, -21.000000, -13.000000, -82.000000, -516.000000
4.500000, 44.475845, -72.183754, 698.869751, -41.000000, 7.000000, 0.000000, -79.000000, -523.000000
4.550000, 34.410667, -78.914093, 682.111206, -13.000000, 11.000000, -2.000000, -90.000000, -520.000000
4.600000, 17.800196, -80.986221, 747.020935, 2.000000, 6.000000, -19.000000, -90.000000, -525.000000
4.650000, 90.687698, -73.743469, 727.248596, -2.000000, 10.000000, -2.000000, -78.000000, -519.000000
4.700000, 84.105988, -71.048004, 724.770752, -21.000000, 39.000000, -1.000000, -84.000000, -525.000000
4.750000, 10.265690, -83.402298, 723.032227, -24.000000, 25.000000, 5.000000, -84.000000, -517.000000
4.800000, 28.307276, -83.376518, 690.948181, 16.000000, 3.000000, -5.000000, -91.000000, -517.000000
4.850000, 51.260902, -72.350334, 730.569946, 7.000000, 7.000000, -1.000000, -87.000000, -522.000000
4.900000, 65.194069, -77.810257, 713.558228, 38.000000, 1.000000, 1.000000, -87.000000, -523.000000
4.950000, 34.480953, -83.074203, 745.097290, 1.000000, 0.000000, -56.000000, -85.000000, -520.000000
5.000000, 10.412739, -81.680725, 763.469299, 15.000000, -39.000000, -15.000000, -85.000000, -514.000000
5.050000, 61.348808, -78.441551, 693.684021, -12.000000, -7.000000, -9.000000, -85.000000, -525.000000
5.100000, 42.984894, -73.724426, 726.645020, 16.000000, -13.000000, 8.000000, -90.000000, -520.000000
5.150000, 31.324280, -75.442795, 735.755554, -6.000000, 22.000000, -15.000000, -85.000000, -516.000000
5.200000, 47.969601, -78.219437, 711.231628, -22.000000, 24.000000, -4.000000, -84.000000, -517.000000
5.250000, 15.849232, -79.755951, 732.267761, 14.000000, 0.000000, -7.000000, -96.000000, -516.000000
5.300000, 22.207016, -78.264870, 748.977905, -32.000000, 65.000000, 0.000000, -82.000000, -520.000000
5.350000, 46.016655, -74.549347, 732.977173, -114.000000, 77.000000, -22.000000, -85.000000, -523.000000
5.400000, 66.787033, -82.381752, 644.169739, -14.000000, 4.000000, -43.000000, -81.000000, -513.000000
5.450000, 35.407352, -89.809006, 687.788330, -3.000000, 21.000000, -42.000000, -85.000000, -511.000000
5.500000, 16.777565, -80.197235, 762.027283, -40.000000, 67.000000, -18.000000, -82.000000, -513.000000
5.550000, 56.306404, -81.676544, 686.640259, 4.000000, 37.000000, -5.000000, -82.000000, -517.000000
5.600000, -10.251741, -93.456535, 735.709045, 4.000000, 1.000000, -6.000000, -81.000000, -508.000000
5.650000, -2.757973, -86.667755, 757.311340, -2.000000, 9.000000, -5.000000, -82.000000, -510.000000
5.700000, 55.085857, -87.327538, 684.312256, 28.000000, -4.000000, 7.000000, -82.000000, -502.000000
5.750000, -12.102266, -92.656296, 741.087158, 4.000000, 2.000000, 0.000000, -85.000000, -508.000000
5.800000, 24.666031, -83.129776, 737.868774, 1.000000, 4.000000, -17.000000, -81.000000, -519.000000
5.850000, 59.511364, -82.544891, 713.622314, -33.000000, 25.000000, -10.000000, -88.000000, -511.000000
5.900000, 6.864479, -88.439964, 738.330688, 0.000000, -2.000000, -17.000000, -85.000000, -510.000000
5.950000, 15.117087, -92.975975, 720.240967, 1.000000, 11.000000, -8.000000, -81.000000, -504.000000
6.000000, 7.518023, -89.996628, 746.313904, 3.000000, -5.000000, -16.000000, -82.000000, -505.000000
6.050000, 4.941005, -87.997162, 734.180664, 0.000000, -12.000000, -11.000000, -78.000000, -507.000000
6.100000, 18.218096, -94.567238, 719.313843, 11.000000, -7.000000, -14.000000, -81.000000, -508.000000
6.150000, 25.789520, -85.761246, 747.187134, -1.000000, -10.000000, 7.000000, -88.000000, -514.000000
6.200000, 35.659546, -88.199203, 711.882263, 9.000000, -35.000000, 2.000000, -81.000000, -511.000000
6.250000, 19.253466, -95.610016, 724.604126, -7.000000, 0.000000, -16.000000, -81.000000, -511.000000
6.300000, 35.531136, -83.435600, 750.489563, -3.000000, 15.000000, -11.000000, -75.000000, -516.000000
6.350000, 35.260994, -90.291283, 720.295166, 1.000000, -2.000000, 0.000000, -75.000000, -513.000000
6.400000, 18.762478, -92.726372, 727.048340, -14.000000, 7.000000, -23.000000, -85.000000, -514.000000
6.450000, 41.665501, -85.048134, 747.447205, 11.000000, -19.000000, -49.000000, -81.000000, -516.000000
6.500000, 25.052784, -94.766647, 737.892883, -32.000000, -2.000000, -5.000000, -72.000000, -508.000000
6.550000, 11.984710, -93.623856, 705.103394, 2.000000, -7.000000, -2.000000, -76.000000, -517.000000
6.600000, 45.272095, -89.377365, 715.750732, 2.000000, -32.000000, -42.000000, -82.000000, -514.000000
6.650000, 58.591595, -90.613930, 740.368896, 4.000000, -6.000000, -7.000000, -85.000000, -507.000000
6.700000, 36.569389, -88.777565, 724.821411, -6.000000, 7.000000, -46.000000, -81.000000, -514.000000
6.750000, 19.464088, -91.991241, 726.681824, -10.000000, -13.000000, 0.000000, -81.000000, -508.000000
6.800000, 24.842669, -95.642075, 716.381104, -5.000000, 8.000000, -22.000000, -72.000000, -517.000000
6.850000, 24.601734, -96.479584, 720.397888, -42.000000, 32.000000, -2.000000, -87.000000, -519.000000
6.900000, 30.737259, -92.933067, 727.822510, -10.000000, -16.000000, -53.000000, -82.000000, -514.000000
6.950000, 37.742748, -94.534683, 705.403076, -13.000000, -19.000000, -25.000000, -73.000000, -513.000000
7.000000, 45.964691, -97.210098, 724.568359, -21.000000, 11.000000, 0.000000, -79.000000, -522.000000
7.050000, 52.052170, -93.435211, 716.163452, 2.000000, 6.000000, -9.000000, -82.000000, -511.000000
7.100000, 21.759640, -97.140938, 712.603027, 5.000000, -14.000000, -6.000000, -81.000000, -514.000000
7.150000, 27.735941, -97.468079, 731.191711, -1.000000, -22.000000, -33.000000, -79.000000, -513.000000
7.200000, 50.119446, -95.941093, 704.047729, 12.000000, -17.000000, -9.000000, -81.000000, -511.000000
7.250000, 20.085640, -99.532295, 723.341309, -2.000000, 4.000000, -7.000000, -75.000000, -513.000000
7.300000, 20.060621, -96.009796, 732.911560, -1.000000, 4.000000, -3.000000, -73.000000, -517.000000
7.350000, 31.059757, -96.684601, 718.705750, -1.000000, 0.000000, -6.000000, -79.000000, -517.000000
7.400000, 20.211775, -98.747658, 724.882080, 9.000000, -3.000000, -3.000000, -76.000000, -520.000000
7.450000, 34.204441, -95.014786, 716.568481, 11.000000, 2.000000, -10.000000, -81.000000, -522.000000
7.500000, 36.104870, -96.306610, 744.547974, -2.000000, -7.000000, -9.000000, -82.000000, -525.000000
7.550000, 30.712528, -96.372711, 731.103821, -7.000000, -4.000000, 1.000000, -78.000000, -514.000000
7.600000, 34.886501, -95.917679, 710.348450, 5.000000, 4.000000, 10.000000, -81.000000, -522.000000
7.650000, 41.422024, -96.372337, 737.973755, -5.000000, 16.000000, -14.000000, -79.000000, -511.000000
7.700000, 52.467701, -92.095901, 715.973816, 7.000000, -13.000000, -10.000000, -85.000000, -514.000000
7.750000, 32.526123, -94.010956, 723.030884, -13.000000, -4.000000, -25.000000, -75.000000, -513.000000
7.800000, 33.060692, -98.929512, 728.629395, 15.000000, 0.000000, 0.000000, -84.000000, -523.000000
7.850000, 47.561466, -94.457230, 709.824890, -23.000000, 34.000000, -26.000000, -79.000000, -517.000000
7.900000, 30.680031, -92.101959, 730.321228, -14.000000, 26.000000, 3.000000, -79.000000, -517.000000
7.950000, 37.386539, -97.054977, 725.850464, 4.000000, -2.000000, -26.000000, -84.000000, -525.000000
8.000000, 25.435614, -96.797768, 739.610596, 14.000000, -24.000000, -23.000000, -78.000000, -516.000000
8.050000, 30.868195, -96.458542, 735.501953, -6.000000, 1.000000, -37.000000, -79.000000, -520.000000
8.100000, 56.160076, -99.863098, 712.508301, -16.000000, 22.000000, 10.000000, -75.000000, -525.000000
8.150000, 8.811163, -96.725327, 737.949341, 2.000000, -1.000000, 0.000000, -79.000000, -516.000000
8.200000, 23.737230, -95.978172, 718.079346, -25.000000, 28.000000, -25.000000, -78.000000, -513.000000
8.250000, 61.590126, -99.036385, 714.127991, -8.000000, 14.000000, -9.000000, -82.000000, -514.000000
8.300000, 32.565132, -97.626213, 731.507690, -2.000000, 10.000000, -4.000000, -82.000000, -519.000000
8.350000, 44.375233, -98.984383, 717.350647, 14.000000, -21.000000, -5.000000, -75.000000, -528.000000
8.400000, 45.443188, -97.564079, 733.932556, 0.000000, -5.000000, -11.000000, -73.000000, -520.000000
8.450000, 38.633034, -95.491234, 719.565125, -5.000000, 14.000000, -20.000000, -76.000000, -517.000000
8.500000, 32.739616, -101.433517, 714.017395, 11.000000, -16.000000, -7.000000, -84.000000, -520.000000
8.550000, 10.871531, -99.782990, 736.986084, -2.000000, 7.000000, -1.000000, -79.000000, -516.000000
8.600000, 35.049301, -95.331665, 721.228394, -2.000000, 7.000000, -18.000000, -79.000000, -525.000000
8.650000, 38.783623, -99.954407, 721.173462, -2.000000, 2.000000, 2.000000, -69.000000, -514.000000
8.700000, 41.270241, -99.017227, 719.707092, -8.000000, 3.000000, -11.000000, -76.000000, -522.000000
8.750000, 36.302788, -96.145370, 724.801453, 15.000000, -21.000000, -7.000000, -72.000000, -519.000000
8.800000, 5.405142, -100.951141, 734.032104, -11.000000, -9.000000, -26.000000, -67.000000, -519.000000
8.850000, 40.881111, -101.282967, 718.102783, -5.000000, 4.000000, 4.000000, -79.000000, -514.000000
8.900000, 48.652447, -97.823997, 727.396301, 6.000000, 0.000000, -4.000000, -79.000000, -510.000000
8.950000, 29.156790, -98.385231, 721.000244, -26.000000, 17.000000, -3.000000, -79.000000, -523.000000
9.000000, 37.106319, -99.429550, 715.408203, 18.000000, -11.000000, -10.000000, -79.000000, -513.000000
9.050000, 26.333147, -100.270523, 726.502563, -12.000000, 9.000000, 12.000000, -85.000000, -510.000000
9.100000, 26.681181, -99.933250, 710.757385, 2.000000, -23.000000, -13.000000, -76.000000, -514.000000
9.150000, 22.305611, -98.139168, 727.221375, 1.000000, -7.000000, -4.000000, -73.000000, -522.000000
9.200000, 36.038319, -98.922081, 736.089355, 2.000000, -11.000000, -21.000000, -79.000000, -516.000000
9.250000, 33.796989, -100.818848, 711.023438, 0.000000, -2.000000, 13.000000, -82.000000, -516.000000
9.300000, 12.591654, -99.338066, 718.763794, 0.000000, 10.000000, -38.000000, -79.000000, -522.000000
