Sample Time, Accel_x, Accel_y, Accel_z, Gyro_x, Gyro_y, Gyro_z, Magneto_x, Magneto_y, Magneto_z
0.000000, -1.467811, -88.068657, 289.452301, 30.000000, -16.000000, -8.000000, -3.000000, -483.000000
0.050000, -0.732726, -252.979843, 845.637451, 20.000000, -6.000000, 18.000000, 6.000000, -486.000000
0.100000, 2.508621, -245.565048, 849.826782, -15.000000, -6.000000, -21.000000, 7.000000, -477.000000
0.150000, -8.252641, -168.878540, 564.441101, -3.000000, -23.000000, 0.000000, 0.000000, -489.000000
0.200000, -15.333742, -232.703339, 706.761047, -11.000000, 2.000000, -23.000000, 3.000000, -492.000000
0.250000, -9.372109, -231.088577, 732.026306, -5.000000, 2.000000, -2.000000, -4.000000, -480.000000
0.300000, -7.937430, -196.326477, 658.833435, -9.000000, 4.000000, -2.000000, 4.000000, -478.000000
0.350000, 5.247180, -225.586990, 729.349609, 2.000000, -14.000000, -21.000000, 1.000000, -483.000000
0.400000, -0.617813, -213.635422, 681.462830, 7.000000, -2.000000, -6.000000, 4.000000, -481.000000
0.450000, -6.458801, -217.708725, 702.379883, 0.000000, -12.000000, -28.000000, -6.000000, -490.000000
0.500000, 16.515846, -213.952759, 702.697937, -1.000000, -7.000000, 13.000000, 0.000000, -486.000000
0.550000, -0.148097, -206.248840, 682.515015, -4.000000, -19.000000, -14.000000, 0.000000, -489.000000
0.600000, -3.000425, -222.585876, 729.017395, -18.000000, 2.000000, -19.000000, 1.000000, -490.000000
0.650000, 12.160667, -211.387589, 672.481750, -16.000000, -10.000000, -11.000000, -1.000000, -483.000000
0.700000, -13.114020, -225.984680, 695.247925, 4.000000, -14.000000, 11.000000, 4.000000, -492.000000
0.750000, -9.444862, -221.478455, 705.622803, -5.000000, -4.000000, -14.000000, 12.000000, -484.000000
0.800000, 4.070944, -205.862518, 678.891907, -8.000000, 0.000000, 23.000000, -3.000000, -481.000000
0.850000, -5.357700, -226.220932, 725.346680, -13.000000, 7.000000, 40.000000, 12.000000, -483.000000
0.900000, -20.771252, -228.462738, 669.854370, -11.000000, -11.000000, 10.000000, 3.000000, -490.000000
0.950000, -30.054615, -234.219604, 671.332642, -2.000000, -4.000000, -10.000000, 1.000000, -484.000000
1.000000, -13.300022, -222.844620, 702.445862, -9.000000, 2.000000, -7.000000, 9.000000, -484.000000
1.050000, -5.838480, -216.614929, 667.546631, 6.000000, -10.000000, -22.000000, 4.000000, -487.000000
1.100000, 7.385139, -230.952911, 705.889648, 0.000000, 13.000000, 5.000000, 4.000000, -483.000000
1.150000, 14.424280, -215.989853, 692.197510, -6.000000, -2.000000, -14.000000, 3.000000, -481.000000
1.200000, 0.005282, -222.094543, 686.339417, 12.000000, -7.000000, 28.000000, 1.000000, -487.000000
1.250000, 4.942006, -224.295288, 712.495422, -4.000000, 0.000000, 0.000000, 7.000000, -484.000000
1.300000, -17.860687, -218.828842, 677.811340, -5.000000, 3.000000, 12.000000, 10.000000, -486.000000
1.350000, -16.659544, -229.882767, 703.228882, 3.000000, -5.000000, -45.000000, 6.000000, -487.000000
1.400000, 25.220430, -215.815887, 706.987915, 9.000000, -10.000000, -3.000000, 12.000000, -483.000000
1.450000, -12.992643, -222.126846, 686.448120, 20.000000, -16.000000, -1.000000, 10.000000, -489.000000
1.500000, -52.627136, -229.840302, 707.127686, 13.000000, -7.000000, 5.000000, 6.000000, -486.000000
1.550000, -17.578110, -220.423737, 690.769775, 2.000000, -1.000000, -4.000000, 9.000000, -480.000000
1.600000, 13.456202, -222.659286, 701.892273, 8.000000, -4.000000, -19.000000, 6.000000, -481.000000
1.650000, 1.243025, -213.842270, 707.237610, 14.000000, -21.000000, -1.000000, 4.000000, -481.000000
1.700000, -17.979574, -224.706665, 675.883911, -7.000000, -17.000000, -12.000000, 4.000000, -487.000000
1.750000, 1.285571, -226.149948, 682.688110, 28.000000, 10.000000, 1.000000, 12.000000, -478.000000
1.800000, 7.528813, -213.488800, 703.666321, 3.000000, 28.000000, -5.000000, 3.000000, -490.000000
1.850000, -4.724132, -224.230759, 726.399109, 7.000000, -7.000000, -16.000000, 7.000000, -487.000000
1.900000, 3.133006, -214.034668, 705.901611, -2.000000, -2.000000, 11.000000, 0.000000, -481.000000
1.950000, -3.893288, -215.623627, 675.460510, -3.000000, 0.000000, -19.000000, 7.000000, -486.000000
2.000000, -7.889011, -226.370636, 682.812805, 11.000000, -13.000000, -11.000000, 3.000000, -486.000000
2.050000, -16.402088, -218.332870, 677.902222, 21.000000, -9.000000, -25.000000, 10.000000, -487.000000
2.100000, -20.721029, -219.406021, 712.802612, 15.000000, -13.000000, -14.000000, -1.000000, -489.000000
2.150000, 4.394074, -210.850128, 719.272339, -2.000000, 4.000000, -1.000000, -3.000000, -487.000000
2.200000, -5.848340, -217.637085, 674.296021, 10.000000, -4.000000, -6.000000, 7.000000, -492.000000
2.250000, -8.441475, -224.081604, 695.650146, 0.000000, 7.000000, -9.000000, 3.000000, -484.000000
2.300000, 0.740852, -213.298004, 698.719666, 9.000000, 0.000000, -14.000000, 6.000000, -487.000000
2.350000, -6.878481, -221.327103, 699.086609, 17.000000, -11.000000, -18.000000, -1.000000, -481.000000
2.400000, 15.966581, -212.342987, 719.919922, 3.000000, -5.000000, 5.000000, 6.000000, -486.000000
2.450000, -1.982286, -212.792313, 691.644531, 3.000000, 6.000000, 2.000000, 0.000000, -489.000000
2.500000, -20.755983, -226.919434, 695.745361, -11.000000, 14.000000, -7.000000, 1.000000, -490.000000
2.550000, -0.624918, -213.433868, 700.690002, 5.000000, -14.000000, -13.000000, -4.000000, -486.000000
2.600000, -11.262205, -212.595551, 686.107849, -11.000000, 20.000000, 4.000000, 7.000000, -489.000000
2.650000, -11.608628, -221.213928, 704.269470, -3.000000, -37.000000, -60.000000, 7.000000, -486.000000
2.700000, -11.150947, -222.777298, 708.507202, -18.000000, 8.000000, -29.000000, 6.000000, -495.000000
2.750000, 13.037060, -213.832275, 689.812988, -4.000000, 12.000000, -25.000000, 7.000000, -489.000000
2.800000, 24.406620, -209.233337, 686.527710, 2.000000, 7.000000, -4.000000, 12.000000, -493.000000
2.850000, -16.204611, -224.317932, 727.909912, -5.000000, 0.000000, -11.000000, 3.000000, -495.000000
2.900000, 9.586786, -220.580017, 713.727051, 4.000000, 3.000000, -4.000000, 4.000000, -486.000000
2.950000, 12.743818, -218.016617, 664.117371, -7.000000, 13.000000, 2.000000, 9.000000, -490.000000
3.000000, -11.269531, -221.186539, 705.612793, 32.000000, -9.000000, -4.000000, 0.000000, -487.000000
3.050000, 19.060045, -209.923248, 702.326111, 9.000000, 14.000000, 4.000000, 10.000000, -484.000000
3.100000, 9.844731, -202.143906, 637.918884, 57.000000, 43.000000, 15.000000, 3.000000, -480.000000
3.150000, 38.656448, -170.578323, 579.744995, 100.000000, 131.000000, 12.000000, 6.000000, -484.000000
3.200000, 208.758255, -105.568245, 453.136597, 355.000000, 310.000000, 43.000000, -12.000000, -469.000000
3.250000, 463.560364, -28.699263, 475.076782, 663.000000, 399.000000, 734.000000, -27.000000, -463.000000
3.300000, 469.617706, -4.960747, 884.482788, 658.000000, 413.000000, 1316.000000, -60.000000, -441.000000
3.350000, 44.609322, -69.719910, 1313.152954, 65.000000, 387.000000, 1288.000000, -69.000000, -412.000000
3.400000, -475.557709, -137.515533, 1391.821777, -353.000000, 119.000000, 1420.000000, -61.000000, -373.000000
3.450000, -908.424316, -168.619232, 1338.984009, -824.000000, -84.000000, 816.000000, -33.000000, -354.000000
3.500000, -1019.912231, -120.063560, 1129.897095, -1359.000000, 161.000000, 90.000000, -4.000000, -339.000000
3.550000, -819.228638, -11.983526, 637.466309, -1264.000000, 91.000000, -652.000000, 27.000000, -345.000000
3.600000, -732.357666, 14.159980, 285.191040, -1043.000000, 148.000000, -1109.000000, 61.000000, -354.000000
3.650000, -568.707336, 17.926983, 213.600189, -681.000000, 218.000000, -1340.000000, 66.000000, -394.000000
3.700000, -242.735672, 52.535870, 196.041229, -364.000000, 436.000000, -1576.000000, 73.000000, -441.000000
3.750000, -2.672691, 31.677132, 164.632843, 31.000000, 550.000000, -1369.000000, 60.000000, -471.000000
3.800000, 138.942520, -4.497227, 159.311310, 435.000000, 575.000000, -1308.000000, 49.000000, -526.000000
3.850000, 313.743561, -13.819443, 248.450623, 826.000000, 483.000000, -1164.000000, 43.000000, -565.000000
3.900000, 599.103699, -11.564908, 408.822113, 1227.000000, 340.000000, -733.000000, 19.000000, -603.000000
3.950000, 589.162720, -43.494514, 621.848389, 1106.000000, 214.000000, -452.000000, -10.000000, -631.000000
4.000000, 553.331055, -40.922543, 794.967529, 1443.000000, -47.000000, 298.000000, -48.000000, -643.000000
4.050000, 646.492188, -1.434399, 1086.524170, 1070.000000, -118.000000, 496.000000, -109.000000, -625.000000
4.100000, 301.517792, -72.930771, 1344.658691, 724.000000, -293.000000, 623.000000, -159.000000, -603.000000
4.150000, 139.171631, -61.722240, 939.941040, 260.000000, 97.000000, 873.000000, -174.000000, -592.000000
4.200000, 135.717285, 21.792732, 712.073303, 577.000000, -317.000000, 848.000000, -189.000000, -580.000000
4.250000, -137.198578, 19.851032, 981.579102, 236.000000, 145.000000, 1119.000000, -181.000000, -559.000000
4.300000, -302.809967, 7.947952, 862.529114, 51.000000, -49.000000, 637.000000, -175.000000, -543.000000
4.350000, -531.112915, -120.385765, 793.069946, -158.000000, 90.000000, 262.000000, -169.000000, -531.000000
4.400000, -373.905792, -110.086205, 723.174988, -33.000000, 55.000000, -51.000000, -165.000000, -534.000000
4.450000, 31.365372, 70.976692, 623.792725, -18.000000, 30.000000, -136.000000, -159.000000, -537.000000
4.500000, 5.660576, 44.414551, 808.381714, -5.000000, 43.000000, -21.000000, -162.000000, -534.000000
4.550000, 12.383430, -12.529499, 697.621460, -5.000000, -40.000000, -93.000000, -165.000000, -537.000000
4.600000, 22.538013, -12.675638, 697.195251, -36.000000, 15.000000, -29.000000, -162.000000, -531.000000
4.650000, 14.333466, 4.270748, 771.486023, -12.000000, -11.000000, -30.000000, -168.000000, -529.000000
4.700000, 16.631348, 6.993248, 671.477173, -42.000000, 57.000000, -7.000000, -165.000000, -532.000000
4.750000, -64.516510, -47.380440, 787.336670, 2.000000, 5.000000, 9.000000, -159.000000, -528.000000
4.800000, 39.280121, 11.282036, 693.452515, -44.000000, 9.000000, -98.000000, -163.000000, -532.000000
4.850000, 44.935688, 29.748070, 673.607056, -19.000000, 7.000000, 56.000000, -151.000000, -525.000000
4.900000, -20.425060, -24.069939, 756.995056, -44.000000, -7.000000, -18.000000, -154.000000, -531.000000
4.950000, 12.325161, -5.557531, 637.028687, -5.000000, -11.000000, 18.000000, -151.000000, -528.000000
5.000000, -9.878826, -16.865923, 712.526855, -21.000000, 21.000000, 11.000000, -159.000000, -520.000000
5.050000, -10.854424, -10.289875, 708.069214, 21.000000, -12.000000, 19.000000, -151.000000, -529.000000
5.100000, -39.545898, -2.531816, 715.228149, -3.000000, -1.000000, -3.000000, -159.000000, -528.000000
5.150000, 2.749535, -12.100479, 779.630737, -21.000000, -12.000000, -22.000000, -151.000000, -529.000000
5.200000, 45.696068, 10.912790, 688.052734, -32.000000, -17.000000, 35.000000, -154.000000, -538.000000
5.250000, -50.341682, -18.535404, 742.492615, -11.000000, -29.000000, -4.000000, -153.000000, -535.000000
5.300000, -39.479427, -27.489414, 697.742981, -14.000000, -14.000000, -6.000000, -148.000000, -525.000000
5.350000, 6.548212, -3.536829, 668.561340, -16.000000, 16.000000, -15.000000, -150.000000, -528.000000
5.400000, 1.593397, -13.715431, 775.587646, 7.000000, 8.000000, -17.000000, -162.000000, -532.000000
5.450000, 12.149466, -9.267805, 723.531616, -3.000000, -5.000000, -7.000000, -153.000000, -531.000000
5.500000, -2.591593, -9.956705, 736.213135, 19.000000, -2.000000, 4.000000, -144.000000, -528.000000
5.550000, -2.689180, -8.047199, 722.239990, -5.000000, -4.000000, 9.000000, -159.000000, -534.000000
5.600000, -9.066333, -8.078753, 702.524841, 2.000000, -5.000000, 9.000000, -159.000000, -534.000000
5.650000, 4.314020, -17.566275, 760.263550, -2.000000, -12.000000, -13.000000, -147.000000, -543.000000
5.700000, 17.616079, -6.862903, 719.661255, 24.000000, -20.000000, 7.000000, -154.000000, -538.000000
5.750000, -15.879808, -13.792450, 761.032715, 15.000000, -19.000000, -7.000000, -151.000000, -537.000000
5.800000, 0.564810, -9.460566, 755.396973, -8.000000, 0.000000, 4.000000, -159.000000, -541.000000
5.850000, 8.610991, -1.913412, 696.259277, -14.000000, -6.000000, -2.000000, -156.000000, -532.000000
5.900000, -7.371931, -18.854975, 742.268555, 0.000000, -24.000000, -7.000000, -157.000000, -537.000000
5.950000, 16.659704, -7.347117, 715.940857, -11.000000, -9.000000, -26.000000, -153.000000, -534.000000
6.000000, 17.942841, -5.554748, 704.450317, -33.000000, -2.000000, 33.000000, -154.000000, -540.000000
6.050000, 7.844763, -19.004120, 718.274231, -7.000000, 14.000000, -9.000000, -147.000000, -546.000000
6.100000, 23.742374, -14.350470, 712.901672, -25.000000, 1.000000, 4.000000, -142.000000, -531.000000
6.150000, 15.411141, -11.777451, 742.830627, 0.000000, -2.000000, 2.000000, -153.000000, -537.000000
6.200000, -15.661274, -8.285979, 737.815918, 25.000000, -18.000000, -16.000000, -162.000000, -534.000000
6.250000, 8.666639, -12.564109, 734.252502, 5.000000, -14.000000, -8.000000, -153.000000, -537.000000
6.300000, 32.110817, -11.191435, 721.354797, 7.000000, 7.000000, 20.000000, -151.000000, -535.000000
6.350000, 4.100133, -4.638675, 729.430725, 10.000000, 0.000000, 2.000000, -154.000000, -535.000000
6.400000, 9.740756, -11.385383, 753.742004, 6.000000, -4.000000, -2.000000, -151.000000, -535.000000
6.450000, 13.844674, -7.731751, 707.082275, -4.000000, -7.000000, -1.000000, -148.000000, -534.000000
6.500000, -4.031881, -9.230715, 713.825500, 4.000000, -9.000000, 4.000000, -151.000000, -541.000000
6.550000, -5.522858, -16.759884, 742.806458, 0.000000, -2.000000, -9.000000, -156.000000, -537.000000
6.600000, -0.407048, -8.048011, 716.833130, -2.000000, 10.000000, -11.000000, -153.000000, -540.000000
6.650000, 17.536253, -3.898401, 718.323853, -12.000000, 13.000000, -13.000000, -160.000000, -540.000000
6.700000, 3.001291, -9.522676, 731.827332, 22.000000, -10.000000, -12.000000, -150.000000, -532.000000
6.750000, -8.378353, -10.740923, 732.829468, -25.000000, 7.000000, -40.000000, -157.000000, -537.000000
6.800000, 24.250353, -5.398175, 714.649536, 9.000000, -5.000000, -13.000000, -160.000000, -532.000000
6.850000, 26.991396, -7.014685, 732.259644, -9.000000, 5.000000, -37.000000, -154.000000, -537.000000
6.900000, 7.600708, -14.601606, 759.445435, 2.000000, -9.000000, 1.000000, -151.000000, -526.000000
6.950000, 2.525020, -11.411509, 719.284546, -2.000000, 2.000000, -18.000000, -153.000000, -535.000000
7.000000, 7.774952, -7.331362, 721.601501, 0.000000, 0.000000, 4.000000, -150.000000, -537.000000
7.050000, 9.036814, -12.225437, 732.300598, 0.000000, -6.000000, -4.000000, -159.000000, -532.000000
7.100000, 3.776286, -15.912550, 719.834229, 5.000000, -5.000000, 9.000000, -151.000000, -540.000000
7.150000, 1.254117, -11.236727, 743.164185, 8.000000, -13.000000, -16.000000, -150.000000, -540.000000
7.200000, 8.705893, -5.377558, 729.160645, 11.000000, -17.000000, -9.000000, -150.000000, -537.000000
7.250000, 29.614084, -8.046036, 733.700684, 3.000000, 10.000000, -18.000000, -153.000000, -540.000000
7.300000, 21.205807, -10.548124, 748.058350, 8.000000, 10.000000, 4.000000, -150.000000, -544.000000
7.350000, 1.626131, -9.616106, 718.255981, -12.000000, 7.000000, -21.000000, -154.000000, -535.000000
7.400000, 16.207401, -11.961733, 733.302002, 5.000000, 10.000000, -25.000000, -157.000000, -538.000000
7.450000, 27.860537, -8.304382, 746.723022, -8.000000, 17.000000, -14.000000, -160.000000, -534.000000
7.500000, 13.930364, -5.004771, 729.988037, 21.000000, -5.000000, -13.000000, -160.000000, -534.000000
7.550000, 6.421083, -11.639872, 729.897217, 7.000000, 9.000000, -7.000000, -151.000000, -534.000000
7.600000, 9.372835, -13.198386, 733.735962, 4.000000, -5.000000, -9.000000, -151.000000, -532.000000
7.650000, -12.924598, -13.261320, 728.931641, -15.000000, -5.000000, -45.000000, -157.000000, -538.000000
7.700000, -10.197218, -12.644650, 724.937988, 3.000000, -8.000000, -19.000000, -159.000000, -540.000000
7.750000, 21.673824, -5.986010, 736.940186, 1.000000, -15.000000, -35.000000, -151.000000, -543.000000
7.800000, 21.329475, -4.264821, 729.695862, 14.000000, -11.000000, -5.000000, -165.000000, -541.000000
7.850000, -5.697447, -8.160713, 735.773987, 30.000000, 29.000000, 28.000000, -162.000000, -540.000000
7.900000, -38.309151, -18.319134, 747.567993, -3.000000, 10.000000, -32.000000, -159.000000, -540.000000
7.950000, 14.277260, -15.566188, 710.853760, 14.000000, -21.000000, -30.000000, -153.000000, -538.000000
8.000000, 53.427364, -1.956489, 731.050293, -14.000000, -3.000000, 6.000000, -154.000000, -540.000000
8.050000, -13.779249, -10.457880, 751.305237, -11.000000, 0.000000, -2.000000, -157.000000, -541.000000
8.100000, -6.745003, -15.344019, 710.162170, 2.000000, -9.000000, 7.000000, -154.000000, -540.000000
8.150000, 10.272720, -9.923421, 725.038574, -9.000000, -6.000000, -1.000000, -157.000000, -537.000000
8.200000, 0.192753, -11.880422, 738.185364, -2.000000, -21.000000, -16.000000, -160.000000, -544.000000
8.250000, 37.285168, -9.184065, 724.900818, -2.000000, -26.000000, -8.000000, -153.000000, -553.000000
8.300000, 18.736650, -11.676291, 720.895081, 3.000000, -4.000000, -8.000000, -151.000000, -538.000000
8.350000, 10.664593, -12.075912, 713.224976, -12.000000, -4.000000, -1.000000, -157.000000, -546.000000
8.400000, 19.646460, -8.581183, 731.503174, 0.000000, -9.000000, 2.000000, -156.000000, -538.000000
8.450000, -3.277344, -13.443398, 735.075745, -1.000000, -22.000000, -20.000000, -154.000000, -537.000000
8.500000, 15.185583, -10.924255, 722.664001, -23.000000, -8.000000, -1.000000, -156.000000, -552.000000
8.550000, 8.030779, -10.999532, 725.225891, 17.000000, -28.000000, 2.000000, -150.000000, -544.000000
8.600000, -3.716873, -14.753799, 733.112610, 2.000000, -4.000000, 3.000000, -147.000000, -544.000000
8.650000, 25.265440, -12.220629, 731.879456, -5.000000, 7.000000, -24.000000, -160.000000, -540.000000
8.700000, 15.819952, -15.335526, 727.959595, 0.000000, -3.000000, -7.000000, -156.000000, -544.000000
8.750000, 12.253403, -14.544386, 753.108337, 2.000000, -14.000000, -8.000000, -150.000000, -547.000000
8.800000, 40.429356, -9.861506, 738.590942, -18.000000, 9.000000, -7.000000, -154.000000, -546.000000
8.850000, 33.738979, -11.749730, 713.531921, 17.000000, -9.000000, 0.000000, -151.000000, -543.000000
8.900000, 7.911840, -16.796753, 738.773499, 14.000000, -15.000000, -7.000000, -153.000000, -544.000000
8.950000, 10.922230, -19.615324, 744.467285, 16.000000, -16.000000, 6.000000, -157.000000, -550.000000
9.000000, 27.092150, -10.008429, 747.680054, 0.000000, -14.000000, -33.000000, -157.000000, -543.000000
9.050000, 24.698032, -5.648232, 731.172058, 2.000000, -23.000000, -7.000000, -150.000000, -544.000000
9.100000, 6.708301, -18.374340, 718.759216, -9.000000, 6.000000, -9.000000, -157.000000, -547.000000
9.150000, 17.210583, -19.828199, 753.438843, 32.000000, -21.000000, -2.000000, -151.000000, -546.000000
9.200000, 50.323765, -11.925657, 743.488953, -23.000000, 11.000000, 9.000000, -153.000000, -550.000000
9.250000, 29.960110, -16.032089, 717.713379, 8.000000, -4.000000, -2.000000, -159.000000, -543.000000
9.300000, 13.680237, -19.523115, 712.464783, 6.000000, 17.000000, 16.000000, -153.000000, -537.000000
9.350000, 25.221733, -20.267609, 734.501099, 2.000000, 30.000000, 2.000000, -153.000000, -543.000000
