Sample Time, Accel_x, Accel_y, Accel_z, Gyro_x, Gyro_y, Gyro_z, Magneto_x, Magneto_y, Magneto_z
0.000000, -24.072098, -141.790543, 258.628296, 29.000000, -51.000000, -9.000000, 51.000000, -451.000000
0.050000, -49.533951, -409.904388, 769.482910, 18.000000, -40.000000, -13.000000, 52.000000, -456.000000
0.100000, -10.149010, -399.380035, 788.272888, -21.000000, -2.000000, -23.000000, 48.000000, -453.000000
0.150000, 1.974190, -261.159912, 520.300476, -5.000000, -17.000000, -11.000000, 55.000000, -460.000000
0.200000, -50.636940, -348.975433, 636.718872, 40.000000, -51.000000, -2.000000, 54.000000, -459.000000
0.250000, -36.542412, -352.728149, 658.994446, -4.000000, 3.000000, 4.000000, 49.000000, -457.000000
0.300000, -5.518475, -302.746155, 609.115723, 18.000000, -13.000000, -38.000000, 42.000000, -456.000000
0.350000, -18.365793, -349.134521, 696.768677, -6.000000, -25.000000, -17.000000, 46.000000, -451.000000
0.400000, -22.126709, -326.687866, 629.580688, -12.000000, 3.000000, -7.000000, 55.000000, -451.000000
0.450000, -38.968056, -336.381042, 650.210449, 11.000000, -9.000000, -3.000000, 51.000000, -456.000000
0.500000, -64.350792, -345.010010, 671.565002, -22.000000, 0.000000, 9.000000, 45.000000, -454.000000
0.550000, -47.258862, -325.523865, 608.585571, -7.000000, 7.000000, -46.000000, 48.000000, -457.000000
0.600000, -8.534777, -343.511139, 659.559326, 2.000000, -4.000000, -29.000000, 54.000000, -453.000000
0.650000, -20.060232, -325.478882, 636.490295, -23.000000, 11.000000, -11.000000, 54.000000, -457.000000
0.700000, -15.407726, -333.685852, 622.975830, -16.000000, 16.000000, -11.000000, 48.000000, -457.000000
0.750000, 1.749413, -339.425110, 652.732971, -16.000000, 16.000000, 11.000000, 48.000000, -457.000000
0.800000, -46.360229, -332.016418, 631.685913, -3.000000, 0.000000, 1.000000, 49.000000, -454.000000
0.850000, -17.311733, -341.637207, 632.086670, -11.000000, -14.000000, -31.000000, 48.000000, -457.000000
0.900000, -8.109520, -323.925690, 625.890015, 13.000000, -8.000000, 19.000000, 54.000000, -454.000000
0.950000, -60.731918, -340.269196, 659.706665, 9.000000, 13.000000, -58.000000, 52.000000, -454.000000
1.000000, -0.330111, -337.088928, 673.423767, 16.000000, 14.000000, -42.000000, 57.000000, -462.000000
1.050000, -4.132725, -322.335907, 645.743652, 0.000000, 30.000000, -35.000000, 48.000000, -459.000000
1.100000, -31.040764, -341.615997, 658.834412, 4.000000, 21.000000, -2.000000, 52.000000, -454.000000
1.150000, 2.528721, -324.061493, 643.295349, -1.000000, 21.000000, -49.000000, 46.000000, -459.000000
1.200000, -29.508059, -330.118896, 633.841675, 25.000000, 10.000000, -3.000000, 46.000000, -457.000000
1.250000, -10.482264, -331.790283, 641.842285, 40.000000, 7.000000, -72.000000, 45.000000, -457.000000
1.300000, -1.724728, -315.247070, 654.167664, 50.000000, 11.000000, -17.000000, 40.000000, -457.000000
1.350000, -21.364929, -331.558777, 692.458496, 28.000000, 17.000000, -59.000000, 45.000000, -451.000000
1.400000, -9.870583, -319.069305, 671.753052, 13.000000, -11.000000, -22.000000, 49.000000, -462.000000
1.450000, -44.807121, -320.595581, 639.440552, -2.000000, -6.000000, -58.000000, 45.000000, -466.000000
1.500000, 2.962791, -325.056824, 667.549927, 26.000000, -16.000000, -12.000000, 45.000000, -469.000000
1.550000, 30.205715, -311.697876, 683.916870, -3.000000, -11.000000, 14.000000, 42.000000, -462.000000
1.600000, -28.518665, -330.052429, 660.611694, -2.000000, 13.000000, -5.000000, 45.000000, -465.000000
1.650000, -10.724985, -325.337280, 641.491272, -14.000000, 0.000000, 1.000000, 54.000000, -468.000000
1.700000, -30.400393, -323.556091, 653.442261, 11.000000, 14.000000, 1.000000, 51.000000, -463.000000
1.750000, -44.759666, -328.567963, 657.083984, -19.000000, 7.000000, 2.000000, 49.000000, -465.000000
1.800000, -12.312294, -309.522552, 631.346069, -2.000000, 47.000000, 14.000000, 49.000000, -463.000000
1.850000, -22.950768, -305.741150, 605.895264, 17.000000, 91.000000, -32.000000, 40.000000, -457.000000
1.900000, 49.722790, -253.921875, 496.903656, 126.000000, 137.000000, -110.000000, 48.000000, -453.000000
1.950000, 429.555817, -118.350525, 309.601868, 353.000000, 662.000000, 243.000000, 39.000000, -454.000000
2.000000, 845.914917, -44.923126, 442.401794, 973.000000, 101.000000, 1206.000000, 13.000000, -426.000000
2.050000, 360.864258, -171.534164, 1104.581909, 404.000000, 793.000000, 1643.000000, -7.000000, -387.000000
2.100000, -502.091064, -289.899567, 1620.734863, -519.000000, 273.000000, 1562.000000, -18.000000, -355.000000
2.150000, -763.820557, -252.995300, 1335.265869, -1047.000000, 22.000000, 1015.000000, 19.000000, -315.000000
2.200000, -1110.448486, -241.456406, 832.898438, -1207.000000, 22.000000, 316.000000, 36.000000, -306.000000
2.250000, -1271.948730, -168.772415, 689.485413, -1302.000000, 122.000000, -463.000000, 55.000000, -310.000000
2.300000, -924.889160, -28.439911, 487.121185, -954.000000, 156.000000, -1131.000000, 75.000000, -328.000000
2.350000, -697.596313, 46.747940, 137.621078, -696.000000, 223.000000, -1415.000000, 91.000000, -361.000000
2.400000, -360.616913, 141.674789, -94.858116, -215.000000, 396.000000, -1558.000000, 90.000000, -415.000000
2.450000, -67.341019, 137.886292, -107.722664, 310.000000, 571.000000, -1374.000000, 81.000000, -465.000000
2.500000, 141.873001, 44.453201, 70.535072, 697.000000, 642.000000, -1197.000000, 69.000000, -505.000000
2.550000, 446.167053, 22.505817, 199.504547, 1180.000000, 433.000000, -1459.000000, 48.000000, -549.000000
2.600000, 656.222839, 6.992444, 415.500305, 1439.000000, 211.000000, -607.000000, 40.000000, -576.000000
2.650000, 810.751526, -54.474060, 779.133667, 1302.000000, 541.000000, 63.000000, 37.000000, -603.000000
2.700000, 684.244873, -153.560226, 1120.016479, 1246.000000, -286.000000, 383.000000, 25.000000, -606.000000
2.750000, 499.985718, -173.035675, 1315.263428, 984.000000, -317.000000, 914.000000, -16.000000, -556.000000
2.800000, 385.811584, -174.719009, 1225.779541, 735.000000, -462.000000, 791.000000, -84.000000, -558.000000
2.850000, 146.304504, -245.386444, 1266.079712, 257.000000, -646.000000, 610.000000, -100.000000, -550.000000
2.900000, 104.284889, -84.692207, 1132.217285, -158.000000, -70.000000, 743.000000, -109.000000, -552.000000
2.950000, 151.026398, 128.237228, 612.469238, 359.000000, -380.000000, 984.000000, -102.000000, -534.000000
3.000000, -424.841858, -60.003838, 691.408691, -28.000000, -69.000000, 1000.000000, -81.000000, -513.000000
3.050000, -984.035583, -245.328247, 855.462769, 31.000000, -231.000000, 148.000000, -82.000000, -516.000000
3.100000, -224.546295, -87.230301, 642.709045, 37.000000, -82.000000, -37.000000, -84.000000, -522.000000
3.150000, 264.459198, 9.092648, 696.835571, 92.000000, 31.000000, 130.000000, -82.000000, -517.000000
3.200000, -143.666885, -75.642372, 734.241516, 70.000000, 73.000000, -108.000000, -84.000000, -516.000000
3.250000, 12.406410, -119.488419, 772.650452, 9.000000, 63.000000, -3.000000, -87.000000, -511.000000
3.300000, 35.123688, -87.997765, 794.653931, -8.000000, 28.000000, -100.000000, -87.000000, -523.000000
3.350000, 70.687653, -53.355095, 655.259155, -11.000000, -32.000000, -202.000000, -91.000000, -513.000000
3.400000, 178.252991, -78.107887, 706.840698, 60.000000, -14.000000, 70.000000, -97.000000, -519.000000
3.450000, -121.129425, -92.506767, 726.269470, -70.000000, 58.000000, -137.000000, -88.000000, -522.000000
3.500000, 78.003845, -75.564949, 728.941040, 33.000000, -35.000000, -15.000000, -90.000000, -522.000000
3.550000, 110.825241, -81.899307, 759.956238, -2.000000, 14.000000, -130.000000, -96.000000, -528.000000
3.600000, -34.267151, -77.402306, 708.360229, 30.000000, -25.000000, 37.000000, -91.000000, -525.000000
3.650000, 112.083725, -77.674797, 728.785767, -9.000000, 9.000000, -60.000000, -93.000000, -525.000000
3.700000, -1.239571, -85.177322, 682.456909, 2.000000, 43.000000, 25.000000, -97.000000, -523.000000
3.750000, 18.942631, -83.861076, 704.624390, -12.000000, 14.000000, 54.000000, -90.000000, -526.000000
3.800000, -4.666611, -82.896721, 724.661255, -9.000000, 35.000000, 0.000000, -93.000000, -516.000000
3.850000, -26.280685, -77.748001, 669.203674, 26.000000, -26.000000, 2.000000, -90.000000, -525.000000
3.900000, 108.953033, -77.894104, 773.660034, -21.000000, 31.000000, -61.000000, -94.000000, -522.000000
3.950000, 0.575294, -75.046181, 753.663879, 2.000000, -10.000000, -19.000000, -97.000000, -522.000000
4.000000, 52.294559, -86.048256, 711.727539, -50.000000, 70.000000, -46.000000, -91.000000, -526.000000
4.050000, 71.978836, -87.752022, 749.450134, -45.000000, 42.000000, -34.000000, -93.000000, -517.000000
4.100000, -18.046265, -74.630646, 696.397583, 3.000000, -27.000000, 0.000000, -93.000000, -526.000000
4.150000, 28.091179, -88.047272, 723.022095, 1.000000, 2.000000, 11.000000, -97.000000, -523.000000
4.200000, 7.117729, -79.582146, 720.247009, 23.000000, -18.000000, -25.000000, -82.000000, -523.000000
4.250000, 61.747890, -78.179810, 722.760864, 8.000000, 7.000000, 12.000000, -96.000000, -520.000000
4.300000, 13.693748, -94.040627, 745.754150, 7.000000, 2.000000, -12.000000, -97.000000, -519.000000
4.350000, -13.613235, -77.014313, 689.992188, -14.000000, 37.000000, -3.000000, -96.000000, -520.000000
4.400000, 87.137032, -82.172409, 757.668091, 6.000000, -2.000000, -24.000000, -93.000000, -520.000000
4.450000, 9.004036, -85.083397, 769.332764, 3.000000, 13.000000, -14.000000, -85.000000, -526.000000
4.500000, 29.285488, -78.640465, 695.268921, 0.000000, 2.000000, -7.000000, -91.000000, -514.000000
4.550000, 30.519035, -90.850319, 727.336670, 23.000000, -7.000000, -1.000000, -93.000000, -520.000000
4.600000, -17.934105, -79.133545, 733.707458, -15.000000, 0.000000, 16.000000, -99.000000, -513.000000
4.650000, 41.774849, -85.233612, 710.567139, -2.000000, -7.000000, -44.000000, -88.000000, -528.000000
4.700000, -3.507721, -93.252274, 698.065552, -2.000000, 23.000000, -1.000000, -96.000000, -513.000000
4.750000, 25.034096, -76.463768, 732.477661, -6.000000, 26.000000, 0.000000, -96.000000, -519.000000
4.800000, 30.829987, -81.567886, 758.806824, 11.000000, -21.000000, -21.000000, -100.000000, -526.000000
4.850000, -6.550278, -81.530556, 718.326233, 8.000000, -12.000000, -13.000000, -96.000000, -519.000000
4.900000, 51.657085, -82.961716, 735.071533, -1.000000, 1.000000, -30.000000, -93.000000, -531.000000
4.950000, -12.729733, -84.509201, 735.952332, 14.000000, 14.000000, 9.000000, -88.000000, -526.000000
5.000000, 0.298794, -76.438019, 709.356323, -13.000000, 20.000000, -60.000000, -99.000000, -529.000000
5.050000, 75.087189, -81.570137, 720.520813, -6.000000, 21.000000, -2.000000, -97.000000, -519.000000
5.100000, 28.076023, -75.787827, 714.854370, -19.000000, 13.000000, 2.000000, -91.000000, -517.000000
5.150000, 6.485243, -80.256729, 720.740295, 1.000000, 18.000000, 16.000000, -90.000000, -522.000000
5.200000, 1.818817, -88.669235, 735.930969, 4.000000, 15.000000, -10.000000, -96.000000, -519.000000
5.250000, 23.799696, -81.086334, 748.027710, 18.000000, -2.000000, 9.000000, -93.000000, -525.000000
5.300000, 18.295208, -85.853760, 739.142883, 7.000000, 2.000000, 0.000000, -87.000000, -522.000000
5.350000, -0.989189, -87.849251, 729.264893, -4.000000, 30.000000, -11.000000, -96.000000, -523.000000
5.400000, 36.591862, -86.491371, 748.174561, 13.000000, -2.000000, -1.000000, -94.000000, -513.000000
5.450000, 25.110909, -81.158051, 731.921631, -13.000000, 25.000000, -9.000000, -96.000000, -514.000000
5.500000, 3.502697, -84.220810, 717.134094, 0.000000, -8.000000, 12.000000, -88.000000, -519.000000
5.550000, -7.154150, -94.090866, 719.734924, -18.000000, 21.000000, 14.000000, -96.000000, -517.000000
5.600000, 8.761574, -82.400726, 718.918457, 11.000000, 5.000000, -14.000000, -94.000000, -513.000000
5.650000, 44.110073, -83.438148, 732.561462, 8.000000, 21.000000, 4.000000, -90.000000, -511.000000
5.700000, 8.829758, -83.253746, 716.888611, -17.000000, 17.000000, -25.000000, -97.000000, -513.000000
5.750000, -9.996181, -83.027863, 702.493103, 4.000000, 3.000000, -11.000000, -93.000000, -514.000000
5.800000, 3.957153, -93.331749, 722.329163, 14.000000, -4.000000, -14.000000, -87.000000, -511.000000
5.850000, 28.637363, -76.584946, 736.651855, -4.000000, 21.000000, -9.000000, -96.000000, -511.000000
5.900000, 32.995224, -82.734909, 720.814392, -24.000000, 11.000000, 5.000000, -102.000000, -522.000000
5.950000, -20.121330, -93.039436, 696.015137, 4.000000, 24.000000, -10.000000, -94.000000, -513.000000
6.000000, 9.218603, -76.951942, 723.867249, 9.000000, -7.000000, -16.000000, -93.000000, -516.000000
6.050000, 45.040550, -83.470894, 746.052124, -28.000000, 7.000000, -7.000000, -96.000000, -513.000000
6.100000, 5.525726, -84.111435, 716.000000, -4.000000, 0.000000, -3.000000, -99.000000, -514.000000
6.150000, 7.023172, -82.853706, 722.735901, -28.000000, 8.000000, -1.000000, -97.000000, -513.000000
6.200000, 4.862616, -90.284409, 724.714172, -3.000000, 18.000000, 5.000000, -96.000000, -510.000000
6.250000, 10.419462, -86.561310, 704.761230, 5.000000, 24.000000, -40.000000, -91.000000, -513.000000
6.300000, 29.446224, -82.548523, 752.250244, 3.000000, -2.000000, 23.000000, -91.000000, -510.000000
6.350000, 1.148601, -80.030128, 745.412659, -8.000000, 14.000000, -13.000000, -96.000000, -513.000000
6.400000, 6.260180, -90.819016, 687.270630, 16.000000, -9.000000, -9.000000, -93.000000, -511.000000
6.450000, 20.624830, -90.630722, 735.501343, 0.000000, 14.000000, 10.000000, -88.000000, -516.000000
6.500000, -0.208267, -83.032692, 740.439758, 5.000000, -6.000000, -28.000000, -94.000000, -511.000000
6.550000, 11.529389, -86.378922, 686.160278, 15.000000, 5.000000, -2.000000, -93.000000, -514.000000
6.600000, 22.090714, -77.944847, 731.236145, 10.000000, 4.000000, 23.000000, -94.000000, -510.000000
6.650000, 2.939411, -85.586571, 753.819092, -9.000000, 11.000000, -19.000000, -94.000000, -507.000000
6.700000, 11.176762, -87.455627, 718.568115, 4.000000, -1.000000, -2.000000, -99.000000, -507.000000
6.750000, 23.447462, -76.604111, 725.190735, -19.000000, 0.000000, -22.000000, -88.000000, -516.000000
6.800000, -0.085692, -91.411697, 734.645020, 7.000000, -14.000000, 13.000000, -96.000000, -508.000000
6.850000, 5.394522, -88.806496, 737.140442, 9.000000, 2.000000, -35.000000, -93.000000, -508.000000
6.900000, 27.205946, -80.333412, 734.221741, 0.000000, 0.000000, 1.000000, -90.000000, -517.000000
6.950000, 4.684172, -86.011292, 718.897583, -8.000000, 7.000000, 1.000000, -88.000000, -511.000000
7.000000, 6.336119, -82.782898, 737.817017, 2.000000, -2.000000, -29.000000, -93.000000, -516.000000
7.050000, 1.609669, -88.974037, 736.546631, -18.000000, 12.000000, 22.000000, -97.000000, -510.000000
7.100000, -29.381252, -91.088760, 701.327332, 6.000000, -9.000000, -7.000000, -94.000000, -516.000000
7.150000, 15.759325, -82.743759, 720.872192, 0.000000, 19.000000, 28.000000, -87.000000, -522.000000
7.200000, 27.389891, -84.274857, 733.793579, -11.000000, 0.000000, -7.000000, -87.000000, -508.000000
7.250000, -11.118471, -87.583908, 712.791016, -7.000000, 3.000000, -11.000000, -87.000000, -513.000000
7.300000, 22.058386, -83.930923, 730.203308, 14.000000, -1.000000, -3.000000, -94.000000, -513.000000
7.350000, 23.539688, -81.156754, 732.725037, -18.000000, 1.000000, -35.000000, -94.000000, -513.000000
7.400000, -8.949374, -88.516548, 715.677307, 2.000000, -10.000000, 0.000000, -94.000000, -511.000000
7.450000, 4.845913, -85.903381, 736.183899, -4.000000, 0.000000, -2.000000, -91.000000, -516.000000
7.500000, 16.774780, -78.351944, 734.816956, 7.000000, -32.000000, -21.000000, -88.000000, -516.000000
7.550000, 4.486136, -86.806747, 712.515442, 7.000000, 4.000000, -3.000000, -100.000000, -510.000000
7.600000, -8.024921, -86.462967, 721.777588, -3.000000, 7.000000, -8.000000, -97.000000, -510.000000
7.650000, 14.740702, -82.415077, 722.816040, 6.000000, -1.000000, -14.000000, -91.000000, -519.000000
7.700000, 16.601646, -87.720650, 719.758606, -5.000000, -3.000000, -10.000000, -96.000000, -517.000000
7.750000, -6.439558, -83.411102, 718.972412, -25.000000, 7.000000, -9.000000, -93.000000, -514.000000
7.800000, 15.430540, -81.934784, 698.816895, -5.000000, 4.000000, -1.000000, -93.000000, -514.000000
7.850000, 12.291963, -91.198685, 707.554321, 9.000000, -7.000000, -32.000000, -100.000000, -514.000000
7.900000, 8.531012, -86.809242, 731.436340, 17.000000, -7.000000, -17.000000, -87.000000, -514.000000
7.950000, 27.923954, -78.395340, 733.176270, -16.000000, 9.000000, 7.000000, -96.000000, -517.000000
8.000000, 2.760394, -87.242889, 725.360291, -4.000000, 6.000000, -7.000000, -90.000000, -519.000000
8.050000, 12.174847, -85.774170, 716.583313, 7.000000, 2.000000, 2.000000, -96.000000, -513.000000
8.100000, 22.971449, -77.968903, 738.805725, 11.000000, 9.000000, 0.000000, -96.000000, -516.000000
8.150000, 2.707623, -87.310730, 744.775818, -23.000000, 4.000000, -33.000000, -91.000000, -513.000000
8.200000, 21.010525, -86.252907, 723.026489, 0.000000, -3.000000, 20.000000, -88.000000, -517.000000
8.250000, 5.386345, -84.013580, 737.271362, 7.000000, -7.000000, -16.000000, -91.000000, -516.000000
8.300000, -0.243635, -89.377747, 729.838135, 9.000000, 0.000000, 1.000000, -94.000000, -519.000000
8.350000, 28.466307, -81.697449, 726.107422, 4.000000, 13.000000, 0.000000, -91.000000, -510.000000
8.400000, 11.306171, -79.450203, 746.652588, -4.000000, 5.000000, 18.000000, -93.000000, -514.000000
8.450000, 5.495454, -85.027344, 712.097290, -7.000000, 0.000000, -28.000000, -90.000000, -508.000000
8.500000, 9.918320, -85.602859, 713.381165, 7.000000, 0.000000, 3.000000, -88.000000, -507.000000
8.550000, 7.600809, -82.676865, 739.625183, 5.000000, -14.000000, -21.000000, -93.000000, -507.000000
8.600000, 12.412309, -83.586266, 714.020508, -10.000000, 19.000000, 11.000000, -102.000000, -508.000000
8.650000, 12.528608, -87.043106, 724.232300, 4.000000, -9.000000, -28.000000, -94.000000, -516.000000
8.700000, 16.108902, -82.560600, 718.493408, -20.000000, 31.000000, -10.000000, -93.000000, -517.000000
8.750000, 0.442410, -84.029442, 682.424194, -15.000000, -7.000000, -23.000000, -100.000000, -517.000000
8.800000, 3.237143, -84.813156, 717.734619, 7.000000, 4.000000, -3.000000, -90.000000, -519.000000
8.850000, 19.029392, -80.016876, 743.755066, -10.000000, 0.000000, -14.000000, -88.000000, -519.000000
8.900000, -3.268350, -83.815918, 722.346680, -6.000000, 7.000000, 33.000000, -94.000000, -514.000000
8.950000, -6.897068, -84.448692, 719.233154, -7.000000, -2.000000, -20.000000, -87.000000, -523.000000
9.000000, 7.922290, -86.409622, 726.296753, 9.000000, -17.000000, 2.000000, -88.000000, -514.000000
9.050000, 16.214308, -85.989075, 729.857666, -11.000000, 28.000000, 28.000000, -97.000000, -511.000000
9.100000, 24.121098, -82.568359, 735.453796, -4.000000, 5.000000, 2.000000, -97.000000, -504.000000
9.150000, -2.469607, -90.047058, 741.036743, -44.000000, 13.000000, 26.000000, -88.000000, -516.000000
9.200000, -17.884289, -88.888382, 703.973999, -3.000000, 23.000000, 27.000000, -87.000000, -511.000000
9.250000, 22.803837, -85.299049, 693.479187, 16.000000, 9.000000, 17.000000, -94.000000, -511.000000
9.300000, 17.909742, -96.830643, 774.591187, -19.000000, 57.000000, 46.000000, -93.000000, -508.000000
9.350000, -30.030237, -106.088158, 756.900452, -64.000000, 1.000000, -2.000000, -90.000000, -513.000000
9.400000, -18.214319, -97.480957, 695.337036, -41.000000, -4.000000, 11.000000, -88.000000, -502.000000
9.450000, -6.997050, -85.880386, 721.830383, -42.000000, -7.000000, -48.000000, -87.000000, -519.000000
