Sample Time, Accel_x, Accel_y, Accel_z, Gyro_x, Gyro_y, Gyro_z, Magneto_x, Magneto_y, Magneto_z
0.000000, -15.265233, -199.035172, 235.436874, -6.000000, -3.000000, 2.000000, 16.000000, -376.000000
0.050000, -40.440605, -575.280701, 670.248169, -1.000000, -14.000000, -1.000000, 19.000000, -378.000000
0.100000, -29.196964, -563.702393, 636.770813, -2.000000, 5.000000, -11.000000, 25.000000, -369.000000
0.150000, -14.375965, -379.220123, 435.663910, 32.000000, -35.000000, -36.000000, 10.000000, -379.000000
0.200000, -27.278557, -506.474304, 611.017151, 18.000000, -11.000000, -35.000000, 18.000000, -375.000000
0.250000, -25.130747, -508.351868, 576.272461, 10.000000, -10.000000, -11.000000, 13.000000, -376.000000
0.300000, -28.979980, -441.607300, 496.738617, 15.000000, 3.000000, -22.000000, 18.000000, -373.000000
0.350000, -20.378067, -507.018921, 611.730591, 4.000000, -13.000000, 4.000000, 21.000000, -373.000000
0.400000, -4.873924, -471.605408, 536.362427, 6.000000, -13.000000, -18.000000, 27.000000, -379.000000
0.450000, -27.847204, -480.722748, 537.601257, -7.000000, -13.000000, 3.000000, 16.000000, -382.000000
0.500000, -12.192076, -482.087585, 556.023315, 3.000000, -27.000000, -10.000000, 24.000000, -382.000000
0.550000, 3.056631, -465.064270, 525.152466, 2.000000, -25.000000, -7.000000, 18.000000, -381.000000
0.600000, -28.325108, -500.692535, 592.210510, -4.000000, -4.000000, -20.000000, 15.000000, -382.000000
0.650000, -30.630478, -463.440155, 539.236023, -1.000000, -32.000000, 15.000000, 16.000000, -381.000000
0.700000, -27.716105, -484.817383, 533.139282, 3.000000, -2.000000, 3.000000, 21.000000, -378.000000
0.750000, -27.204166, -495.410004, 554.185364, 4.000000, -6.000000, -3.000000, 18.000000, -378.000000
0.800000, -16.807686, -470.180756, 525.081726, 15.000000, -2.000000, -11.000000, 22.000000, -379.000000
0.850000, -19.782326, -496.912537, 572.161377, 0.000000, -7.000000, -11.000000, 13.000000, -379.000000
0.900000, -20.975586, -471.072083, 542.417603, -2.000000, -16.000000, -13.000000, 15.000000, -375.000000
0.950000, -7.430576, -480.165039, 537.878174, -2.000000, -4.000000, -28.000000, 19.000000, -378.000000
1.000000, -17.931602, -490.656738, 556.002258, 0.000000, -17.000000, -10.000000, 16.000000, -376.000000
1.050000, -44.830189, -469.984100, 519.921082, 14.000000, -9.000000, -25.000000, 18.000000, -378.000000
1.100000, -1.319811, -487.142334, 549.386475, 28.000000, 1.000000, -14.000000, 16.000000, -381.000000
1.150000, 15.770664, -478.531189, 554.098022, -6.000000, 2.000000, -5.000000, 22.000000, -376.000000
1.200000, -36.495037, -488.856812, 555.054199, -2.000000, -2.000000, -10.000000, 15.000000, -373.000000
1.250000, -16.645767, -481.126160, 540.067261, 2.000000, 1.000000, -20.000000, 15.000000, -378.000000
1.300000, -3.130470, -466.828003, 520.116455, 16.000000, -2.000000, 5.000000, 19.000000, -375.000000
1.350000, -31.366089, -495.930298, 565.787537, 8.000000, -5.000000, -11.000000, 16.000000, -370.000000
1.400000, -24.479424, -478.307129, 534.678467, 11.000000, 0.000000, -16.000000, 24.000000, -384.000000
1.450000, -27.528824, -482.716125, 531.003967, 19.000000, -8.000000, -23.000000, 16.000000, -378.000000
1.500000, -15.327242, -492.853638, 571.254578, 15.000000, -4.000000, -1.000000, 18.000000, -376.000000
1.550000, -2.140977, -471.361816, 540.424316, 4.000000, 10.000000, -4.000000, 10.000000, -376.000000
1.600000, -34.408756, -486.142395, 539.539795, 3.000000, -7.000000, -18.000000, 24.000000, -379.000000
1.650000, -43.465954, -483.812653, 531.842590, 21.000000, -4.000000, -7.000000, 18.000000, -381.000000
1.700000, -13.904392, -483.241241, 541.479187, 14.000000, -14.000000, -28.000000, 16.000000, -384.000000
1.750000, 11.858528, -483.617218, 564.699219, 1.000000, 4.000000, -8.000000, 16.000000, -381.000000
1.800000, -20.711679, -474.768799, 535.705811, 11.000000, -11.000000, -4.000000, 22.000000, -375.000000
1.850000, -55.754814, -492.268982, 549.926636, -3.000000, -4.000000, -19.000000, 15.000000, -376.000000
1.900000, -18.742105, -479.590576, 547.134766, 4.000000, -14.000000, -12.000000, 16.000000, -381.000000
1.950000, -24.237217, -478.993896, 525.555298, 0.000000, -14.000000, -18.000000, 13.000000, -379.000000
2.000000, -29.596298, -487.126801, 542.901978, 5.000000, 4.000000, -23.000000, 18.000000, -369.000000
2.050000, 1.445053, -471.439270, 536.103699, 7.000000, 7.000000, -17.000000, 16.000000, -379.000000
2.100000, -33.057579, -490.406342, 540.332092, 12.000000, 5.000000, -7.000000, 16.000000, -379.000000
2.150000, -24.277550, -484.832214, 544.922546, 19.000000, 15.000000, -9.000000, 16.000000, -381.000000
2.200000, -2.759171, -467.707214, 532.180664, 25.000000, 13.000000, -22.000000, 19.000000, -378.000000
2.250000, -22.912521, -466.234009, 503.387207, 63.000000, 72.000000, -13.000000, 18.000000, -378.000000
2.300000, -7.467604, -420.114044, 432.357666, 150.000000, 123.000000, -5.000000, 24.000000, -382.000000
2.350000, 10.841869, -367.077057, 315.843018, 357.000000, 231.000000, -4.000000, 22.000000, -381.000000
2.400000, 214.945038, -302.326843, 211.268875, 720.000000, 319.000000, 159.000000, 36.000000, -385.000000
2.450000, 529.283081, -231.168427, 459.631836, 945.000000, 480.000000, 608.000000, 58.000000, -382.000000
2.500000, 530.636841, -184.977371, 931.609497, 795.000000, 376.000000, 1262.000000, 85.000000, -366.000000
2.550000, 87.539108, -229.702408, 1174.850342, 457.000000, 252.000000, 1854.000000, 90.000000, -339.000000
2.600000, -426.454956, -358.526062, 1409.486816, -268.000000, 224.000000, 1499.000000, 52.000000, -321.000000
2.650000, -551.143677, -282.692139, 1461.595337, -1106.000000, 103.000000, 926.000000, 4.000000, -255.000000
2.700000, -1023.159546, -155.662323, 1036.675659, -1649.000000, 293.000000, 767.000000, -45.000000, -190.000000
2.750000, -1587.327026, -208.903305, 550.641724, -1565.000000, 290.000000, -291.000000, -51.000000, -172.000000
2.800000, -1025.600830, -141.271851, 214.208557, -1230.000000, 322.000000, -820.000000, -48.000000, -181.000000
2.850000, -821.011841, -61.448715, 145.747910, -918.000000, 414.000000, -1115.000000, -36.000000, -207.000000
2.900000, -1101.271606, -27.382515, 139.600555, -564.000000, 557.000000, -1746.000000, -19.000000, -253.000000
2.950000, -509.250946, 149.246536, -94.499695, -161.000000, 650.000000, -2009.000000, -1.000000, -301.000000
3.000000, -134.952271, 256.276367, -183.642120, 467.000000, 840.000000, -1744.000000, 4.000000, -363.000000
3.050000, 60.190155, 254.393494, -105.472954, 921.000000, 941.000000, -1455.000000, -1.000000, -406.000000
3.100000, 282.954102, 219.516266, -60.953827, 1528.000000, 765.000000, -1235.000000, -1.000000, -444.000000
3.150000, 358.021942, 254.650452, 221.597412, 1918.000000, 698.000000, -1763.000000, -9.000000, -493.000000
3.200000, 980.794373, 304.726135, 743.744507, 2144.000000, 58.000000, -690.000000, -28.000000, -513.000000
3.250000, 1193.024048, 175.213867, 1078.099854, 1898.000000, -199.000000, -168.000000, -45.000000, -535.000000
3.300000, 1038.341553, 74.152550, 1221.781250, 1182.000000, 362.000000, 485.000000, -64.000000, -535.000000
3.350000, 857.987915, -45.389526, 1338.620850, 841.000000, -133.000000, 1052.000000, -61.000000, -523.000000
3.400000, 245.586594, -69.289139, 1210.797119, 719.000000, -255.000000, 1299.000000, -63.000000, -438.000000
3.450000, 252.951569, 138.932526, 1040.295166, 473.000000, -163.000000, 1257.000000, -160.000000, -349.000000
3.500000, 206.315308, 71.369041, 1000.079102, 42.000000, 9.000000, 1565.000000, -354.000000, -409.000000
3.550000, -636.205078, -101.083801, 952.108032, 255.000000, -524.000000, 1421.000000, -298.000000, -588.000000
3.600000, -991.125244, -143.979034, 946.396484, -264.000000, -18.000000, 520.000000, -168.000000, -643.000000
3.650000, -566.064758, -183.190414, 768.410828, -90.000000, -41.000000, -46.000000, -108.000000, -646.000000
3.700000, -66.878082, -91.834229, 661.603516, -45.000000, 163.000000, -164.000000, -96.000000, -645.000000
3.750000, 1.620098, -89.515671, 721.249390, -25.000000, 316.000000, -23.000000, -99.000000, -640.000000
3.800000, 25.275024, -108.486160, 669.452271, 22.000000, 67.000000, -217.000000, -106.000000, -640.000000
3.850000, 142.267120, -56.163094, 802.326660, -107.000000, 151.000000, -70.000000, -126.000000, -637.000000
3.900000, 81.155304, -95.939323, 780.145691, 30.000000, 24.000000, -40.000000, -129.000000, -637.000000
3.950000, 68.554245, -70.631279, 660.367554, -127.000000, 142.000000, 38.000000, -132.000000, -627.000000
4.000000, 36.492455, -91.423431, 760.515015, 7.000000, -25.000000, 74.000000, -135.000000, -624.000000
4.050000, 74.073967, -111.835678, 679.203491, -51.000000, 69.000000, 58.000000, -124.000000, -619.000000
4.100000, 96.907707, -68.679016, 731.499756, 12.000000, -36.000000, 53.000000, -123.000000, -621.000000
4.150000, -29.421242, -124.000923, 752.317932, 4.000000, -2.000000, 100.000000, -120.000000, -613.000000
4.200000, 13.634604, -104.150505, 643.261841, 2.000000, 29.000000, 18.000000, -117.000000, -627.000000
4.250000, 27.427486, -89.473068, 762.990356, 17.000000, -17.000000, 50.000000, -111.000000, -616.000000
4.300000, 27.437576, -104.467529, 706.569641, 11.000000, 0.000000, 37.000000, -103.000000, -621.000000
4.350000, 62.438156, -77.219292, 704.765869, 30.000000, -13.000000, 86.000000, -102.000000, -615.000000
4.400000, -45.597504, -132.176544, 769.627136, 8.000000, -12.000000, -14.000000, -97.000000, -621.000000
4.450000, -0.454620, -104.624977, 701.191284, 51.000000, -60.000000, -20.000000, -100.000000, -625.000000
4.500000, 68.115585, -63.771149, 760.812622, -20.000000, 38.000000, 7.000000, -108.000000, -616.000000
4.550000, -3.280933, -106.156021, 694.687744, 14.000000, -20.000000, 17.000000, -96.000000, -627.000000
4.600000, -2.144238, -94.971008, 686.336182, 7.000000, 5.000000, -9.000000, -100.000000, -630.000000
4.650000, 18.595396, -97.287331, 762.473999, 43.000000, -14.000000, 27.000000, -96.000000, -627.000000
4.700000, 35.856598, -84.164230, 696.965576, 11.000000, -5.000000, 16.000000, -100.000000, -619.000000
4.750000, 30.539038, -74.169014, 735.881531, 17.000000, -23.000000, 6.000000, -97.000000, -621.000000
4.800000, -6.870252, -106.318542, 715.921326, 48.000000, -15.000000, 57.000000, -94.000000, -621.000000
4.850000, -11.634092, -104.636765, 710.868774, 32.000000, -14.000000, -18.000000, -88.000000, -634.000000
4.900000, 22.409946, -98.113403, 774.647766, -17.000000, 9.000000, 16.000000, -93.000000, -628.000000
4.950000, 41.478119, -82.273155, 705.397522, 4.000000, -11.000000, 11.000000, -91.000000, -619.000000
5.000000, -6.618007, -90.596939, 710.200134, 0.000000, -19.000000, -41.000000, -93.000000, -622.000000
5.050000, 39.832161, -95.211319, 727.546753, 9.000000, -15.000000, 23.000000, -87.000000, -631.000000
5.100000, 83.946289, -70.055756, 717.246033, 6.000000, -11.000000, 22.000000, -91.000000, -627.000000
5.150000, -2.206997, -95.301262, 729.951111, -7.000000, 0.000000, 32.000000, -85.000000, -618.000000
5.200000, 5.039175, -97.489563, 712.659058, 37.000000, 7.000000, 18.000000, -82.000000, -618.000000
5.250000, 18.361872, -90.631577, 750.798828, 22.000000, -2.000000, 0.000000, -79.000000, -621.000000
5.300000, 1.754055, -101.507790, 733.070801, 2.000000, -7.000000, 2.000000, -76.000000, -618.000000
5.350000, 35.858833, -83.527565, 714.713684, 0.000000, 0.000000, -9.000000, -75.000000, -621.000000
5.400000, 19.302141, -94.023651, 741.075806, 9.000000, -10.000000, 11.000000, -78.000000, -613.000000
5.450000, 31.595062, -91.735390, 705.025146, 8.000000, 15.000000, 16.000000, -67.000000, -624.000000
5.500000, 35.480316, -84.644821, 715.959229, 14.000000, 25.000000, 67.000000, -75.000000, -613.000000
5.550000, -13.039882, -97.553238, 711.273438, 32.000000, -19.000000, 78.000000, -81.000000, -613.000000
5.600000, -9.565731, -84.261475, 715.610901, 9.000000, 26.000000, 2.000000, -72.000000, -606.000000
5.650000, 7.525126, -94.500450, 751.685181, 2.000000, 14.000000, -11.000000, -73.000000, -610.000000
5.700000, 19.208189, -95.569084, 709.781494, -14.000000, 33.000000, -14.000000, -70.000000, -612.000000
5.750000, 10.833266, -84.590988, 718.225098, -5.000000, -4.000000, -11.000000, -79.000000, -607.000000
5.800000, 7.161566, -97.660393, 726.191895, 16.000000, -4.000000, -19.000000, -72.000000, -612.000000
5.850000, 29.658640, -86.174774, 715.146790, 3.000000, -4.000000, 5.000000, -70.000000, -613.000000
5.900000, 22.332382, -86.170715, 741.658569, 12.000000, -23.000000, 3.000000, -75.000000, -601.000000
5.950000, 10.484189, -96.419724, 719.749695, -6.000000, -4.000000, -3.000000, -85.000000, -610.000000
6.000000, 1.525424, -91.048004, 722.376221, 0.000000, -23.000000, -19.000000, -73.000000, -604.000000
6.050000, 14.593663, -90.007057, 721.517090, -4.000000, -9.000000, -2.000000, -82.000000, -610.000000
6.100000, 27.177853, -86.841019, 718.970276, -4.000000, -10.000000, -13.000000, -76.000000, -606.000000
6.150000, 6.888764, -95.215225, 742.123352, 0.000000, -14.000000, -9.000000, -69.000000, -619.000000
6.200000, 24.317934, -92.725113, 709.610291, 4.000000, -35.000000, 11.000000, -76.000000, -615.000000
6.250000, 20.971691, -89.236755, 744.049622, 46.000000, 2.000000, 24.000000, -75.000000, -606.000000
6.300000, 5.843092, -98.723991, 783.725891, 14.000000, -2.000000, -14.000000, -75.000000, -616.000000
6.350000, 40.383987, -85.505699, 712.486877, -7.000000, -2.000000, 2.000000, -69.000000, -606.000000
6.400000, 23.544085, -89.310555, 695.616638, -2.000000, -10.000000, 0.000000, -70.000000, -609.000000
6.450000, 5.821636, -95.391350, 729.911926, 8.000000, -12.000000, -5.000000, -70.000000, -606.000000
6.500000, 29.361723, -82.078972, 730.088806, 6.000000, -23.000000, 15.000000, -72.000000, -607.000000
6.550000, 5.017510, -93.289200, 719.866089, -10.000000, 3.000000, 26.000000, -64.000000, -601.000000
6.600000, -4.999964, -94.791710, 709.372009, 14.000000, -14.000000, 3.000000, -70.000000, -601.000000
6.650000, 22.113024, -88.256927, 718.573792, 0.000000, 5.000000, 2.000000, -67.000000, -609.000000
6.700000, 19.820871, -96.009041, 729.159546, 2.000000, -7.000000, -5.000000, -67.000000, -603.000000
6.750000, 16.538849, -93.298172, 730.407349, 3.000000, 4.000000, -14.000000, -72.000000, -606.000000
6.800000, 26.497978, -91.981453, 732.630005, 0.000000, -4.000000, -11.000000, -54.000000, -609.000000
6.850000, 29.536182, -90.725105, 717.096252, -4.000000, 4.000000, -15.000000, -64.000000, -598.000000
6.900000, 16.961479, -91.179161, 723.243347, 18.000000, -17.000000, -16.000000, -58.000000, -601.000000
6.950000, 5.491516, -95.167114, 736.396423, 2.000000, -4.000000, -11.000000, -66.000000, -604.000000
7.000000, 22.591776, -90.020264, 721.689575, 9.000000, -10.000000, -4.000000, -72.000000, -606.000000
7.050000, 19.244499, -94.798195, 720.127808, -4.000000, 5.000000, 0.000000, -66.000000, -604.000000
7.100000, 6.523284, -96.476685, 721.607849, 21.000000, -12.000000, -9.000000, -67.000000, -607.000000
7.150000, 23.141567, -90.127655, 726.537903, -5.000000, 11.000000, -2.000000, -66.000000, -607.000000
7.200000, 16.203787, -94.599792, 725.480957, 4.000000, -16.000000, -13.000000, -64.000000, -612.000000
7.250000, 13.626139, -92.542686, 720.519531, 7.000000, -14.000000, -4.000000, -67.000000, -609.000000
7.300000, 19.719101, -91.887482, 735.640381, 8.000000, 0.000000, -5.000000, -63.000000, -603.000000
7.350000, 0.217692, -96.466385, 726.201172, 5.000000, -19.000000, -32.000000, -70.000000, -604.000000
7.400000, 15.996492, -92.229950, 723.495667, 10.000000, -5.000000, -11.000000, -70.000000, -604.000000
7.450000, 36.523518, -91.060638, 731.279907, -2.000000, 3.000000, 0.000000, -61.000000, -600.000000
7.500000, 13.837425, -94.506798, 718.524109, 12.000000, -11.000000, -2.000000, -60.000000, -600.000000
7.550000, 7.207022, -95.825356, 722.037781, 7.000000, -7.000000, -16.000000, -64.000000, -603.000000
7.600000, 19.604021, -91.391678, 720.081970, 9.000000, -2.000000, -2.000000, -66.000000, -607.000000
7.650000, 14.221327, -91.654182, 719.873047, 18.000000, -3.000000, -11.000000, -64.000000, -603.000000
7.700000, 11.824451, -96.084930, 723.202393, -3.000000, 0.000000, -14.000000, -66.000000, -604.000000
7.750000, 16.892349, -90.535912, 723.694702, 26.000000, -18.000000, -6.000000, -67.000000, -606.000000
7.800000, 10.804191, -91.963158, 738.380737, -2.000000, 1.000000, -5.000000, -69.000000, -609.000000
7.850000, 13.795961, -94.550545, 725.769287, 9.000000, -8.000000, 0.000000, -73.000000, -609.000000
7.900000, 12.726661, -91.255592, 716.662537, -2.000000, -12.000000, -4.000000, -69.000000, -601.000000
7.950000, 11.635830, -95.946945, 720.340271, 10.000000, -14.000000, -11.000000, -67.000000, -604.000000
8.000000, 24.930374, -93.121399, 716.650085, 4.000000, 0.000000, 6.000000, -69.000000, -603.000000
8.050000, 3.265962, -91.181534, 731.148804, 12.000000, -8.000000, -5.000000, -63.000000, -604.000000
8.100000, -1.956205, -96.300552, 723.165344, 8.000000, -11.000000, -5.000000, -69.000000, -603.000000
8.150000, 26.922916, -91.178040, 709.881042, 0.000000, -2.000000, -16.000000, -69.000000, -601.000000
8.200000, 16.800179, -90.952385, 722.797913, 11.000000, -2.000000, -4.000000, -69.000000, -601.000000
8.250000, 10.309830, -96.141243, 734.842712, 11.000000, -7.000000, -10.000000, -66.000000, -601.000000
8.300000, 20.453724, -93.325859, 739.889648, 11.000000, -10.000000, 0.000000, -64.000000, -600.000000
8.350000, 24.180452, -90.428108, 717.990356, 0.000000, -7.000000, -3.000000, -69.000000, -598.000000
8.400000, 18.318882, -92.447899, 707.309448, 8.000000, 0.000000, -2.000000, -69.000000, -598.000000
8.450000, 6.975050, -93.338081, 740.116699, 14.000000, -4.000000, 2.000000, -69.000000, -597.000000
8.500000, 21.342342, -90.638184, 743.900818, -1.000000, 2.000000, -9.000000, -64.000000, -597.000000
8.550000, 11.120968, -94.673874, 714.465210, 0.000000, -9.000000, 4.000000, -63.000000, -600.000000
8.600000, 1.677483, -98.389793, 717.856567, 0.000000, -1.000000, -24.000000, -69.000000, -601.000000
8.650000, 22.498825, -94.879532, 732.171448, 0.000000, -6.000000, -18.000000, -70.000000, -603.000000
8.700000, 7.808196, -94.431015, 732.418823, 1.000000, -1.000000, -20.000000, -64.000000, -601.000000
8.750000, 6.223617, -92.911430, 731.363708, 3.000000, -10.000000, 4.000000, -72.000000, -603.000000
8.800000, 7.518030, -94.719772, 717.176514, 2.000000, -7.000000, -14.000000, -69.000000, -606.000000
8.850000, 8.563997, -95.562187, 720.703430, 8.000000, -18.000000, -19.000000, -72.000000, -601.000000
8.900000, 33.102760, -93.159554, 738.091675, 3.000000, -16.000000, 0.000000, -66.000000, -597.000000
8.950000, 3.970445, -100.649368, 714.319275, -11.000000, 0.000000, -5.000000, -70.000000, -600.000000
9.000000, 8.006073, -95.089668, 693.936279, 6.000000, -14.000000, -14.000000, -70.000000, -598.000000
9.050000, 40.275322, -87.788742, 733.017761, 20.000000, -11.000000, 6.000000, -63.000000, -607.000000
9.100000, 7.999789, -99.253525, 759.751526, 14.000000, -8.000000, -3.000000, -72.000000, -601.000000
9.150000, 11.754278, -97.948853, 721.854248, -6.000000, -7.000000, -11.000000, -58.000000, -600.000000
9.200000, 19.829029, -94.459404, 711.893799, -4.000000, -18.000000, -10.000000, -64.000000, -601.000000
9.250000, 4.985485, -98.763748, 737.844604, -4.000000, -22.000000, -4.000000, -72.000000, -598.000000
