Sample Time, Accel_x, Accel_y, Accel_z, Gyro_x, Gyro_y, Gyro_z, Magneto_x, Magneto_y, Magneto_z
0.000000, -2.642060, -163.807693, 263.031708, 44.000000, -31.000000, 18.000000, 72.000000, -397.000000
0.050000, -10.595472, -474.323608, 761.406372, 10.000000, -19.000000, 16.000000, 76.000000, -400.000000
0.100000, -20.735117, -464.982910, 740.977600, -5.000000, -18.000000, -14.000000, 73.000000, -393.000000
0.150000, -13.502110, -306.056458, 478.628998, 7.000000, -20.000000, 44.000000, 73.000000, -400.000000
0.200000, -1.194420, -405.382690, 641.735962, 14.000000, 0.000000, -33.000000, 82.000000, -402.000000
0.250000, -20.495209, -413.389709, 655.758362, -2.000000, -9.000000, 8.000000, 82.000000, -391.000000
0.300000, -20.407290, -360.644287, 557.689819, -14.000000, -1.000000, -9.000000, 76.000000, -405.000000
0.350000, 5.153273, -410.876617, 637.999146, 21.000000, -25.000000, -16.000000, 78.000000, -400.000000
0.400000, -4.678360, -379.687134, 596.413818, 17.000000, -18.000000, 3.000000, 81.000000, -405.000000
0.450000, -13.138525, -386.674072, 596.664185, 40.000000, -49.000000, 0.000000, 85.000000, -405.000000
0.500000, -16.078190, -394.261780, 622.923584, 11.000000, 14.000000, -30.000000, 76.000000, -402.000000
0.550000, -5.992781, -378.317261, 635.995178, 28.000000, -25.000000, -4.000000, 84.000000, -402.000000
0.600000, 12.101923, -402.654663, 656.699341, -9.000000, 0.000000, 0.000000, 76.000000, -403.000000
0.650000, -19.045902, -377.237244, 590.741699, -3.000000, -4.000000, -7.000000, 79.000000, -403.000000
0.700000, -14.692959, -391.728088, 641.005981, 17.000000, -16.000000, 3.000000, 84.000000, -403.000000
0.750000, 6.215702, -397.019745, 642.144226, 0.000000, -4.000000, -9.000000, 76.000000, -402.000000
0.800000, -22.441238, -375.617584, 582.777039, 18.000000, -22.000000, -12.000000, 76.000000, -403.000000
0.850000, -1.690251, -389.839081, 630.020142, 31.000000, -88.000000, -55.000000, 72.000000, -406.000000
0.900000, 34.145870, -371.471130, 617.596252, 16.000000, -45.000000, 0.000000, 78.000000, -400.000000
0.950000, -1.044186, -392.738068, 640.354980, 12.000000, -23.000000, -25.000000, 75.000000, -405.000000
1.000000, -42.551666, -398.553009, 620.192444, -2.000000, -2.000000, -9.000000, 75.000000, -402.000000
1.050000, -9.758736, -369.625305, 574.145630, 26.000000, 9.000000, 14.000000, 78.000000, -405.000000
1.100000, 26.682693, -389.302521, 663.464417, 62.000000, -74.000000, -30.000000, 79.000000, -405.000000
1.150000, 18.761162, -376.456604, 638.702942, 61.000000, -64.000000, -35.000000, 73.000000, -412.000000
1.200000, 24.038513, -378.829590, 599.317383, 8.000000, -10.000000, -14.000000, 73.000000, -402.000000
1.250000, 6.916614, -390.115723, 630.885681, 9.000000, -16.000000, 4.000000, 73.000000, -402.000000
1.300000, -0.621803, -370.050476, 620.356323, -10.000000, 12.000000, 22.000000, 64.000000, -406.000000
1.350000, 4.281836, -386.305664, 638.816833, 4.000000, -11.000000, -2.000000, 70.000000, -399.000000
1.400000, -11.305428, -380.014099, 608.169678, 24.000000, 9.000000, 3.000000, 76.000000, -405.000000
1.450000, 14.517786, -371.997925, 620.855652, 46.000000, -33.000000, 0.000000, 79.000000, -402.000000
1.500000, 14.181216, -384.696045, 644.284546, 2.000000, 7.000000, -21.000000, 76.000000, -399.000000
1.550000, 12.104321, -375.491028, 588.950012, -8.000000, 10.000000, -41.000000, 67.000000, -408.000000
1.600000, 23.341940, -378.772186, 631.154419, 12.000000, -17.000000, -18.000000, 73.000000, -405.000000
1.650000, -1.913971, -370.936859, 630.745667, 2.000000, 13.000000, -24.000000, 73.000000, -403.000000
1.700000, 10.698989, -374.642548, 601.506165, 5.000000, 8.000000, -25.000000, 82.000000, -403.000000
1.750000, 5.690403, -387.583557, 634.507385, -6.000000, 4.000000, -4.000000, 70.000000, -411.000000
1.800000, -2.261635, -370.135376, 622.298096, 16.000000, -5.000000, 4.000000, 75.000000, -409.000000
1.850000, -5.291046, -379.396149, 639.020508, 4.000000, -6.000000, 11.000000, 75.000000, -409.000000
1.900000, -25.795158, -383.921783, 620.580200, 15.000000, -2.000000, -7.000000, 81.000000, -408.000000
1.950000, 13.656540, -374.009003, 606.470581, 13.000000, 0.000000, -8.000000, 70.000000, -406.000000
2.000000, 8.754539, -377.409546, 637.302246, 6.000000, 14.000000, 26.000000, 66.000000, -406.000000
2.050000, -0.734386, -370.967377, 612.505127, 8.000000, 6.000000, -19.000000, 72.000000, -402.000000
2.100000, 10.722687, -382.309814, 636.453125, 5.000000, -5.000000, 0.000000, 75.000000, -403.000000
2.150000, -15.653131, -380.016602, 632.592896, 1.000000, 12.000000, 0.000000, 78.000000, -403.000000
2.200000, 12.484664, -370.141541, 605.618469, 0.000000, 4.000000, -16.000000, 82.000000, -405.000000
2.250000, -10.602543, -384.822815, 631.479126, 12.000000, 5.000000, -7.000000, 69.000000, -402.000000
2.300000, -12.710396, -372.311584, 604.221741, 16.000000, -25.000000, -27.000000, 76.000000, -403.000000
2.350000, 36.399006, -369.498810, 613.181824, 9.000000, 16.000000, 0.000000, 85.000000, -409.000000
2.400000, -21.904051, -382.471924, 640.317749, 11.000000, -13.000000, 16.000000, 79.000000, -406.000000
2.450000, -9.055679, -376.223877, 625.744568, -11.000000, 14.000000, -19.000000, 73.000000, -408.000000
2.500000, 17.211166, -381.107880, 629.210022, 15.000000, -19.000000, -1.000000, 84.000000, -399.000000
2.550000, -9.699184, -379.466339, 633.209534, 1.000000, 9.000000, 4.000000, 84.000000, -409.000000
2.600000, 20.488140, -373.994476, 651.904114, 10.000000, -7.000000, -4.000000, 88.000000, -409.000000
2.650000, -1.184973, -374.911835, 631.722473, -2.000000, -1.000000, -2.000000, 84.000000, -403.000000
2.700000, -4.026031, -370.583862, 603.931519, 7.000000, -14.000000, -25.000000, 79.000000, -400.000000
2.750000, -2.922089, -377.183716, 626.545349, 22.000000, -11.000000, -11.000000, 81.000000, -402.000000
2.800000, -21.510979, -376.637421, 619.101196, 15.000000, 2.000000, -9.000000, 73.000000, -399.000000
2.850000, 19.887840, -373.555939, 624.815674, 14.000000, -2.000000, -1.000000, 88.000000, -400.000000
2.900000, -6.575429, -379.530304, 634.473633, 5.000000, 9.000000, -11.000000, 72.000000, -406.000000
2.950000, -6.669807, -375.429413, 612.812500, -12.000000, 6.000000, -18.000000, 82.000000, -402.000000
3.000000, 20.305462, -373.074463, 623.464172, 36.000000, -14.000000, 24.000000, 79.000000, -403.000000
3.050000, -20.415613, -374.595306, 627.408142, -9.000000, 23.000000, -5.000000, 84.000000, -405.000000
3.100000, -7.722275, -376.789124, 623.736267, 12.000000, -25.000000, -7.000000, 79.000000, -399.000000
3.150000, 4.243284, -377.455505, 633.754395, 4.000000, 4.000000, -33.000000, 79.000000, -399.000000
3.200000, 9.774197, -374.928040, 627.046997, 15.000000, -2.000000, -20.000000, 81.000000, -400.000000
3.250000, 6.327763, -378.315948, 627.587524, 2.000000, -10.000000, -7.000000, 85.000000, -409.000000
3.300000, -6.050865, -378.998657, 639.969727, -2.000000, 7.000000, -48.000000, 75.000000, -412.000000
3.350000, 35.618408, -378.742035, 638.750244, 7.000000, -17.000000, 8.000000, 76.000000, -411.000000
3.400000, 10.359673, -375.712982, 618.620239, -1.000000, 4.000000, -25.000000, 75.000000, -406.000000
3.450000, -15.663200, -374.524902, 624.316223, 16.000000, 3.000000, 28.000000, 76.000000, -403.000000
3.500000, -7.004585, -381.970703, 641.239746, 0.000000, 18.000000, 18.000000, 75.000000, -402.000000
3.550000, -26.051275, -377.829895, 616.689819, 5.000000, -4.000000, -4.000000, 76.000000, -399.000000
3.600000, 0.509095, -374.618500, 627.629883, 7.000000, 0.000000, 18.000000, 84.000000, -403.000000
3.650000, -0.512966, -376.464325, 648.518677, 18.000000, -9.000000, -21.000000, 76.000000, -399.000000
3.700000, 2.298176, -375.651001, 615.718201, -5.000000, 16.000000, 3.000000, 69.000000, -399.000000
3.750000, 9.529011, -380.035461, 621.433960, 9.000000, -6.000000, 1.000000, 81.000000, -397.000000
3.800000, -17.058096, -376.967590, 650.746521, 2.000000, 9.000000, -13.000000, 76.000000, -402.000000
3.850000, 24.512829, -377.207489, 639.098145, -6.000000, 26.000000, 6.000000, 70.000000, -403.000000
3.900000, -8.656868, -381.578522, 616.360779, -4.000000, 58.000000, 21.000000, 73.000000, -402.000000
3.950000, -127.471657, -365.891632, 573.965088, -35.000000, 109.000000, 0.000000, 73.000000, -400.000000
4.000000, -71.298561, -294.045776, 281.860657, 60.000000, 528.000000, -184.000000, 88.000000, -402.000000
4.050000, 621.269287, -60.588341, 87.937088, 1292.000000, 739.000000, 203.000000, 130.000000, -423.000000
4.100000, 1336.029541, 129.255890, 946.128906, 1124.000000, 434.000000, 1816.000000, 150.000000, -403.000000
4.150000, 440.708588, -80.866959, 1804.758301, -718.000000, 614.000000, 2256.000000, 93.000000, -402.000000
4.200000, -1125.241211, -348.463379, 1412.807251, -1263.000000, -174.000000, 1593.000000, 16.000000, -309.000000
4.250000, -1633.387695, -276.484985, 1042.643677, -1998.000000, 39.000000, 171.000000, -45.000000, -211.000000
4.300000, -1459.277710, 22.362259, 651.808472, -1641.000000, -69.000000, -991.000000, -42.000000, -214.000000
4.350000, -1141.105347, 329.322784, -184.869095, -1200.000000, 305.000000, -1642.000000, -28.000000, -250.000000
4.400000, -706.457520, 415.612671, -336.695618, -384.000000, 753.000000, -2338.000000, -15.000000, -303.000000
4.450000, 158.411499, 439.878601, -255.987549, 499.000000, 1052.000000, -1977.000000, 10.000000, -358.000000
4.500000, 805.739929, 397.555786, -92.282806, 1333.000000, 866.000000, -1694.000000, 4.000000, -411.000000
4.550000, 756.643555, 146.708252, 363.199829, 1451.000000, 1175.000000, -698.000000, 3.000000, -441.000000
4.600000, 866.337402, 19.030607, 632.193054, 2068.000000, 520.000000, -231.000000, 16.000000, -447.000000
4.650000, 785.005005, -69.945679, 1225.894043, 1520.000000, 371.000000, 414.000000, 19.000000, -427.000000
4.700000, 719.663208, -118.530792, 1533.348633, 1586.000000, -262.000000, 672.000000, -10.000000, -360.000000
4.750000, 815.031433, 13.256535, 1205.712524, 830.000000, -476.000000, 1486.000000, -111.000000, -295.000000
4.800000, 46.259262, 16.532673, 964.459290, 233.000000, -374.000000, 1307.000000, -241.000000, -438.000000
4.850000, -492.623383, -67.958908, 841.427185, 302.000000, -823.000000, 1316.000000, -183.000000, -585.000000
4.900000, -379.681641, -156.014633, 1017.628967, 74.000000, -742.000000, 816.000000, -60.000000, -609.000000
4.950000, -501.881592, -121.503311, 796.108643, 28.000000, -274.000000, 806.000000, 27.000000, -579.000000
5.000000, -494.967834, -28.315750, 532.845825, -2.000000, -132.000000, 164.000000, 79.000000, -550.000000
5.050000, -263.689362, -138.989182, 913.535645, -29.000000, 1.000000, -26.000000, 84.000000, -550.000000
5.100000, 37.583244, -84.799660, 789.340393, 64.000000, -205.000000, 3.000000, 87.000000, -558.000000
5.150000, 99.403122, -13.660973, 644.706726, -139.000000, 42.000000, -158.000000, 73.000000, -553.000000
5.200000, 84.823120, -107.777756, 755.387085, -14.000000, -9.000000, -25.000000, 73.000000, -561.000000
5.250000, 230.250305, -47.163612, 671.744507, -70.000000, 33.000000, 0.000000, 64.000000, -565.000000
5.300000, -9.897591, -75.059464, 780.435791, -27.000000, -28.000000, 11.000000, 64.000000, -561.000000
5.350000, 12.361511, -104.022430, 697.588135, -18.000000, 7.000000, -46.000000, 66.000000, -561.000000
5.400000, 212.799606, -57.466034, 711.903320, 17.000000, -15.000000, 33.000000, 67.000000, -559.000000
5.450000, 20.312927, -113.098122, 805.584961, -23.000000, 24.000000, -27.000000, 70.000000, -549.000000
5.500000, 66.628906, -86.929253, 682.062378, 41.000000, -27.000000, 28.000000, 75.000000, -555.000000
5.550000, 27.860062, -99.866776, 780.291382, -11.000000, 0.000000, -9.000000, 58.000000, -556.000000
5.600000, 2.376251, -104.656471, 714.366821, -16.000000, 31.000000, -18.000000, 70.000000, -553.000000
5.650000, 112.171936, -61.809967, 677.921997, 33.000000, 0.000000, 27.000000, 78.000000, -558.000000
5.700000, 12.232956, -106.896889, 736.370972, -15.000000, 18.000000, -50.000000, 70.000000, -559.000000
5.750000, 125.852600, -77.868973, 639.919556, 37.000000, -35.000000, -3.000000, 57.000000, -565.000000
5.800000, 94.703781, -90.700623, 771.015747, 6.000000, 5.000000, -46.000000, 73.000000, -561.000000
5.850000, 14.596268, -111.264771, 767.024658, 18.000000, -18.000000, 11.000000, 64.000000, -561.000000
5.900000, 128.586670, -67.589340, 704.871460, -4.000000, 9.000000, 0.000000, 69.000000, -561.000000
5.950000, 43.035423, -104.445511, 760.036072, -32.000000, 39.000000, -67.000000, 73.000000, -552.000000
6.000000, 76.251869, -89.311234, 698.452942, 28.000000, -25.000000, 7.000000, 67.000000, -555.000000
6.050000, 55.389107, -87.345657, 726.765869, -11.000000, 17.000000, -23.000000, 69.000000, -561.000000
6.100000, 15.921707, -108.256577, 702.543945, 22.000000, -30.000000, -41.000000, 69.000000, -559.000000
6.150000, 145.474152, -72.456085, 726.960449, -6.000000, 32.000000, -20.000000, 61.000000, -567.000000
6.200000, 59.894131, -95.671738, 765.338989, -2.000000, 4.000000, -14.000000, 72.000000, -561.000000
6.250000, 33.205780, -96.002960, 661.982422, 13.000000, 3.000000, -14.000000, 67.000000, -562.000000
6.300000, 60.198368, -88.035614, 745.391052, 19.000000, 20.000000, -12.000000, 72.000000, -565.000000
6.350000, 35.229713, -98.292107, 762.751953, 2.000000, 30.000000, -57.000000, 61.000000, -570.000000
6.400000, 68.544647, -83.972916, 712.746155, 11.000000, 4.000000, -30.000000, 52.000000, -579.000000
6.450000, 40.828934, -98.017227, 753.643555, -28.000000, 26.000000, -36.000000, 66.000000, -571.000000
6.500000, 95.878525, -82.780571, 698.482727, -10.000000, 23.000000, -5.000000, 64.000000, -565.000000
6.550000, 83.105942, -83.136871, 715.529907, 20.000000, -17.000000, -27.000000, 58.000000, -570.000000
6.600000, 11.043842, -105.609756, 729.842163, 11.000000, -4.000000, -7.000000, 63.000000, -568.000000
6.650000, 38.738132, -91.207718, 711.356995, -6.000000, 7.000000, -22.000000, 70.000000, -570.000000
6.700000, 28.648411, -97.858505, 725.751526, -11.000000, 7.000000, -35.000000, 63.000000, -568.000000
6.750000, 72.132462, -89.537613, 689.642029, -7.000000, 0.000000, -21.000000, 67.000000, -571.000000
6.800000, 46.787739, -92.063263, 728.068359, 25.000000, -2.000000, 3.000000, 64.000000, -577.000000
6.850000, 19.738434, -104.682648, 725.784607, 5.000000, 11.000000, -26.000000, 61.000000, -568.000000
6.900000, 98.711456, -77.481842, 698.326599, 10.000000, -2.000000, -22.000000, 60.000000, -567.000000
6.950000, 52.162628, -84.120636, 734.229370, -2.000000, 10.000000, 0.000000, 55.000000, -571.000000
7.000000, 43.073463, -90.200546, 692.972290, -2.000000, 4.000000, -4.000000, 60.000000, -579.000000
7.050000, 46.651356, -89.330643, 714.527466, 11.000000, -17.000000, -21.000000, 69.000000, -580.000000
7.100000, 19.800568, -103.366310, 749.943787, 0.000000, -4.000000, -49.000000, 58.000000, -570.000000
7.150000, 88.521309, -81.934799, 714.711182, 37.000000, -47.000000, -31.000000, 69.000000, -573.000000
7.200000, 70.145287, -79.600624, 726.149109, 16.000000, -14.000000, 35.000000, 55.000000, -577.000000
7.250000, 40.764130, -94.936340, 693.554077, -9.000000, 11.000000, -4.000000, 70.000000, -573.000000
7.300000, 28.216652, -96.012650, 710.251221, -3.000000, 17.000000, 2.000000, 64.000000, -574.000000
7.350000, 6.875065, -93.457291, 766.660339, 4.000000, -6.000000, -22.000000, 57.000000, -574.000000
7.400000, 73.245010, -76.564178, 703.957764, -14.000000, 5.000000, -20.000000, 52.000000, -573.000000
7.450000, 50.832680, -87.312332, 695.213013, 17.000000, -17.000000, 2.000000, 64.000000, -574.000000
7.500000, 22.106441, -98.630020, 726.659607, 8.000000, -5.000000, -39.000000, 66.000000, -574.000000
7.550000, 73.875839, -83.192711, 709.201294, 18.000000, -18.000000, -27.000000, 64.000000, -576.000000
7.600000, 75.237305, -82.622948, 718.597229, -1.000000, 0.000000, -28.000000, 61.000000, -579.000000
7.650000, 69.992004, -81.488754, 722.069275, 19.000000, 1.000000, 0.000000, 63.000000, -582.000000
7.700000, 32.118416, -89.477562, 730.142761, 9.000000, 0.000000, -4.000000, 57.000000, -580.000000
7.750000, 20.816248, -97.289848, 736.244507, 9.000000, -14.000000, 4.000000, 67.000000, -577.000000
7.800000, 59.135086, -86.514984, 726.847595, 0.000000, -1.000000, -28.000000, 64.000000, -586.000000
7.850000, 49.181137, -88.151459, 724.970093, -6.000000, 2.000000, -12.000000, 61.000000, -582.000000
7.900000, 58.606201, -84.433517, 707.637146, 11.000000, 9.000000, 3.000000, 60.000000, -582.000000
7.950000, 69.014885, -82.244835, 716.416870, -2.000000, -1.000000, -15.000000, 64.000000, -583.000000
8.000000, 51.759521, -91.939072, 733.541260, 0.000000, 7.000000, -11.000000, 64.000000, -588.000000
8.050000, 51.084366, -86.710312, 733.749878, 11.000000, -1.000000, -21.000000, 69.000000, -583.000000
8.100000, 62.392075, -84.102936, 734.040100, -10.000000, 2.000000, -9.000000, 57.000000, -577.000000
8.150000, 55.199673, -88.516365, 713.604370, 22.000000, -10.000000, -37.000000, 55.000000, -583.000000
8.200000, 31.264263, -89.204353, 723.690918, 30.000000, -15.000000, -8.000000, 66.000000, -583.000000
8.250000, 54.889240, -87.950058, 737.139282, 9.000000, 2.000000, -9.000000, 60.000000, -585.000000
8.300000, 54.441868, -84.795425, 723.969360, 9.000000, 0.000000, 7.000000, 63.000000, -585.000000
8.350000, 27.323479, -86.239891, 728.267212, 19.000000, -6.000000, -26.000000, 75.000000, -588.000000
8.400000, 50.610569, -86.627991, 719.864624, 38.000000, -23.000000, -79.000000, 58.000000, -585.000000
8.450000, 53.577579, -85.759216, 736.442688, 7.000000, 2.000000, -21.000000, 55.000000, -588.000000
8.500000, 54.315033, -86.626358, 747.923950, -4.000000, 0.000000, -27.000000, 63.000000, -589.000000
8.550000, 57.254829, -84.560913, 725.447693, -7.000000, 9.000000, -3.000000, 55.000000, -589.000000
8.600000, 45.427147, -81.937363, 737.954346, 0.000000, 8.000000, -7.000000, 57.000000, -583.000000
8.650000, 50.334023, -84.716721, 706.608337, 6.000000, -3.000000, -18.000000, 54.000000, -586.000000
8.700000, 37.160530, -96.494347, 703.460266, 40.000000, -13.000000, 6.000000, 52.000000, -582.000000
8.750000, 45.363083, -95.844940, 774.856079, -13.000000, 7.000000, -17.000000, 55.000000, -589.000000
8.800000, 57.511246, -80.622635, 747.354187, 2.000000, 1.000000, 14.000000, 49.000000, -582.000000
8.850000, 26.729763, -85.703903, 706.653259, -2.000000, 11.000000, -15.000000, 57.000000, -580.000000
8.900000, 34.043083, -93.068558, 735.428955, 21.000000, -7.000000, -14.000000, 52.000000, -583.000000
8.950000, 65.310051, -81.646660, 742.532227, 7.000000, 0.000000, -9.000000, 54.000000, -586.000000
9.000000, 63.984184, -81.473045, 723.238525, 15.000000, 0.000000, -7.000000, 55.000000, -585.000000
9.050000, 59.482178, -85.041199, 716.603638, 16.000000, 10.000000, -25.000000, 51.000000, -586.000000
9.100000, 55.273537, -81.304726, 734.351562, 15.000000, 1.000000, -5.000000, 57.000000, -585.000000
9.150000, 35.693493, -84.970009, 730.610107, 10.000000, -3.000000, 25.000000, 61.000000, -597.000000
9.200000, 28.838158, -83.802643, 727.475098, 0.000000, -6.000000, -4.000000, 60.000000, -588.000000
