Sample Time, Accel_x, Accel_y, Accel_z, Gyro_x, Gyro_y, Gyro_z, Magneto_x, Magneto_y, Magneto_z
0.000000, -8.219741, -138.267792, 278.884064, 2.000000, -13.000000, 9.000000, 66.000000, -444.000000
0.050000, -8.565412, -398.223419, 805.016968, 4.000000, -4.000000, -10.000000, 64.000000, -468.000000
0.100000, 18.490524, -388.023895, 777.570557, 0.000000, 4.000000, -14.000000, 63.000000, -460.000000
0.150000, 19.874264, -257.614960, 504.320190, -4.000000, -2.000000, -21.000000, 52.000000, -453.000000
0.200000, 1.023429, -341.913727, 689.629272, 16.000000, 9.000000, -12.000000, 60.000000, -457.000000
0.250000, 21.246662, -343.986969, 700.558716, -2.000000, 9.000000, -30.000000, 64.000000, -463.000000
0.300000, 23.189856, -304.958130, 598.848389, 7.000000, -9.000000, -23.000000, 66.000000, -456.000000
0.350000, 4.859743, -350.368958, 690.406189, 10.000000, -18.000000, -39.000000, 66.000000, -462.000000
0.400000, 21.828396, -320.157410, 640.779663, 2.000000, 4.000000, 10.000000, 69.000000, -454.000000
0.450000, 27.013178, -329.400085, 656.698853, -7.000000, -7.000000, -23.000000, 66.000000, -460.000000
0.500000, 5.068042, -333.596985, 662.608154, -5.000000, 7.000000, 12.000000, 63.000000, -459.000000
0.550000, -4.470209, -318.954132, 627.694336, 4.000000, 16.000000, 4.000000, 67.000000, -463.000000
0.600000, 14.782476, -345.788422, 691.664856, 9.000000, 11.000000, -11.000000, 66.000000, -453.000000
0.650000, 26.614660, -320.182434, 646.973694, -4.000000, -9.000000, -23.000000, 61.000000, -460.000000
0.700000, 10.050509, -328.060120, 645.390503, -4.000000, 9.000000, -16.000000, 63.000000, -453.000000
0.750000, 9.711275, -334.272095, 652.795837, 7.000000, -9.000000, -4.000000, 64.000000, -454.000000
0.800000, 10.976531, -320.850647, 630.597778, -5.000000, 23.000000, -13.000000, 67.000000, -460.000000
0.850000, 8.113337, -337.867981, 678.297119, 1.000000, -3.000000, -14.000000, 64.000000, -457.000000
0.900000, 18.736511, -318.567932, 644.776489, 11.000000, 4.000000, -2.000000, 63.000000, -457.000000
0.950000, 17.818064, -330.252197, 659.917725, 2.000000, 4.000000, -17.000000, 63.000000, -459.000000
1.000000, 18.331211, -333.273132, 674.195435, -13.000000, 14.000000, 0.000000, 66.000000, -459.000000
1.050000, 2.688488, -315.718384, 621.428711, -3.000000, 0.000000, -20.000000, 64.000000, -459.000000
1.100000, -11.824884, -335.110779, 664.593994, -12.000000, -11.000000, -20.000000, 70.000000, -460.000000
1.150000, 8.740726, -322.913544, 663.453918, -9.000000, -24.000000, -12.000000, 61.000000, -466.000000
1.200000, 2.078671, -331.243927, 640.874634, -43.000000, -2.000000, -19.000000, 58.000000, -462.000000
1.250000, -4.894881, -340.687531, 640.109375, -23.000000, 14.000000, 9.000000, 70.000000, -456.000000
1.300000, 9.021445, -333.152863, 612.886597, 11.000000, 1.000000, -13.000000, 63.000000, -457.000000
1.350000, 14.955916, -346.007843, 650.165222, 5.000000, -32.000000, -16.000000, 66.000000, -466.000000
1.400000, 29.813446, -319.520111, 659.501160, -3.000000, -13.000000, 6.000000, 57.000000, -453.000000
1.450000, 11.640975, -324.806854, 660.420166, -7.000000, 5.000000, 7.000000, 67.000000, -468.000000
1.500000, -5.176647, -348.155304, 671.312500, -18.000000, 13.000000, -20.000000, 72.000000, -465.000000
1.550000, 17.293074, -331.066589, 634.782471, -7.000000, 8.000000, -18.000000, 61.000000, -462.000000
1.600000, 26.822914, -333.747345, 657.635742, -4.000000, 13.000000, 0.000000, 72.000000, -463.000000
1.650000, 24.837549, -333.781677, 649.396606, 6.000000, 16.000000, 14.000000, 66.000000, -465.000000
1.700000, 12.089596, -335.560181, 629.849121, 10.000000, 5.000000, -18.000000, 61.000000, -468.000000
1.750000, 22.874483, -334.134521, 664.196777, 9.000000, 16.000000, -12.000000, 64.000000, -460.000000
1.800000, 28.094841, -326.417145, 653.180908, 29.000000, 10.000000, -32.000000, 61.000000, -460.000000
1.850000, -0.863681, -337.456482, 673.686646, 29.000000, 15.000000, 2.000000, 69.000000, -462.000000
1.900000, 12.810575, -329.732544, 657.504395, -11.000000, 14.000000, -22.000000, 72.000000, -456.000000
1.950000, 10.289829, -325.926605, 601.779663, 9.000000, 49.000000, -27.000000, 67.000000, -460.000000
2.000000, -9.299517, -315.499756, 577.293396, 93.000000, 100.000000, -3.000000, 66.000000, -451.000000
2.050000, 62.297459, -263.274811, 479.575165, 122.000000, 204.000000, -16.000000, 67.000000, -451.000000
2.100000, 258.620361, -191.050201, 412.889587, 393.000000, 273.000000, 156.000000, 55.000000, -448.000000
2.150000, 524.612976, -150.331161, 441.909821, 585.000000, 406.000000, 700.000000, 42.000000, -436.000000
2.200000, 395.643799, -260.414856, 771.544006, 693.000000, -45.000000, 1028.000000, 7.000000, -418.000000
2.250000, -196.001648, -403.000763, 1385.114746, 242.000000, -152.000000, 989.000000, -12.000000, -409.000000
2.300000, -384.951569, -320.254150, 1515.543945, -331.000000, -112.000000, 879.000000, -6.000000, -396.000000
2.350000, -294.869507, -166.326141, 1168.299438, -773.000000, -105.000000, 569.000000, 3.000000, -385.000000
2.400000, -702.312378, -173.806458, 993.975281, -967.000000, 4.000000, 257.000000, 24.000000, -372.000000
2.450000, -990.101562, -199.124847, 851.530273, -1076.000000, 200.000000, -185.000000, 51.000000, -366.000000
2.500000, -741.557312, -149.228424, 530.640564, -1047.000000, 458.000000, -626.000000, 70.000000, -378.000000
2.550000, -523.838623, -104.917656, 345.014252, -800.000000, 454.000000, -1033.000000, 78.000000, -402.000000
2.600000, -335.569153, -33.454735, 277.926575, -563.000000, 700.000000, -1245.000000, 85.000000, -426.000000
2.650000, -88.440926, 3.606665, 63.740379, -69.000000, 688.000000, -1195.000000, 87.000000, -469.000000
2.700000, 21.097124, -62.575825, 23.415054, 222.000000, 816.000000, -1138.000000, 69.000000, -499.000000
2.750000, 98.136703, -101.020447, 191.669159, 734.000000, 518.000000, -1048.000000, 64.000000, -538.000000
2.800000, 282.653076, -95.534546, 270.673218, 888.000000, 653.000000, -1183.000000, 42.000000, -586.000000
2.850000, 524.579041, -121.325951, 517.281067, 1120.000000, 97.000000, -722.000000, 13.000000, -639.000000
2.900000, 663.842102, -183.813354, 669.941528, 1149.000000, 20.000000, -239.000000, -3.000000, -687.000000
2.950000, 529.292480, -189.257339, 623.597168, 1290.000000, -126.000000, 361.000000, -22.000000, -705.000000
3.000000, 330.985535, -133.874237, 910.129761, 945.000000, -149.000000, 343.000000, -51.000000, -679.000000
3.050000, 401.192139, -194.757736, 1227.931274, 1191.000000, -401.000000, 484.000000, -102.000000, -651.000000
3.100000, 427.710052, -170.705688, 1200.064941, 147.000000, 246.000000, 676.000000, -117.000000, -615.000000
3.150000, 228.857880, -9.624821, 967.126953, 236.000000, -204.000000, 996.000000, -126.000000, -595.000000
3.200000, 13.708344, -44.076286, 843.746643, 190.000000, -225.000000, 1241.000000, -123.000000, -561.000000
3.250000, -207.047150, -60.464058, 823.201416, -20.000000, -3.000000, 949.000000, -118.000000, -549.000000
3.300000, -385.698425, -38.684891, 748.947937, 39.000000, -308.000000, 902.000000, -100.000000, -529.000000
3.350000, -554.150391, -130.364578, 788.393494, -231.000000, 6.000000, 341.000000, -93.000000, -522.000000
3.400000, -408.045593, -75.462265, 631.691956, 0.000000, -103.000000, 86.000000, -88.000000, -517.000000
3.450000, -42.201912, -49.275707, 547.691650, -66.000000, 169.000000, 35.000000, -84.000000, -519.000000
3.500000, -22.123821, -115.222031, 800.917786, 70.000000, 49.000000, -55.000000, -97.000000, -513.000000
3.550000, 58.364754, -92.171280, 734.899902, -1.000000, 82.000000, 50.000000, -93.000000, -514.000000
3.600000, 74.726852, -98.023956, 662.329712, -9.000000, -35.000000, 53.000000, -85.000000, -519.000000
3.650000, -92.194122, -90.331299, 742.173645, 7.000000, -58.000000, 15.000000, -87.000000, -510.000000
3.700000, 19.930939, -88.856155, 734.534546, -2.000000, -12.000000, 38.000000, -91.000000, -511.000000
3.750000, -9.773190, -101.837151, 756.295532, -53.000000, 28.000000, 10.000000, -81.000000, -510.000000
3.800000, -50.402130, -84.419373, 666.990051, -4.000000, -32.000000, -44.000000, -82.000000, -513.000000
3.850000, 16.138924, -116.187988, 718.319580, -3.000000, -48.000000, -72.000000, -81.000000, -510.000000
3.900000, -20.825531, -101.986984, 778.469849, -23.000000, -14.000000, -65.000000, -85.000000, -513.000000
3.950000, 55.466980, -88.167587, 673.516296, -31.000000, 9.000000, 0.000000, -78.000000, -510.000000
4.000000, -37.230072, -115.262085, 716.779297, -49.000000, 20.000000, -48.000000, -82.000000, -519.000000
4.050000, -27.854904, -93.907776, 715.768188, -30.000000, 46.000000, -60.000000, -79.000000, -519.000000
4.100000, 93.241821, -100.317642, 726.391235, -22.000000, 7.000000, 30.000000, -75.000000, -517.000000
4.150000, -56.944038, -105.628906, 728.240112, -56.000000, 14.000000, -44.000000, -85.000000, -516.000000
4.200000, 14.431469, -95.695625, 629.932617, 17.000000, -2.000000, 4.000000, -84.000000, -511.000000
4.250000, 53.191086, -104.379517, 715.092896, -2.000000, 32.000000, 41.000000, -85.000000, -517.000000
4.300000, -35.180206, -100.745140, 733.733215, 21.000000, -4.000000, 11.000000, -79.000000, -516.000000
4.350000, 31.693062, -115.251114, 675.092834, 15.000000, 25.000000, -3.000000, -85.000000, -504.000000
4.400000, -15.007320, -112.010803, 707.188843, -18.000000, -23.000000, -30.000000, -81.000000, -510.000000
4.450000, 39.488678, -96.986496, 676.969055, 18.000000, 24.000000, -36.000000, -85.000000, -510.000000
4.500000, 33.253731, -101.965759, 719.668335, 32.000000, 32.000000, 41.000000, -81.000000, -508.000000
4.550000, -76.510658, -96.752769, 764.167725, 18.000000, -10.000000, -42.000000, -79.000000, -514.000000
4.600000, 16.205460, -106.266663, 725.614380, -42.000000, 32.000000, -18.000000, -91.000000, -502.000000
4.650000, 8.555390, -108.893044, 704.903503, -25.000000, -1.000000, -7.000000, -87.000000, -508.000000
4.700000, -4.107685, -98.754318, 698.271729, -6.000000, 23.000000, -5.000000, -84.000000, -507.000000
4.750000, 9.203865, -99.058304, 736.639099, -32.000000, -2.000000, -16.000000, -76.000000, -513.000000
4.800000, -36.518414, -98.375702, 698.533630, 30.000000, -14.000000, -14.000000, -79.000000, -511.000000
4.850000, 6.637558, -109.398834, 697.733643, -21.000000, 28.000000, -18.000000, -79.000000, -510.000000
4.900000, 2.007591, -107.618561, 773.773743, -5.000000, 6.000000, 25.000000, -84.000000, -510.000000
4.950000, 17.877056, -105.033165, 679.475037, -32.000000, 2.000000, -44.000000, -87.000000, -502.000000
5.000000, 19.899635, -112.994797, 658.251648, 20.000000, 11.000000, -27.000000, -87.000000, -510.000000
5.050000, -2.733719, -92.248604, 760.998779, -2.000000, -4.000000, -9.000000, -88.000000, -508.000000
5.100000, 32.399654, -93.862617, 737.293274, 23.000000, -29.000000, 18.000000, -87.000000, -505.000000
5.150000, -37.612823, -117.605690, 707.149780, 2.000000, 12.000000, 26.000000, -76.000000, -508.000000
5.200000, -51.384628, -107.470451, 741.281860, 44.000000, -52.000000, 11.000000, -75.000000, -505.000000
5.250000, -12.094013, -98.355362, 745.112854, 7.000000, 11.000000, -4.000000, -82.000000, -508.000000
5.300000, -9.206871, -102.045532, 705.715271, 5.000000, 0.000000, -17.000000, -78.000000, -505.000000
5.350000, 26.613403, -103.381821, 729.817322, -16.000000, 8.000000, 0.000000, -84.000000, -504.000000
5.400000, -25.818817, -102.324036, 752.889282, -27.000000, -5.000000, -42.000000, -78.000000, -501.000000
5.450000, -24.204052, -102.373611, 695.122986, -6.000000, 12.000000, 12.000000, -84.000000, -507.000000
5.500000, -1.469849, -116.135139, 727.482300, 2.000000, -7.000000, -12.000000, -82.000000, -505.000000
5.550000, -32.834232, -112.729767, 741.828186, 15.000000, -6.000000, -8.000000, -76.000000, -508.000000
5.600000, 20.888813, -97.405159, 698.442261, -1.000000, -4.000000, -1.000000, -87.000000, -510.000000
5.650000, -5.175489, -106.287605, 740.058167, 0.000000, -26.000000, -23.000000, -79.000000, -504.000000
5.700000, -5.641075, -107.547867, 719.919434, 5.000000, -15.000000, -11.000000, -78.000000, -502.000000
5.750000, 33.684868, -105.064026, 697.565674, -14.000000, 2.000000, 6.000000, -88.000000, -514.000000
5.800000, -16.603882, -108.690216, 739.632690, 14.000000, -19.000000, -12.000000, -82.000000, -508.000000
5.850000, 31.023155, -99.954292, 729.378052, -4.000000, -12.000000, -23.000000, -73.000000, -507.000000
5.900000, 16.738308, -109.018402, 717.755554, 8.000000, 0.000000, -11.000000, -76.000000, -511.000000
5.950000, -27.086182, -113.047554, 727.745117, 16.000000, -7.000000, 7.000000, -84.000000, -511.000000
6.000000, 30.359077, -96.409805, 749.938416, 0.000000, -4.000000, -45.000000, -90.000000, -507.000000
6.050000, 6.597347, -106.635483, 730.870361, 21.000000, -27.000000, -25.000000, -87.000000, -511.000000
6.100000, 15.024761, -112.271347, 709.291870, -18.000000, 1.000000, -37.000000, -82.000000, -502.000000
6.150000, 29.358295, -95.509979, 737.099365, 1.000000, 4.000000, 0.000000, -84.000000, -510.000000
6.200000, 12.951523, -98.855621, 713.268311, 0.000000, 0.000000, -15.000000, -94.000000, -510.000000
6.250000, 31.611519, -110.966301, 709.321777, -15.000000, 21.000000, 15.000000, -78.000000, -511.000000
6.300000, -6.798534, -108.319618, 722.409302, -2.000000, 31.000000, 28.000000, -81.000000, -511.000000
6.350000, -3.154800, -103.088547, 710.239014, 14.000000, -14.000000, -2.000000, -85.000000, -513.000000
6.400000, -12.546478, -108.624557, 718.392700, 14.000000, -16.000000, -7.000000, -75.000000, -513.000000
6.450000, -25.644077, -107.319244, 707.776611, 11.000000, -5.000000, -40.000000, -81.000000, -504.000000
6.500000, 37.604408, -99.409538, 725.975708, 10.000000, 11.000000, 25.000000, -76.000000, -508.000000
6.550000, -5.006300, -109.916931, 715.466125, 18.000000, 1.000000, -25.000000, -85.000000, -507.000000
6.600000, -18.137726, -108.137611, 708.628601, 0.000000, 12.000000, -17.000000, -84.000000, -514.000000
6.650000, 30.789539, -93.515594, 757.091553, 7.000000, 7.000000, -11.000000, -82.000000, -513.000000
6.700000, -1.918049, -105.456261, 715.398193, -3.000000, 0.000000, -20.000000, -79.000000, -516.000000
6.750000, 9.173294, -107.613937, 713.925293, 7.000000, 0.000000, 2.000000, -81.000000, -505.000000
6.800000, 25.558155, -93.562546, 742.721252, -9.000000, 7.000000, -20.000000, -84.000000, -508.000000
6.850000, 2.456686, -103.824303, 711.387939, 2.000000, -4.000000, -29.000000, -81.000000, -510.000000
6.900000, 1.298435, -108.973366, 734.988464, -25.000000, 20.000000, 0.000000, -93.000000, -510.000000
6.950000, 10.544431, -95.737419, 717.915527, -8.000000, 3.000000, -14.000000, -87.000000, -513.000000
7.000000, 8.671673, -100.882065, 695.321472, 4.000000, -7.000000, -4.000000, -84.000000, -513.000000
7.050000, -8.549366, -109.946404, 714.169312, 1.000000, 0.000000, -14.000000, -87.000000, -513.000000
7.100000, 19.701126, -100.796188, 710.333252, 9.000000, -4.000000, -18.000000, -87.000000, -508.000000
7.150000, 35.300682, -95.707657, 732.457764, -2.000000, 12.000000, 2.000000, -78.000000, -501.000000
7.200000, -1.077152, -101.430511, 717.603149, 9.000000, 1.000000, -5.000000, -85.000000, -513.000000
7.250000, -8.865575, -104.684525, 722.844971, 27.000000, -20.000000, -9.000000, -78.000000, -520.000000
7.300000, -0.457819, -101.855812, 745.404663, -11.000000, -3.000000, -10.000000, -82.000000, -517.000000
7.350000, 6.067162, -98.084534, 699.652771, -2.000000, 1.000000, 0.000000, -82.000000, -511.000000
7.400000, -3.623650, -100.634880, 716.663574, 7.000000, -14.000000, -22.000000, -90.000000, -514.000000
7.450000, -9.491433, -105.375954, 729.163452, 4.000000, -39.000000, -3.000000, -85.000000, -511.000000
7.500000, 6.619395, -99.980415, 710.888916, 34.000000, -38.000000, -13.000000, -82.000000, -517.000000
7.550000, 10.655254, -94.428528, 728.685791, -15.000000, 0.000000, -11.000000, -82.000000, -508.000000
7.600000, 19.289558, -99.057648, 705.425659, -13.000000, 2.000000, -4.000000, -84.000000, -516.000000
7.650000, 6.592048, -96.146301, 720.362671, -18.000000, 6.000000, 14.000000, -84.000000, -516.000000
7.700000, -8.956652, -97.615646, 734.010254, -4.000000, -8.000000, 0.000000, -81.000000, -520.000000
7.750000, 9.397739, -108.610550, 710.088989, -2.000000, -20.000000, -12.000000, -90.000000, -514.000000
7.800000, 8.918983, -100.729950, 739.248047, 2.000000, 10.000000, -4.000000, -82.000000, -508.000000
7.850000, 4.987618, -97.347565, 725.480469, -9.000000, -1.000000, 4.000000, -85.000000, -517.000000
7.900000, -7.232838, -105.405540, 704.828613, -4.000000, -7.000000, 1.000000, -85.000000, -519.000000
7.950000, -7.027571, -97.740433, 723.763245, 0.000000, 7.000000, -14.000000, -88.000000, -514.000000
8.000000, 27.679224, -95.974228, 727.597900, 4.000000, -1.000000, 16.000000, -85.000000, -511.000000
8.050000, 9.352096, -102.313362, 731.550720, -9.000000, 11.000000, 11.000000, -82.000000, -511.000000
8.100000, -1.413824, -98.524742, 709.373291, 16.000000, -6.000000, 3.000000, -88.000000, -508.000000
8.150000, 22.180546, -96.941139, 717.772766, 6.000000, -2.000000, -11.000000, -81.000000, -525.000000
8.200000, 14.531672, -98.152161, 738.540039, 15.000000, -7.000000, 0.000000, -87.000000, -508.000000
8.250000, 26.339766, -96.921104, 724.099731, -10.000000, 10.000000, -14.000000, -90.000000, -516.000000
8.300000, 18.809862, -100.040939, 728.214294, 0.000000, 11.000000, 0.000000, -87.000000, -516.000000
8.350000, -6.269638, -103.872147, 712.226013, -9.000000, 39.000000, 15.000000, -85.000000, -514.000000
8.400000, 4.066213, -100.531189, 723.707153, -16.000000, 5.000000, -7.000000, -79.000000, -522.000000
8.450000, 4.516111, -95.990868, 738.470642, -16.000000, 15.000000, -13.000000, -85.000000, -514.000000
8.500000, 16.678867, -97.426117, 708.105103, -4.000000, 5.000000, 1.000000, -94.000000, -513.000000
8.550000, 14.917421, -102.659607, 723.629272, -2.000000, 1.000000, -21.000000, -85.000000, -513.000000
8.600000, -6.124200, -102.470886, 718.758728, 1.000000, 8.000000, 16.000000, -85.000000, -513.000000
8.650000, 7.535126, -98.276634, 719.337158, 4.000000, -8.000000, -16.000000, -90.000000, -517.000000
8.700000, 7.889544, -103.461075, 743.107788, 2.000000, 4.000000, -16.000000, -76.000000, -517.000000
8.750000, 14.652874, -102.358711, 716.582642, -5.000000, 7.000000, -3.000000, -90.000000, -513.000000
8.800000, 21.295172, -95.649612, 722.980164, -8.000000, 21.000000, 2.000000, -91.000000, -507.000000
8.850000, -6.540265, -103.805740, 720.286987, 9.000000, -7.000000, -18.000000, -79.000000, -511.000000
8.900000, 0.795740, -102.648994, 719.884888, 14.000000, -3.000000, -10.000000, -88.000000, -510.000000
8.950000, 12.940965, -97.436920, 743.070129, 11.000000, -2.000000, 4.000000, -79.000000, -513.000000
9.000000, -0.230350, -105.071312, 719.098816, 1.000000, 10.000000, 0.000000, -81.000000, -511.000000
