Sample Time, Accel_x, Accel_y, Accel_z, Gyro_x, Gyro_y, Gyro_z, Magneto_x, Magneto_y, Magneto_z
0.000000, -16.145920, -188.173355, 232.207687, 4.000000, 2.000000, 20.000000, 48.000000, -400.000000
0.050000, -38.296890, -544.377319, 678.499817, 8.000000, 3.000000, -14.000000, 57.000000, -397.000000
0.100000, -26.601810, -534.753052, 674.233032, -10.000000, 19.000000, -4.000000, 61.000000, -394.000000
0.150000, -16.782785, -362.553680, 450.791107, -4.000000, 2.000000, -28.000000, 52.000000, -400.000000
0.200000, -31.514282, -486.892517, 597.225891, 7.000000, 3.000000, -20.000000, 49.000000, -403.000000
0.250000, -25.061337, -486.803101, 619.651245, 28.000000, 10.000000, -19.000000, 54.000000, -400.000000
0.300000, -3.123628, -411.925751, 541.271606, 6.000000, 9.000000, -33.000000, 52.000000, -396.000000
0.350000, -6.426247, -471.918152, 593.523621, 5.000000, 8.000000, 0.000000, 48.000000, -394.000000
0.400000, -37.383820, -447.263000, 546.950073, 4.000000, -5.000000, -28.000000, 52.000000, -405.000000
0.450000, -40.835083, -459.464294, 572.483459, -15.000000, 10.000000, 0.000000, 55.000000, -394.000000
0.500000, -19.369061, -463.145386, 572.079956, -8.000000, 9.000000, 0.000000, 48.000000, -391.000000
0.550000, -18.167179, -443.696075, 532.674744, 6.000000, 7.000000, -6.000000, 51.000000, -400.000000
0.600000, -27.462639, -473.541626, 583.460754, 7.000000, 14.000000, -16.000000, 48.000000, -394.000000
0.650000, -47.457047, -438.390472, 558.755127, 9.000000, -4.000000, 12.000000, 60.000000, -403.000000
0.700000, -43.769684, -452.855194, 567.913574, 12.000000, -4.000000, -9.000000, 55.000000, -402.000000
0.750000, -29.248058, -468.088287, 570.168518, 12.000000, -3.000000, 13.000000, 52.000000, -399.000000
0.800000, -40.733231, -450.994812, 550.766235, -7.000000, 15.000000, 7.000000, 57.000000, -394.000000
0.850000, -29.777464, -470.000885, 581.418579, -13.000000, -9.000000, -24.000000, 54.000000, -402.000000
0.900000, -30.104895, -440.789551, 550.977661, -2.000000, -16.000000, 7.000000, 51.000000, -399.000000
0.950000, -34.855942, -445.791565, 560.591614, 11.000000, -14.000000, -21.000000, 55.000000, -393.000000
1.000000, -14.538638, -462.723389, 570.513794, 21.000000, -18.000000, -4.000000, 54.000000, -402.000000
1.050000, -42.097931, -457.131531, 570.087280, 16.000000, -21.000000, -30.000000, 55.000000, -400.000000
1.100000, -48.740448, -469.760559, 603.145874, 11.000000, -14.000000, -8.000000, 61.000000, -400.000000
1.150000, -0.287417, -442.876160, 566.284546, -3.000000, -7.000000, -17.000000, 54.000000, -399.000000
1.200000, -2.606370, -452.603180, 568.129761, 2.000000, -2.000000, -2.000000, 52.000000, -394.000000
1.250000, -30.691296, -467.581604, 570.340454, 16.000000, -21.000000, -22.000000, 52.000000, -400.000000
1.300000, -34.664989, -446.187195, 552.831909, 2.000000, -6.000000, -20.000000, 54.000000, -399.000000
1.350000, -27.119333, -452.978455, 580.325867, 6.000000, -6.000000, 2.000000, 51.000000, -402.000000
1.400000, -19.202356, -447.647278, 552.258362, 2.000000, 0.000000, -19.000000, 57.000000, -408.000000
1.450000, -27.298950, -458.034302, 562.308716, 21.000000, -9.000000, 3.000000, 54.000000, -403.000000
1.500000, -30.633539, -462.336182, 589.574341, 6.000000, -2.000000, -8.000000, 48.000000, -394.000000
1.550000, -16.616076, -446.679016, 563.999634, -20.000000, 7.000000, -4.000000, 49.000000, -396.000000
1.600000, -19.520725, -458.254913, 566.325378, -2.000000, 0.000000, 11.000000, 48.000000, -405.000000
1.650000, -38.381550, -449.811401, 557.841309, 11.000000, -11.000000, -16.000000, 45.000000, -397.000000
1.700000, -36.134933, -452.467896, 555.931641, 16.000000, 13.000000, 7.000000, 52.000000, -405.000000
1.750000, -16.870758, -456.435089, 567.316956, 32.000000, 3.000000, -30.000000, 55.000000, -391.000000
1.800000, -17.891884, -444.942322, 588.169067, 18.000000, -25.000000, 3.000000, 57.000000, -400.000000
1.850000, -36.845898, -462.780334, 593.503113, -7.000000, 7.000000, -22.000000, 60.000000, -405.000000
1.900000, -23.085148, -455.852814, 565.546448, 11.000000, -10.000000, -5.000000, 52.000000, -403.000000
1.950000, -10.482835, -446.908630, 593.060791, 2.000000, -12.000000, 0.000000, 55.000000, -400.000000
2.000000, -27.831367, -454.858093, 576.895752, 0.000000, -5.000000, 11.000000, 52.000000, -397.000000
2.050000, -14.939737, -447.202759, 545.584595, 0.000000, -3.000000, -12.000000, 55.000000, -400.000000
2.100000, -27.735001, -455.945557, 577.867004, 28.000000, -18.000000, -23.000000, 55.000000, -400.000000
2.150000, -44.254044, -456.372559, 565.350464, 5.000000, 2.000000, -25.000000, 60.000000, -396.000000
2.200000, -9.812078, -449.212646, 590.129944, 9.000000, -10.000000, 11.000000, 42.000000, -400.000000
2.250000, -10.786331, -455.286194, 597.169678, -1.000000, 0.000000, -25.000000, 52.000000, -394.000000
2.300000, -8.480357, -454.169373, 546.356384, -9.000000, 6.000000, -19.000000, 51.000000, -403.000000
2.350000, -25.960064, -453.189392, 576.181335, 30.000000, -30.000000, -4.000000, 54.000000, -399.000000
2.400000, -53.028587, -447.985657, 582.900024, 0.000000, 5.000000, -3.000000, 49.000000, -396.000000
2.450000, -13.018838, -451.238373, 559.238831, 16.000000, -10.000000, -11.000000, 54.000000, -400.000000
2.500000, -21.956711, -458.779724, 568.320862, 0.000000, 7.000000, -11.000000, 60.000000, -403.000000
2.550000, -41.571678, -450.716492, 568.787048, -3.000000, -3.000000, 16.000000, 45.000000, -403.000000
2.600000, -35.242668, -450.748810, 565.242065, -1.000000, 17.000000, 4.000000, 46.000000, -400.000000
2.650000, -40.394005, -433.694275, 521.617920, 8.000000, 82.000000, -16.000000, 55.000000, -405.000000
2.700000, -36.775146, -385.592407, 448.122986, 102.000000, 314.000000, 31.000000, 58.000000, -403.000000
2.750000, -56.523857, -295.581299, 280.582397, 315.000000, 425.000000, 15.000000, 76.000000, -403.000000
2.800000, 443.361511, -140.572861, 250.137238, 907.000000, 708.000000, -140.000000, 117.000000, -417.000000
2.850000, 1198.341064, -73.710411, 720.857239, 973.000000, 490.000000, 1151.000000, 177.000000, -399.000000
2.900000, 553.171265, -239.853012, 1244.190430, 536.000000, 10.000000, 2049.000000, 171.000000, -375.000000
2.950000, -698.009033, -463.719452, 1456.755371, -918.000000, -41.000000, 1845.000000, 51.000000, -352.000000
3.000000, -946.670288, -442.675232, 1364.768799, -1202.000000, -326.000000, 1164.000000, -37.000000, -268.000000
3.050000, -1240.148804, -251.319565, 919.353760, -1493.000000, -21.000000, 2.000000, -57.000000, -195.000000
3.100000, -1522.225708, -136.959320, 502.494049, -1403.000000, 163.000000, -715.000000, -61.000000, -202.000000
3.150000, -1046.136719, 1.430344, 263.912048, -1120.000000, 486.000000, -1327.000000, -48.000000, -237.000000
3.200000, -619.016113, 144.035019, 77.039368, -715.000000, 797.000000, -1411.000000, -25.000000, -276.000000
3.250000, -253.850311, 119.550079, 1.548611, -142.000000, 861.000000, -1646.000000, -10.000000, -309.000000
3.300000, 64.539749, 52.801224, 0.564047, 226.000000, 1078.000000, -1379.000000, -7.000000, -358.000000
3.350000, 141.385559, 4.646448, 52.135582, 761.000000, 1019.000000, -1222.000000, 3.000000, -396.000000
3.400000, 314.727234, -5.453815, 149.423492, 1216.000000, 985.000000, -1111.000000, 10.000000, -417.000000
3.450000, 457.008698, 17.146072, 489.734558, 1737.000000, 753.000000, -855.000000, 0.000000, -453.000000
3.500000, 567.383606, -98.859398, 886.182251, 1424.000000, 481.000000, -197.000000, 7.000000, -471.000000
3.550000, 709.385559, -180.292084, 795.282837, 1749.000000, 37.000000, -106.000000, 0.000000, -474.000000
3.600000, 673.014160, -96.177086, 800.618103, 1395.000000, -9.000000, 605.000000, -12.000000, -466.000000
3.650000, 322.515442, -131.192398, 1169.224854, 1307.000000, -337.000000, 1032.000000, -28.000000, -415.000000
3.700000, 142.619370, -154.527817, 1238.476074, 802.000000, -142.000000, 1103.000000, -79.000000, -349.000000
3.750000, 194.115997, -74.415230, 1146.520142, 289.000000, -697.000000, 1103.000000, -198.000000, -316.000000
3.800000, -106.246719, -79.323433, 1003.591431, 228.000000, -382.000000, 1059.000000, -279.000000, -412.000000
3.850000, 2.025482, 23.800365, 831.729736, 301.000000, -565.000000, 1051.000000, -237.000000, -532.000000
3.900000, -45.153198, 2.084381, 774.322327, 58.000000, -217.000000, 924.000000, -118.000000, -576.000000
3.950000, -690.723511, -185.285675, 754.019287, 263.000000, -377.000000, 1010.000000, -31.000000, -568.000000
4.000000, -416.619873, -110.552948, 932.016357, -242.000000, -2.000000, 72.000000, 36.000000, -531.000000
4.050000, -238.962997, -83.658997, 869.006836, -50.000000, 12.000000, -158.000000, 54.000000, -523.000000
4.100000, -275.267334, -89.121429, 646.614075, -219.000000, 154.000000, -238.000000, 73.000000, -532.000000
4.150000, 152.515076, -25.933281, 774.421204, -25.000000, 42.000000, -70.000000, 57.000000, -543.000000
4.200000, 46.607597, -91.736061, 734.945557, -19.000000, 30.000000, 0.000000, 60.000000, -540.000000
4.250000, 99.172958, -59.412186, 691.015625, 31.000000, -5.000000, -48.000000, 55.000000, -543.000000
4.300000, 84.501099, -73.363617, 775.953247, 31.000000, 4.000000, 46.000000, 60.000000, -543.000000
4.350000, -66.505157, -98.960876, 689.664429, -40.000000, 77.000000, -66.000000, 63.000000, -543.000000
4.400000, 169.531250, -46.832100, 708.855347, -4.000000, -27.000000, -4.000000, 63.000000, -538.000000
4.450000, -39.953770, -111.173050, 681.836731, -95.000000, 51.000000, -85.000000, 61.000000, -531.000000
4.500000, 27.360886, -75.936287, 671.851929, 43.000000, 21.000000, -58.000000, 57.000000, -532.000000
4.550000, 133.618134, -74.925110, 752.615601, -65.000000, 82.000000, 16.000000, 52.000000, -535.000000
4.600000, -66.507477, -111.373489, 669.381653, 0.000000, 32.000000, -46.000000, 63.000000, -535.000000
4.650000, 116.063492, -57.457031, 728.963745, -65.000000, 75.000000, -14.000000, 60.000000, -534.000000
4.700000, -26.858124, -106.304932, 767.586609, -10.000000, 35.000000, -50.000000, 63.000000, -537.000000
4.750000, -50.947037, -87.898125, 687.982910, -4.000000, 16.000000, -23.000000, 58.000000, -538.000000
4.800000, 65.983353, -80.425354, 758.471313, -144.000000, 203.000000, -87.000000, 66.000000, -535.000000
4.850000, -29.786499, -120.208710, 717.432190, 10.000000, 21.000000, -8.000000, 57.000000, -529.000000
4.900000, 117.205917, -84.746338, 703.313232, -42.000000, 38.000000, -55.000000, 57.000000, -532.000000
4.950000, -50.128006, -122.027626, 738.080627, 28.000000, -16.000000, -12.000000, 51.000000, -528.000000
5.000000, -40.388016, -102.884415, 677.200684, -18.000000, 34.000000, -18.000000, 55.000000, -537.000000
5.050000, 117.343445, -91.545845, 746.686035, 8.000000, -5.000000, 23.000000, 48.000000, -532.000000
5.100000, -71.655746, -124.828491, 733.868652, -9.000000, 0.000000, -31.000000, 57.000000, -529.000000
5.150000, 34.422318, -79.602356, 687.957153, 72.000000, -46.000000, -5.000000, 58.000000, -531.000000
5.200000, 18.919769, -103.225800, 739.400940, 35.000000, -11.000000, 0.000000, 54.000000, -532.000000
5.250000, -13.854858, -102.685997, 713.997681, 10.000000, -2.000000, -38.000000, 55.000000, -540.000000
5.300000, 64.581039, -90.479324, 733.071228, 75.000000, -38.000000, -16.000000, 54.000000, -535.000000
5.350000, -38.241318, -116.067741, 733.015076, -22.000000, 49.000000, -20.000000, 54.000000, -531.000000
5.400000, 69.242683, -80.884010, 704.513367, 11.000000, -14.000000, 7.000000, 52.000000, -534.000000
5.450000, 11.435463, -97.794647, 728.250977, 16.000000, 12.000000, -30.000000, 48.000000, -529.000000
5.500000, -35.063065, -102.223701, 726.273193, 22.000000, -26.000000, -23.000000, 54.000000, -537.000000
5.550000, 51.108475, -84.776917, 743.918091, -19.000000, 25.000000, 16.000000, 52.000000, -526.000000
5.600000, -67.919106, -103.374298, 724.727966, 20.000000, 19.000000, 0.000000, 51.000000, -526.000000
5.650000, 20.653303, -88.686821, 695.952026, 27.000000, -13.000000, -28.000000, 55.000000, -535.000000
5.700000, 10.107338, -103.747490, 723.082520, 30.000000, -1.000000, -19.000000, 52.000000, -528.000000
5.750000, -34.854889, -95.132698, 736.739685, 8.000000, 16.000000, -16.000000, 52.000000, -531.000000
5.800000, 80.990852, -77.185020, 730.849976, 4.000000, -7.000000, -8.000000, 57.000000, -537.000000
5.850000, -31.959303, -104.205376, 703.380005, 2.000000, 18.000000, 2.000000, 55.000000, -535.000000
5.900000, -16.896439, -90.918907, 715.842346, 27.000000, -11.000000, -28.000000, 52.000000, -534.000000
5.950000, 32.774948, -91.975441, 726.755859, 9.000000, 11.000000, -8.000000, 54.000000, -535.000000
6.000000, -11.690308, -93.286003, 698.256531, 9.000000, 18.000000, -1.000000, 55.000000, -531.000000
6.050000, 19.713333, -85.604996, 724.812073, 4.000000, 2.000000, -9.000000, 58.000000, -540.000000
6.100000, -30.546906, -100.516190, 728.890686, 10.000000, -8.000000, -36.000000, 46.000000, -537.000000
6.150000, 21.007160, -81.936150, 705.445923, -7.000000, 2.000000, -12.000000, 46.000000, -537.000000
6.200000, 34.460960, -81.343025, 721.225586, -3.000000, 3.000000, -21.000000, 51.000000, -537.000000
6.250000, -21.655838, -87.879524, 726.601379, 9.000000, -9.000000, -2.000000, 49.000000, -546.000000
6.300000, 18.056789, -85.930321, 724.079468, 2.000000, 0.000000, 1.000000, 48.000000, -543.000000
6.350000, -23.473557, -99.614510, 724.294128, 11.000000, -16.000000, -27.000000, 61.000000, -534.000000
6.400000, 8.335255, -83.429817, 731.048889, 7.000000, 2.000000, 4.000000, 52.000000, -534.000000
6.450000, 20.467224, -86.790321, 732.844421, 11.000000, -13.000000, -29.000000, 57.000000, -534.000000
6.500000, -23.954224, -96.153503, 714.734619, 10.000000, 31.000000, 23.000000, 57.000000, -535.000000
6.550000, 35.740242, -84.495819, 705.270752, 21.000000, 3.000000, -37.000000, 52.000000, -534.000000
6.600000, 5.561813, -90.336723, 725.906006, 30.000000, -6.000000, -7.000000, 46.000000, -532.000000
6.650000, -7.821795, -86.224411, 759.294739, 0.000000, 18.000000, -1.000000, 60.000000, -534.000000
6.700000, -13.055859, -97.157135, 740.653748, 14.000000, -16.000000, -7.000000, 57.000000, -534.000000
6.750000, -47.638752, -98.025543, 714.024841, -7.000000, 14.000000, -18.000000, 55.000000, -531.000000
6.800000, 8.655022, -77.225998, 734.366089, 14.000000, -16.000000, -39.000000, 51.000000, -529.000000
6.850000, -6.470157, -88.114029, 736.812317, 21.000000, -23.000000, -11.000000, 42.000000, -535.000000
6.900000, -0.866024, -83.475464, 728.371094, 9.000000, -17.000000, -22.000000, 46.000000, -534.000000
6.950000, 23.104450, -80.275124, 715.449097, 12.000000, -37.000000, -28.000000, 52.000000, -534.000000
7.000000, -17.371723, -90.325142, 705.285950, 30.000000, -18.000000, -32.000000, 45.000000, -537.000000
7.050000, -0.943827, -82.460571, 737.832581, 12.000000, -18.000000, -10.000000, 48.000000, -544.000000
7.100000, -4.402839, -86.044121, 735.891113, -1.000000, -4.000000, -25.000000, 45.000000, -544.000000
7.150000, -3.838881, -83.370834, 704.238281, 21.000000, -18.000000, -3.000000, 49.000000, -543.000000
7.200000, -0.025311, -79.916069, 724.391602, 7.000000, 11.000000, -17.000000, 45.000000, -543.000000
7.250000, -1.304440, -82.306480, 741.932007, 18.000000, -7.000000, -2.000000, 45.000000, -540.000000
7.300000, 19.123650, -79.911667, 738.159973, 18.000000, -3.000000, 28.000000, 52.000000, -543.000000
7.350000, -20.110172, -89.241852, 742.571655, 26.000000, -1.000000, 7.000000, 57.000000, -544.000000
7.400000, -9.810320, -84.079010, 739.158691, 6.000000, -16.000000, 7.000000, 58.000000, -538.000000
7.450000, 10.001732, -75.143486, 722.463135, -7.000000, -4.000000, -32.000000, 49.000000, -537.000000
7.500000, -6.769112, -79.452530, 707.682739, 18.000000, -14.000000, -4.000000, 52.000000, -537.000000
7.550000, 9.874582, -80.641556, 728.856567, 14.000000, -20.000000, -9.000000, 49.000000, -538.000000
7.600000, -3.253160, -83.158646, 742.556030, 29.000000, -16.000000, -9.000000, 52.000000, -537.000000
7.650000, 13.298349, -79.510674, 727.760742, 22.000000, -10.000000, -5.000000, 49.000000, -538.000000
7.700000, 7.571438, -80.031876, 731.751038, 0.000000, 11.000000, 9.000000, 45.000000, -532.000000
7.750000, -19.450897, -85.147743, 728.473450, 13.000000, -10.000000, -18.000000, 43.000000, -540.000000
7.800000, 20.998133, -79.490623, 729.213440, 8.000000, -2.000000, -10.000000, 49.000000, -532.000000
7.850000, 10.216039, -77.114502, 728.523987, -3.000000, -7.000000, -23.000000, 48.000000, -537.000000
7.900000, 1.545805, -77.995796, 718.618591, -1.000000, 8.000000, 0.000000, 54.000000, -537.000000
7.950000, 4.461918, -80.352371, 737.210938, -4.000000, 5.000000, -7.000000, 52.000000, -534.000000
8.000000, -18.457941, -81.740730, 732.236084, 8.000000, -10.000000, -7.000000, 48.000000, -541.000000
8.050000, 17.271370, -78.619858, 718.333130, -2.000000, 0.000000, -20.000000, 46.000000, -534.000000
8.100000, 11.854549, -81.857895, 720.791382, 16.000000, -21.000000, 9.000000, 49.000000, -538.000000
8.150000, -13.305536, -80.808792, 710.907715, -7.000000, 9.000000, 4.000000, 51.000000, -531.000000
8.200000, 9.083621, -76.782547, 728.137085, 18.000000, -21.000000, -31.000000, 54.000000, -532.000000
8.250000, 8.280564, -79.910706, 738.388550, 2.000000, -11.000000, -4.000000, 45.000000, -538.000000
8.300000, 16.592545, -78.948868, 716.725098, 2.000000, -16.000000, -11.000000, 58.000000, -535.000000
8.350000, 8.611151, -81.137360, 724.010376, 22.000000, -9.000000, -18.000000, 45.000000, -535.000000
8.400000, -4.078859, -82.514519, 731.447021, 15.000000, -2.000000, -8.000000, 46.000000, -538.000000
8.450000, 12.772480, -75.962196, 717.421143, 7.000000, 4.000000, -5.000000, 54.000000, -531.000000
8.500000, -0.852345, -79.013771, 738.843872, 0.000000, -2.000000, -25.000000, 52.000000, -535.000000
8.550000, 4.560630, -82.363464, 746.081299, 8.000000, -30.000000, -21.000000, 57.000000, -547.000000
8.600000, 15.632677, -78.555801, 706.847473, 0.000000, -4.000000, -9.000000, 49.000000, -544.000000
8.650000, 3.037799, -76.168694, 716.498901, -13.000000, 3.000000, 0.000000, 42.000000, -540.000000
8.700000, -0.896393, -77.122543, 734.033630, 14.000000, 1.000000, -11.000000, 48.000000, -538.000000
8.750000, -13.609966, -81.723518, 713.506226, 1.000000, -2.000000, -22.000000, 58.000000, -541.000000
8.800000, 14.531654, -75.696419, 721.512207, 8.000000, -5.000000, -2.000000, 52.000000, -537.000000
8.850000, 17.202511, -76.745537, 721.156982, 19.000000, -13.000000, 4.000000, 48.000000, -538.000000
8.900000, -21.870115, -90.687744, 709.834961, 9.000000, -9.000000, -11.000000, 54.000000, -537.000000
8.950000, 8.238960, -80.681496, 730.430969, 1.000000, -5.000000, 1.000000, 48.000000, -537.000000
9.000000, 5.416548, -74.530914, 744.028381, 14.000000, -6.000000, -16.000000, 46.000000, -540.000000
9.050000, -17.954321, -83.552658, 734.992615, 0.000000, 2.000000, -2.000000, 52.000000, -538.000000
9.100000, 10.988342, -75.391945, 722.664673, 2.000000, -4.000000, -2.000000, 55.000000, -538.000000
9.150000, 1.702792, -76.949966, 721.636780, -4.000000, 2.000000, 4.000000, 52.000000, -531.000000
