Sample Time, Accel_x, Accel_y, Accel_z, Gyro_x, Gyro_y, Gyro_z, Magneto_x, Magneto_y, Magneto_z
0.000000, 6.458368, -115.957062, 271.251465, -4.000000, -6.000000, -31.000000, 40.000000, -450.000000
0.050000, 21.366138, -335.301636, 795.511719, 42.000000, -32.000000, -11.000000, 43.000000, -457.000000
0.100000, 11.381515, -331.622589, 799.467957, 21.000000, -7.000000, 16.000000, 48.000000, -457.000000
0.150000, -19.221642, -226.158005, 537.679993, 1.000000, 4.000000, 8.000000, 37.000000, -456.000000
0.200000, -13.133162, -296.580475, 698.180725, 14.000000, 3.000000, 0.000000, 34.000000, -453.000000
0.250000, -0.461411, -298.969604, 724.749146, 0.000000, 9.000000, -14.000000, 40.000000, -448.000000
0.300000, -8.946171, -262.150726, 631.958252, 6.000000, -2.000000, -20.000000, 37.000000, -453.000000
0.350000, 3.786781, -294.101501, 699.125916, -4.000000, 15.000000, -9.000000, 40.000000, -456.000000
0.400000, 9.673325, -272.890839, 663.313354, 9.000000, -1.000000, -7.000000, 43.000000, -451.000000
0.450000, -6.996148, -284.370636, 686.352661, -9.000000, 4.000000, 0.000000, 39.000000, -457.000000
0.500000, -7.115029, -287.483948, 681.710083, -4.000000, -1.000000, -14.000000, 40.000000, -460.000000
0.550000, 9.118336, -271.999023, 654.335388, -4.000000, 2.000000, -9.000000, 40.000000, -456.000000
0.600000, 12.396084, -290.073425, 706.916382, 0.000000, -3.000000, -9.000000, 42.000000, -456.000000
0.650000, -6.628878, -275.663361, 649.854980, -4.000000, -3.000000, -9.000000, 42.000000, -454.000000
0.700000, -4.157333, -285.099976, 663.668823, 11.000000, 2.000000, -2.000000, 48.000000, -463.000000
0.750000, 9.709530, -283.778992, 695.213623, 6.000000, 0.000000, -21.000000, 30.000000, -454.000000
0.800000, 3.024318, -273.148804, 669.567139, 7.000000, 5.000000, -2.000000, 37.000000, -457.000000
0.850000, 13.305576, -286.925903, 684.426453, 18.000000, -11.000000, -16.000000, 46.000000, -459.000000
0.900000, 12.900768, -268.855133, 664.302002, 11.000000, 10.000000, -16.000000, 37.000000, -459.000000
0.950000, -17.111925, -282.327087, 701.418701, 7.000000, -8.000000, -4.000000, 46.000000, -459.000000
1.000000, -18.036867, -288.484070, 688.706848, -3.000000, 4.000000, -9.000000, 28.000000, -459.000000
1.050000, 3.803342, -271.010101, 643.524475, 2.000000, 2.000000, -12.000000, 36.000000, -459.000000
1.100000, 10.156058, -283.554199, 690.137146, -11.000000, 0.000000, -28.000000, 39.000000, -459.000000
1.150000, 10.816904, -273.788696, 666.857239, 9.000000, 7.000000, -7.000000, 34.000000, -460.000000
1.200000, 6.376884, -280.136047, 674.420654, -9.000000, 16.000000, 5.000000, 43.000000, -454.000000
1.250000, -16.249277, -287.668518, 697.476135, 3.000000, 8.000000, -2.000000, 28.000000, -450.000000
1.300000, -9.784559, -272.294006, 664.797974, -7.000000, 4.000000, -13.000000, 33.000000, -456.000000
1.350000, 8.636317, -282.365723, 685.395508, 6.000000, 0.000000, 4.000000, 40.000000, -450.000000
1.400000, -13.889729, -280.981445, 672.425903, 1.000000, 2.000000, -14.000000, 39.000000, -456.000000
1.450000, -19.600586, -282.476074, 662.847107, -7.000000, 7.000000, -25.000000, 40.000000, -457.000000
1.500000, -17.401167, -284.963043, 678.314575, 11.000000, -4.000000, 4.000000, 36.000000, -453.000000
1.550000, -16.458447, -273.257446, 670.170776, 0.000000, 0.000000, -7.000000, 42.000000, -456.000000
1.600000, 1.384773, -281.219360, 686.058228, 11.000000, -2.000000, 11.000000, 43.000000, -454.000000
1.650000, -7.474812, -279.244690, 675.796265, 0.000000, 9.000000, 6.000000, 43.000000, -451.000000
1.700000, 3.297396, -276.501038, 665.087280, -3.000000, 6.000000, -21.000000, 49.000000, -459.000000
1.750000, 7.851631, -280.814636, 673.071777, 7.000000, 0.000000, -4.000000, 43.000000, -451.000000
1.800000, -25.540586, -277.005219, 674.980469, 12.000000, -6.000000, -4.000000, 36.000000, -451.000000
1.850000, -11.527393, -281.632965, 682.919678, 20.000000, -7.000000, 7.000000, 45.000000, -454.000000
1.900000, 11.536318, -275.137939, 664.469666, -9.000000, 12.000000, -21.000000, 45.000000, -465.000000
1.950000, 6.961400, -272.601074, 660.329102, 11.000000, 0.000000, 0.000000, 31.000000, -451.000000
2.000000, -8.641602, -281.615112, 675.190613, 17.000000, 0.000000, 16.000000, 39.000000, -457.000000
2.050000, -22.777451, -277.797913, 679.507446, 0.000000, 8.000000, 4.000000, 33.000000, -457.000000
2.100000, -7.153345, -277.078979, 683.145752, 4.000000, 7.000000, -5.000000, 36.000000, -457.000000
2.150000, 7.946521, -274.663513, 673.238220, 14.000000, 0.000000, -4.000000, 31.000000, -459.000000
2.200000, 7.960761, -272.015442, 681.020935, -1.000000, 15.000000, 2.000000, 37.000000, -459.000000
2.250000, -15.347834, -276.490326, 684.523193, 11.000000, -2.000000, 0.000000, 36.000000, -456.000000
2.300000, -24.115541, -275.710083, 671.768677, 9.000000, 11.000000, -18.000000, 30.000000, -456.000000
2.350000, 8.278285, -274.233948, 684.893921, 20.000000, -11.000000, -15.000000, 37.000000, -463.000000
2.400000, 8.167871, -271.077118, 678.809692, -8.000000, 9.000000, -14.000000, 36.000000, -454.000000
2.450000, 0.282592, -271.683044, 667.146973, 16.000000, 1.000000, -4.000000, 40.000000, -463.000000
2.500000, -6.508039, -275.350281, 681.499878, -4.000000, 20.000000, -6.000000, 34.000000, -457.000000
2.550000, -21.438519, -272.857727, 678.630188, 1.000000, 13.000000, -11.000000, 34.000000, -454.000000
2.600000, 2.156056, -272.224823, 670.172852, 7.000000, 21.000000, -6.000000, 43.000000, -448.000000
2.650000, 6.141453, -267.617645, 655.003418, 28.000000, 42.000000, -18.000000, 42.000000, -453.000000
2.700000, 9.227346, -258.490265, 628.756775, 46.000000, 105.000000, -54.000000, 27.000000, -456.000000
2.750000, 64.923706, -238.867645, 596.423157, 150.000000, 135.000000, 24.000000, 30.000000, -450.000000
2.800000, 111.149498, -176.425369, 487.981018, 199.000000, 270.000000, 105.000000, 24.000000, -444.000000
2.850000, 236.165039, -96.076927, 424.068481, 525.000000, 199.000000, 369.000000, 12.000000, -448.000000
2.900000, 429.751007, -67.712334, 645.286255, 801.000000, 200.000000, 600.000000, -19.000000, -435.000000
2.950000, 333.594116, -84.903839, 884.468872, 438.000000, 560.000000, 1224.000000, -40.000000, -415.000000
3.000000, -42.586983, -99.711296, 999.316650, 396.000000, 218.000000, 1227.000000, -54.000000, -388.000000
3.050000, -483.594849, -146.619766, 1336.073486, -247.000000, 175.000000, 1078.000000, -57.000000, -357.000000
3.100000, -865.819153, -213.249664, 1347.831055, -656.000000, -147.000000, 417.000000, -39.000000, -351.000000
3.150000, -776.399841, -136.039093, 824.309082, -1005.000000, -76.000000, -66.000000, -15.000000, -351.000000
3.200000, -512.594482, 15.071190, 660.935059, -978.000000, -103.000000, -416.000000, 19.000000, -367.000000
3.250000, -582.667786, -10.369877, 602.348755, -838.000000, -167.000000, -625.000000, 24.000000, -373.000000
3.300000, -654.781616, -92.822594, 403.668213, -907.000000, 143.000000, -956.000000, 46.000000, -402.000000
3.350000, -528.598999, -76.328011, 362.312897, -455.000000, 144.000000, -1214.000000, 57.000000, -418.000000
3.400000, -190.312042, -47.414108, 202.547180, -205.000000, 332.000000, -1362.000000, 64.000000, -445.000000
3.450000, 45.110962, -32.305702, 185.741776, 172.000000, 413.000000, -1282.000000, 52.000000, -475.000000
3.500000, 109.179276, -49.959671, 262.313232, 616.000000, 584.000000, -1218.000000, 48.000000, -513.000000
3.550000, 301.891815, -54.597393, 287.775604, 1003.000000, 529.000000, -844.000000, 60.000000, -543.000000
3.600000, 315.917114, 3.464913, 555.873535, 1164.000000, 397.000000, -982.000000, 69.000000, -588.000000
3.650000, 403.217560, 36.163269, 761.727173, 1343.000000, 310.000000, -259.000000, 34.000000, -624.000000
3.700000, 590.051025, 33.064938, 982.802612, 1216.000000, 134.000000, 159.000000, -54.000000, -625.000000
3.750000, 472.883575, 20.063238, 1249.996338, 800.000000, 44.000000, 359.000000, -165.000000, -613.000000
3.800000, 380.791382, -7.470123, 1264.423096, 490.000000, -190.000000, 726.000000, -193.000000, -589.000000
3.850000, 180.101074, -30.281223, 1000.457886, 86.000000, 91.000000, 819.000000, -211.000000, -577.000000
3.900000, -49.764351, -39.124886, 752.883301, 160.000000, -133.000000, 973.000000, -189.000000, -553.000000
3.950000, -127.206703, -32.077492, 910.152466, 72.000000, -11.000000, 963.000000, -186.000000, -535.000000
4.000000, -153.376160, 19.303936, 799.276062, 66.000000, -79.000000, 665.000000, -177.000000, -531.000000
4.050000, -41.779667, 83.089233, 557.434814, 65.000000, -22.000000, 767.000000, -171.000000, -523.000000
4.100000, -386.119263, 26.484688, 821.078796, 89.000000, -221.000000, 434.000000, -165.000000, -516.000000
4.150000, -660.644470, -53.245510, 799.412720, -106.000000, 35.000000, 77.000000, -165.000000, -517.000000
4.200000, -152.823196, 4.001183, 655.770874, -53.000000, -44.000000, -186.000000, -163.000000, -517.000000
4.250000, 99.191269, 43.036819, 753.072754, -128.000000, 7.000000, -289.000000, -162.000000, -520.000000
4.300000, 44.264973, 14.680043, 690.167114, -25.000000, -7.000000, -81.000000, -162.000000, -526.000000
4.350000, 88.292595, 16.847757, 671.605103, -26.000000, 28.000000, -44.000000, -156.000000, -520.000000
4.400000, -15.369917, 9.052443, 722.731445, 58.000000, -99.000000, 1.000000, -163.000000, -517.000000
4.450000, -41.704803, 5.399543, 749.486816, -35.000000, 25.000000, -88.000000, -162.000000, -526.000000
4.500000, 17.030632, 21.991993, 740.825684, 71.000000, -78.000000, -102.000000, -160.000000, -531.000000
4.550000, 20.386091, 8.217930, 719.804138, -83.000000, 92.000000, -105.000000, -168.000000, -532.000000
4.600000, -1.367218, -1.920083, 771.775635, -6.000000, -56.000000, 39.000000, -163.000000, -531.000000
4.650000, -25.617258, 9.900070, 725.085205, -11.000000, -19.000000, 12.000000, -166.000000, -523.000000
4.700000, 19.216747, 8.963664, 695.435730, -2.000000, -22.000000, -14.000000, -171.000000, -528.000000
4.750000, 14.993784, 5.143806, 737.086609, -33.000000, 0.000000, -4.000000, -165.000000, -531.000000
4.800000, -20.832272, 5.907413, 718.632507, -11.000000, -26.000000, -16.000000, -163.000000, -535.000000
4.850000, 3.000047, 0.869342, 728.331665, -46.000000, 39.000000, 11.000000, -160.000000, -529.000000
4.900000, 8.094280, -4.279146, 716.288330, 18.000000, -5.000000, 8.000000, -156.000000, -528.000000
4.950000, -4.492667, -3.192746, 723.802612, 4.000000, 9.000000, -56.000000, -160.000000, -537.000000
5.000000, 5.856639, 12.176204, 755.858704, -2.000000, -23.000000, -14.000000, -162.000000, -525.000000
5.050000, 16.579021, 12.475640, 725.317200, -7.000000, -16.000000, -1.000000, -166.000000, -532.000000
5.100000, -21.485512, -12.516257, 744.213684, -16.000000, -45.000000, 9.000000, -159.000000, -532.000000
5.150000, -10.508862, -4.496473, 731.891479, -15.000000, 2.000000, -31.000000, -153.000000, -534.000000
5.200000, 57.779224, 13.360559, 691.969360, -7.000000, 4.000000, 1.000000, -151.000000, -534.000000
5.250000, 18.319641, 0.676826, 738.402039, -9.000000, 6.000000, -9.000000, -156.000000, -534.000000
5.300000, -19.219019, -3.272379, 728.714050, -7.000000, -3.000000, -28.000000, -165.000000, -534.000000
5.350000, 23.557323, 1.102246, 697.533813, -36.000000, 24.000000, -32.000000, -154.000000, -537.000000
5.400000, 19.186378, -2.256767, 730.042969, -20.000000, 6.000000, -14.000000, -163.000000, -541.000000
5.450000, 13.986174, -4.556980, 747.216553, 16.000000, -12.000000, 4.000000, -154.000000, -543.000000
5.500000, 36.654922, -2.751185, 742.510498, -30.000000, 44.000000, 8.000000, -162.000000, -531.000000
5.550000, -3.658302, -5.631374, 716.489197, 9.000000, -16.000000, 8.000000, -154.000000, -532.000000
5.600000, -33.743523, -13.847892, 721.732849, 21.000000, -11.000000, -32.000000, -160.000000, -529.000000
5.650000, 13.139063, -7.264890, 759.561157, 4.000000, -34.000000, -7.000000, -157.000000, -532.000000
5.700000, 19.141136, -2.742463, 738.388550, -28.000000, 14.000000, 20.000000, -163.000000, -532.000000
5.750000, -2.562744, -9.430556, 716.933594, 0.000000, 18.000000, 8.000000, -153.000000, -529.000000
5.800000, -2.336349, -10.125082, 734.194092, -30.000000, 18.000000, 13.000000, -151.000000, -537.000000
5.850000, -15.786486, -11.205913, 740.643921, 0.000000, 6.000000, -25.000000, -153.000000, -523.000000
5.900000, 19.204891, -7.916286, 732.475159, -2.000000, 15.000000, -9.000000, -147.000000, -534.000000
5.950000, 26.470181, -4.565285, 724.562988, -1.000000, -15.000000, 4.000000, -156.000000, -535.000000
6.000000, -24.337601, -7.875209, 729.538330, -2.000000, -28.000000, -10.000000, -154.000000, -532.000000
6.050000, -3.144806, -10.661528, 734.827515, 15.000000, -35.000000, -14.000000, -157.000000, -538.000000
6.100000, 13.397890, -11.133781, 746.566833, -16.000000, -8.000000, -21.000000, -160.000000, -540.000000
6.150000, 8.921753, -5.938073, 731.219543, -22.000000, 4.000000, 0.000000, -151.000000, -544.000000
6.200000, 10.210598, -9.964215, 700.992920, 10.000000, -14.000000, 22.000000, -145.000000, -538.000000
6.250000, -10.272390, -13.517399, 727.460510, -11.000000, 13.000000, -9.000000, -160.000000, -531.000000
6.300000, 22.833406, -5.380360, 730.256165, 1.000000, 4.000000, 5.000000, -150.000000, -531.000000
6.350000, 26.726530, -9.602840, 727.436646, -14.000000, 9.000000, -37.000000, -144.000000, -537.000000
6.400000, -5.977444, -14.065827, 746.360107, -8.000000, 4.000000, -6.000000, -150.000000, -544.000000
6.450000, 11.278832, -11.084667, 720.840027, 1.000000, 0.000000, -3.000000, -151.000000, -538.000000
6.500000, 0.767387, -10.389384, 733.458374, -7.000000, 11.000000, 8.000000, -147.000000, -534.000000
6.550000, -9.328538, -12.412720, 734.102539, -15.000000, 11.000000, -16.000000, -154.000000, -535.000000
6.600000, -1.579689, -19.554285, 711.139587, -27.000000, 57.000000, -35.000000, -151.000000, -531.000000
6.650000, 13.947216, -11.241286, 748.162476, 4.000000, 9.000000, 30.000000, -156.000000, -528.000000
6.700000, 32.215538, -5.567702, 741.099792, -24.000000, 28.000000, -1.000000, -153.000000, -535.000000
6.750000, 0.529470, -18.437422, 718.390198, 30.000000, -23.000000, -9.000000, -159.000000, -535.000000
6.800000, -0.043161, -17.474316, 725.287659, -9.000000, 2.000000, 2.000000, -157.000000, -532.000000
6.850000, -0.069843, -15.964278, 728.568848, -21.000000, 24.000000, -16.000000, -147.000000, -529.000000
6.900000, -9.310406, -15.710276, 729.110413, -48.000000, 14.000000, -31.000000, -151.000000, -526.000000
6.950000, 24.277458, -14.421337, 707.650940, -6.000000, -2.000000, 6.000000, -145.000000, -532.000000
7.000000, -4.097782, -23.141466, 730.865723, 2.000000, 6.000000, -5.000000, -154.000000, -526.000000
7.050000, -6.694328, -15.841136, 740.083557, 14.000000, -18.000000, 3.000000, -144.000000, -534.000000
7.100000, 12.960552, -15.631267, 714.823059, 7.000000, -2.000000, 0.000000, -153.000000, -532.000000
7.150000, -22.855696, -23.113140, 729.118408, 18.000000, 7.000000, 2.000000, -150.000000, -534.000000
7.200000, 13.392403, -12.416428, 712.604919, 32.000000, 0.000000, 12.000000, -144.000000, -525.000000
7.250000, 19.578106, -13.125954, 737.436157, 1.000000, 10.000000, 14.000000, -148.000000, -535.000000
7.300000, -22.945475, -14.765370, 754.489746, 2.000000, 8.000000, -3.000000, -147.000000, -528.000000
7.350000, -2.387200, -14.862330, 704.122314, 7.000000, 9.000000, 4.000000, -148.000000, -528.000000
7.400000, 2.041526, -17.169161, 740.967651, 11.000000, 1.000000, 11.000000, -154.000000, -529.000000
7.450000, 4.088941, -8.363808, 742.376831, -1.000000, -1.000000, -14.000000, -154.000000, -531.000000
7.500000, -0.574024, -14.426163, 710.818420, 2.000000, -7.000000, 0.000000, -156.000000, -520.000000
7.550000, -17.561533, -18.704639, 747.941772, 4.000000, -16.000000, -25.000000, -154.000000, -540.000000
7.600000, -0.546423, -14.653085, 731.273926, -25.000000, -7.000000, -58.000000, -150.000000, -526.000000
7.650000, 13.249718, -17.046261, 720.326965, -9.000000, 1.000000, -24.000000, -150.000000, -531.000000
7.700000, 31.179722, -6.329296, 728.195740, -3.000000, 0.000000, 9.000000, -147.000000, -532.000000
7.750000, 5.795628, -9.894606, 718.930176, 4.000000, -14.000000, -13.000000, -150.000000, -535.000000
7.800000, -27.407419, -24.578781, 733.468262, 4.000000, -13.000000, -14.000000, -145.000000, -532.000000
7.850000, 16.378719, -16.520443, 730.017212, 3.000000, -2.000000, -14.000000, -156.000000, -534.000000
7.900000, 22.739017, -11.883322, 734.940613, 0.000000, -10.000000, -8.000000, -151.000000, -528.000000
7.950000, 5.800943, -15.378472, 727.790039, 24.000000, -16.000000, 20.000000, -151.000000, -528.000000
8.000000, 10.044901, -16.759716, 719.914185, 8.000000, -15.000000, -19.000000, -148.000000, -535.000000
8.050000, -6.143501, -16.239447, 744.660828, 14.000000, -17.000000, 7.000000, -150.000000, -534.000000
8.100000, 7.042477, -10.430551, 725.556152, -11.000000, 11.000000, -9.000000, -153.000000, -537.000000
8.150000, 11.086617, -11.911191, 718.859680, -7.000000, -7.000000, -5.000000, -150.000000, -538.000000
8.200000, 1.608734, -15.236225, 732.805420, 4.000000, -7.000000, -8.000000, -156.000000, -534.000000
8.250000, 8.839133, -16.987061, 724.158081, -11.000000, -5.000000, -9.000000, -151.000000, -540.000000
8.300000, -1.738539, -17.359848, 727.284851, 4.000000, -8.000000, 4.000000, -154.000000, -534.000000
8.350000, 9.565500, -11.002892, 727.410278, 2.000000, -5.000000, -21.000000, -156.000000, -532.000000
8.400000, 19.009163, -13.154335, 736.612854, 2.000000, -7.000000, 0.000000, -156.000000, -540.000000
8.450000, 7.442986, -14.247444, 733.092896, 10.000000, -14.000000, -7.000000, -147.000000, -540.000000
8.500000, 14.557439, -11.939888, 723.830078, 3.000000, -5.000000, -11.000000, -151.000000, -535.000000
8.550000, 16.323868, -15.756990, 737.346680, 6.000000, -9.000000, -4.000000, -144.000000, -537.000000
8.600000, 12.441973, -12.024207, 731.963623, 4.000000, 5.000000, 7.000000, -156.000000, -538.000000
8.650000, 9.745153, -13.494766, 731.301941, 4.000000, -4.000000, -16.000000, -151.000000, -531.000000
8.700000, 10.971084, -16.116753, 732.655762, 4.000000, -2.000000, -16.000000, -153.000000, -537.000000
8.750000, 22.528305, -9.771496, 731.245178, 14.000000, -4.000000, 7.000000, -144.000000, -535.000000
8.800000, 24.959208, -13.298814, 733.143433, 0.000000, 1.000000, 20.000000, -154.000000, -537.000000
8.850000, 11.119242, -14.778322, 721.492065, 7.000000, 3.000000, 21.000000, -154.000000, -531.000000
8.900000, -5.472647, -11.100988, 732.001465, -4.000000, -10.000000, -14.000000, -147.000000, -534.000000
8.950000, -4.980015, -14.410180, 730.904602, -6.000000, -2.000000, -1.000000, -150.000000, -535.000000
9.000000, 7.979595, -14.420414, 719.420166, 14.000000, -8.000000, -10.000000, -148.000000, -534.000000
9.050000, 22.600876, -10.595796, 730.480774, -16.000000, -7.000000, 4.000000, -147.000000, -537.000000
9.100000, 15.324732, -11.355951, 723.743408, 9.000000, -5.000000, -2.000000, -148.000000, -538.000000
