Sample Time, Accel_x, Accel_y, Accel_z, Gyro_x, Gyro_y, Gyro_z, Magneto_x, Magneto_y, Magneto_z
0.000000, -20.842916, -194.044601, 255.399094, -32.000000, 7.000000, 65.000000, 225.000000, 153.000000
0.050000, -83.619118, -566.389771, 689.959473, -168.000000, 176.000000, 152.000000, 225.000000, 148.000000
0.100000, -131.020981, -581.507507, 577.129150, -220.000000, 60.000000, 125.000000, 226.000000, 150.000000
0.150000, -157.816742, -451.834198, 330.855469, -310.000000, 93.000000, 104.000000, 226.000000, 157.000000
0.200000, -192.451431, -601.560364, 542.942017, -83.000000, -2.000000, 37.000000, 228.000000, 162.000000
0.250000, -156.087250, -572.388794, 562.106445, -129.000000, -37.000000, 51.000000, 226.000000, 159.000000
0.300000, -147.278107, -487.305359, 505.054749, -389.000000, -26.000000, -54.000000, 231.000000, 163.000000
0.350000, -187.625977, -565.808777, 512.636353, -289.000000, -53.000000, -242.000000, 223.000000, 160.000000
0.400000, -145.645447, -526.385498, 388.736572, -372.000000, -168.000000, -63.000000, 234.000000, 151.000000
0.450000, -130.510635, -532.430237, 434.045471, -510.000000, 54.000000, -371.000000, 226.000000, 148.000000
0.500000, -40.229813, -540.934998, 304.922302, 14.000000, -112.000000, -100.000000, 244.000000, 142.000000
0.550000, 15.770538, -534.356567, 144.174225, -137.000000, -152.000000, -114.000000, 238.000000, 147.000000
0.600000, -100.266304, -590.403259, 255.788666, -53.000000, -33.000000, 4.000000, 231.000000, 139.000000
0.650000, 4.410683, -543.233337, 273.622192, 193.000000, -51.000000, 102.000000, 234.000000, 150.000000
0.700000, -0.463959, -568.741455, 345.842499, 77.000000, 36.000000, 95.000000, 234.000000, 147.000000
0.750000, -201.895111, -528.328552, 349.294556, 154.000000, -46.000000, 84.000000, 229.000000, 148.000000
0.800000, -94.764885, -158.870834, 30.856689, 630.000000, 102.000000, -138.000000, 237.000000, 148.000000
0.850000, -275.771729, 242.445343, -463.657013, 1839.000000, 422.000000, 532.000000, 225.000000, 150.000000
0.900000, -867.022217, 370.088928, 53.762451, 4279.000000, -450.000000, -472.000000, 204.000000, 148.000000
0.950000, -555.271851, 140.568146, 1777.781006, 1766.000000, 1229.000000, -303.000000, 214.000000, 144.000000
1.000000, 313.615723, -304.405396, 1834.969971, 1460.000000, 303.000000, 532.000000, 217.000000, 184.000000
1.050000, 55.509888, -590.856628, 932.243286, 409.000000, -507.000000, -513.000000, 226.000000, 205.000000
1.100000, -244.098846, -460.107605, 1221.067505, 139.000000, 5.000000, -238.000000, 241.000000, 204.000000
1.150000, 95.137863, -270.608185, 968.162048, -94.000000, -243.000000, -445.000000, 237.000000, 193.000000
1.200000, -191.346222, -286.323608, 943.139099, -549.000000, 76.000000, -187.000000, 238.000000, 177.000000
1.250000, -324.301270, -306.042969, 1455.290771, -872.000000, -213.000000, -868.000000, 223.000000, 135.000000
1.300000, -416.185760, -413.111511, 1092.939087, -1172.000000, 104.000000, -735.000000, 202.000000, 97.000000
1.350000, -626.202637, -382.021027, 1078.231689, -1574.000000, -437.000000, -1208.000000, 201.000000, 57.000000
1.400000, 80.564804, 24.137306, 732.404541, -1150.000000, -431.000000, -1257.000000, 214.000000, 40.000000
1.450000, 448.810760, 236.116043, -11.393127, -984.000000, 307.000000, -622.000000, 219.000000, 34.000000
1.500000, 366.526733, 16.981232, 94.875877, -293.000000, -116.000000, -222.000000, 235.000000, 27.000000
1.550000, 318.363708, -254.052124, 206.175034, -156.000000, 32.000000, -48.000000, 232.000000, 24.000000
1.600000, -14.671707, -408.846619, 423.513092, 167.000000, -238.000000, 88.000000, 231.000000, 22.000000
1.650000, 77.773895, -496.378906, 560.838867, -32.000000, 142.000000, 55.000000, 244.000000, 27.000000
1.700000, 41.190598, -515.332275, 488.692993, -1.000000, -44.000000, 43.000000, 235.000000, 21.000000
1.750000, -92.084213, -507.448059, 635.484131, 25.000000, -91.000000, -81.000000, 234.000000, 22.000000
1.800000, 139.511765, -497.165009, 524.286987, -16.000000, -118.000000, 124.000000, 229.000000, 21.000000
1.850000, 36.411148, -473.908051, 569.920837, -58.000000, 20.000000, 53.000000, 234.000000, 25.000000
1.900000, 33.929230, -496.967407, 574.386414, 63.000000, -58.000000, 53.000000, 246.000000, 33.000000
1.950000, 59.968353, -505.160034, 428.664154, -35.000000, 59.000000, 70.000000, 228.000000, 33.000000
2.000000, -20.483490, -471.737793, 622.117065, 18.000000, -86.000000, -7.000000, 238.000000, 27.000000
2.050000, 117.793564, -470.606964, 549.491943, -32.000000, 10.000000, 53.000000, 232.000000, 30.000000
2.100000, 19.299543, -479.725708, 501.184387, 36.000000, -14.000000, -13.000000, 231.000000, 31.000000
2.150000, 32.465553, -484.115112, 561.211426, -32.000000, -49.000000, 47.000000, 237.000000, 30.000000
2.200000, 83.684052, -482.345398, 463.482147, -23.000000, -60.000000, -44.000000, 231.000000, 28.000000
2.250000, -31.522461, -495.635345, 544.195435, -7.000000, -14.000000, 46.000000, 234.000000, 33.000000
2.300000, 69.605286, -512.579346, 483.003113, 32.000000, -23.000000, -96.000000, 229.000000, 31.000000
2.350000, 27.383739, -490.154724, 508.168396, 7.000000, 5.000000, 85.000000, 229.000000, 33.000000
2.400000, 22.476311, -483.789978, 604.587524, -51.000000, 27.000000, -4.000000, 232.000000, 37.000000
2.450000, 55.069275, -509.139038, 445.108337, -2.000000, -54.000000, -51.000000, 229.000000, 25.000000
2.500000, -19.274170, -504.010345, 469.215698, -18.000000, -18.000000, -2.000000, 238.000000, 30.000000
2.550000, 104.550674, -480.346497, 521.708862, 27.000000, 42.000000, -63.000000, 229.000000, 27.000000
2.600000, 60.270451, -479.435394, 557.099548, 26.000000, -15.000000, 38.000000, 234.000000, 25.000000
2.650000, 24.525154, -479.483826, 614.407166, -32.000000, -7.000000, 4.000000, 247.000000, 31.000000
2.700000, 64.787903, -495.987152, 492.652527, -109.000000, 7.000000, 2.000000, 238.000000, 27.000000
2.750000, -31.856773, -508.185150, 473.453064, 7.000000, -45.000000, -25.000000, 234.000000, 27.000000
2.800000, 68.637314, -466.040588, 512.187134, 10.000000, 14.000000, -30.000000, 237.000000, 27.000000
2.850000, 75.758415, -463.569946, 534.868103, -4.000000, 27.000000, -6.000000, 244.000000, 25.000000
2.900000, 12.630180, -496.550140, 553.187134, -29.000000, -34.000000, 1.000000, 235.000000, 24.000000
2.950000, 63.256119, -490.944916, 471.926819, -145.000000, -37.000000, -7.000000, 234.000000, 28.000000
3.000000, 28.412395, -488.632446, 457.908936, -16.000000, 9.000000, 2.000000, 235.000000, 30.000000
3.050000, 49.279976, -496.406311, 456.649384, 16.000000, 63.000000, 36.000000, 238.000000, 22.000000
3.100000, 25.163536, -494.916565, 494.107544, 28.000000, -25.000000, -44.000000, 231.000000, 25.000000
3.150000, 17.405724, -486.277191, 569.855896, -23.000000, -60.000000, 14.000000, 229.000000, 19.000000
3.200000, 54.188896, -504.420044, 495.717682, -48.000000, -9.000000, 28.000000, 238.000000, 33.000000
3.250000, 5.649746, -520.064697, 451.336670, -4.000000, 0.000000, -53.000000, 231.000000, 28.000000
3.300000, 75.781433, -479.123230, 500.560974, 58.000000, 4.000000, 39.000000, 234.000000, 21.000000
3.350000, 77.867844, -471.743042, 551.934143, 18.000000, 6.000000, -37.000000, 234.000000, 18.000000
3.400000, 13.119225, -500.354767, 552.282837, -6.000000, -6.000000, 24.000000, 228.000000, 28.000000
3.450000, 32.423916, -504.006042, 482.322845, -31.000000, -44.000000, -1.000000, 232.000000, 22.000000
3.500000, 12.813374, -498.918884, 480.351624, 19.000000, 28.000000, -44.000000, 234.000000, 30.000000
3.550000, 69.528976, -468.246704, 523.169556, 28.000000, 9.000000, 18.000000, 234.000000, 33.000000
3.600000, 58.583527, -475.971497, 558.902710, 28.000000, -44.000000, -37.000000, 234.000000, 28.000000
3.650000, 3.288551, -505.788391, 558.994202, -35.000000, -30.000000, 2.000000, 232.000000, 36.000000
3.700000, 56.631760, -478.992859, 502.314392, -7.000000, -16.000000, 7.000000, 231.000000, 31.000000
3.750000, 12.780396, -489.255798, 507.429138, 17.000000, 0.000000, 11.000000, 231.000000, 30.000000
3.800000, 8.826969, -507.395294, 541.052124, 3.000000, -3.000000, -12.000000, 234.000000, 30.000000
3.850000, 49.775478, -483.926971, 537.426636, -6.000000, -44.000000, -39.000000, 235.000000, 34.000000
3.900000, 30.082344, -488.336670, 514.671692, -7.000000, 0.000000, -3.000000, 234.000000, 28.000000
3.950000, 39.305042, -493.857941, 488.995605, 22.000000, -11.000000, -21.000000, 234.000000, 34.000000
4.000000, 8.284155, -489.547272, 504.592834, 9.000000, 20.000000, 13.000000, 229.000000, 31.000000
4.050000, 35.615105, -482.165527, 540.192383, 9.000000, 11.000000, -18.000000, 229.000000, 30.000000
4.100000, 56.570148, -485.871124, 561.213623, -28.000000, -34.000000, 3.000000, 228.000000, 27.000000
4.150000, 10.836353, -502.238770, 517.140442, -18.000000, -9.000000, -14.000000, 238.000000, 30.000000
4.200000, 55.400238, -480.814728, 476.993713, 37.000000, 16.000000, -15.000000, 243.000000, 31.000000
4.250000, 49.887337, -472.571625, 546.762329, 9.000000, 9.000000, 17.000000, 226.000000, 25.000000
4.300000, 26.471315, -488.433563, 578.213196, -19.000000, -11.000000, -22.000000, 225.000000, 27.000000
4.350000, 56.636673, -485.443787, 516.197021, -62.000000, -29.000000, -10.000000, 235.000000, 28.000000
4.400000, 30.091469, -490.171478, 470.803864, -18.000000, 11.000000, 19.000000, 229.000000, 27.000000
4.450000, 21.289875, -487.617554, 502.628387, 39.000000, -20.000000, 26.000000, 237.000000, 30.000000
4.500000, 23.219112, -481.865601, 568.543579, -1.000000, -39.000000, -17.000000, 238.000000, 24.000000
4.550000, 13.551220, -491.847900, 527.684204, -49.000000, -53.000000, -14.000000, 231.000000, 37.000000
4.600000, 33.763554, -493.936768, 459.692474, -30.000000, -16.000000, -20.000000, 232.000000, 34.000000
4.650000, 44.357944, -488.930603, 480.669556, 25.000000, 3.000000, 1.000000, 235.000000, 30.000000
4.700000, 31.087646, -484.373383, 531.236816, 33.000000, 22.000000, 11.000000, 223.000000, 31.000000
4.750000, 22.476294, -485.117371, 578.139404, -34.000000, -23.000000, -62.000000, 232.000000, 33.000000
4.800000, 48.801331, -489.293427, 538.532593, -49.000000, -63.000000, 14.000000, 223.000000, 30.000000
4.850000, 38.143227, -492.281189, 456.693146, -21.000000, -18.000000, -36.000000, 226.000000, 30.000000
4.900000, 20.917000, -482.183899, 482.987549, 29.000000, 16.000000, -1.000000, 232.000000, 31.000000
4.950000, 63.161129, -468.416382, 545.280884, -1.000000, 14.000000, 14.000000, 225.000000, 30.000000
5.000000, 33.427338, -492.899719, 536.028564, -12.000000, -17.000000, -48.000000, 232.000000, 27.000000
5.050000, 12.753582, -507.218353, 498.316895, -18.000000, -41.000000, 21.000000, 243.000000, 31.000000
5.100000, 53.103085, -480.884247, 496.804077, 1.000000, 6.000000, -2.000000, 241.000000, 16.000000
5.150000, 32.306885, -478.127502, 515.999023, 37.000000, 32.000000, -3.000000, 232.000000, 36.000000
5.200000, 37.295399, -490.269318, 551.666382, -9.000000, 11.000000, 21.000000, 240.000000, 36.000000
5.250000, 43.152298, -494.910583, 571.783386, -11.000000, -30.000000, -22.000000, 232.000000, 33.000000
5.300000, 29.764299, -491.711304, 521.056274, -41.000000, -45.000000, 12.000000, 234.000000, 22.000000
5.350000, 45.240166, -480.891113, 483.522522, -9.000000, -7.000000, 1.000000, 232.000000, 28.000000
5.400000, 11.129644, -487.140747, 509.578430, -17.000000, -18.000000, 0.000000, 237.000000, 21.000000
5.450000, 16.852156, -486.694763, 540.914795, -35.000000, -28.000000, -25.000000, 243.000000, 33.000000
5.500000, 55.869183, -485.148132, 517.495056, -7.000000, -31.000000, -20.000000, 231.000000, 36.000000
5.550000, 44.333969, -492.062317, 470.129150, 4.000000, -2.000000, -4.000000, 226.000000, 25.000000
5.600000, 36.514633, -488.318054, 499.424866, 16.000000, 3.000000, 18.000000, 235.000000, 31.000000
5.650000, 18.743557, -500.346558, 548.043579, -9.000000, -25.000000, -29.000000, 238.000000, 24.000000
5.700000, 46.029846, -491.360748, 528.138916, -12.000000, -9.000000, -14.000000, 228.000000, 28.000000
5.750000, 68.445854, -475.250244, 498.715088, -5.000000, -9.000000, 18.000000, 222.000000, 21.000000
5.800000, 11.489493, -498.370667, 522.619446, -23.000000, -21.000000, 15.000000, 225.000000, 31.000000
5.850000, 18.255692, -496.803253, 535.182251, -9.000000, -2.000000, -25.000000, 228.000000, 30.000000
5.900000, 53.250076, -488.039734, 484.238098, -8.000000, -25.000000, -21.000000, 225.000000, 25.000000
5.950000, 45.078442, -487.427521, 477.894226, 4.000000, 14.000000, -4.000000, 223.000000, 27.000000
6.000000, 29.593044, -479.215149, 525.013184, -30.000000, -21.000000, 11.000000, 234.000000, 28.000000
6.050000, 3.720095, -498.083374, 522.344604, -2.000000, -37.000000, -22.000000, 229.000000, 31.000000
6.100000, 30.042366, -500.699951, 492.354462, 6.000000, 14.000000, -1.000000, 231.000000, 30.000000
6.150000, 51.205448, -488.014526, 496.187805, 7.000000, -2.000000, 1.000000, 235.000000, 28.000000
6.200000, 16.765240, -489.880585, 530.179871, 21.000000, -27.000000, -25.000000, 234.000000, 34.000000
6.250000, 44.545273, -479.934357, 545.903198, 10.000000, -21.000000, -28.000000, 231.000000, 22.000000
6.300000, 76.898193, -478.209259, 520.174805, 2.000000, -16.000000, 0.000000, 223.000000, 22.000000
6.350000, 31.465860, -487.480469, 503.313019, 6.000000, 12.000000, 6.000000, 237.000000, 33.000000
6.400000, 8.551039, -497.349243, 521.519897, 2.000000, -18.000000, 1.000000, 234.000000, 31.000000
6.450000, 31.811569, -495.332916, 522.020874, -9.000000, -6.000000, -30.000000, 235.000000, 27.000000
6.500000, 42.956230, -476.249695, 510.486145, 14.000000, 16.000000, -5.000000, 234.000000, 30.000000
6.550000, 33.633663, -482.370117, 535.395142, -4.000000, 11.000000, -15.000000, 232.000000, 30.000000
6.600000, 23.868143, -491.194244, 540.687134, -39.000000, -35.000000, 5.000000, 238.000000, 37.000000
6.650000, 25.377079, -490.958862, 509.455200, -23.000000, 8.000000, 6.000000, 225.000000, 28.000000
6.700000, 31.506706, -496.447205, 513.208313, -6.000000, 20.000000, -23.000000, 238.000000, 30.000000
6.750000, 45.329132, -474.707489, 525.625854, -2.000000, -12.000000, 1.000000, 228.000000, 31.000000
6.800000, 53.352402, -468.432617, 520.543152, -23.000000, -16.000000, 0.000000, 226.000000, 27.000000
6.850000, 42.657005, -493.106995, 528.331482, -39.000000, -9.000000, 16.000000, 234.000000, 33.000000
6.900000, 22.232662, -501.545807, 508.985046, -24.000000, -26.000000, 28.000000, 235.000000, 31.000000
6.950000, 15.102738, -494.324524, 472.860535, -1.000000, -34.000000, -7.000000, 235.000000, 27.000000
7.000000, 43.685402, -473.763123, 508.487122, 38.000000, 0.000000, 29.000000, 229.000000, 40.000000
7.050000, 37.825027, -477.894165, 578.729492, 0.000000, -13.000000, -9.000000, 238.000000, 36.000000
7.100000, 8.814026, -500.727051, 550.789856, -36.000000, -49.000000, -3.000000, 234.000000, 30.000000
7.150000, 26.319031, -494.414703, 472.748413, -18.000000, -16.000000, 11.000000, 231.000000, 37.000000
7.200000, 17.410805, -491.597656, 492.269958, -1.000000, -13.000000, -17.000000, 238.000000, 36.000000
7.250000, 17.280951, -486.572235, 554.713013, -4.000000, 18.000000, 0.000000, 238.000000, 25.000000
7.300000, 45.828796, -477.521545, 556.646179, -51.000000, -44.000000, 4.000000, 228.000000, 33.000000
7.350000, 23.153488, -497.000427, 501.550232, -11.000000, 28.000000, 1.000000, 240.000000, 31.000000
7.400000, 29.381409, -494.614014, 480.989716, 25.000000, 2.000000, -20.000000, 237.000000, 30.000000
7.450000, 44.661278, -475.002258, 537.923828, 20.000000, 7.000000, 13.000000, 235.000000, 30.000000
7.500000, 18.250063, -485.205536, 555.050781, -2.000000, -21.000000, -15.000000, 231.000000, 33.000000
7.550000, 35.504532, -489.459045, 512.689819, -35.000000, -49.000000, 1.000000, 232.000000, 34.000000
7.600000, 41.535294, -489.578979, 474.570923, -4.000000, 12.000000, 11.000000, 234.000000, 36.000000
7.650000, 18.124556, -494.861694, 491.218872, 12.000000, 1.000000, 0.000000, 240.000000, 39.000000
7.700000, 24.624947, -479.036041, 544.543457, -10.000000, -11.000000, -14.000000, 237.000000, 30.000000
7.750000, 37.660572, -475.092346, 525.860840, -15.000000, -34.000000, 18.000000, 225.000000, 33.000000
7.800000, 38.928028, -496.236389, 497.395874, -3.000000, 19.000000, 6.000000, 229.000000, 33.000000
7.850000, -5.688532, -500.290344, 505.118225, -16.000000, -7.000000, 21.000000, 228.000000, 36.000000
7.900000, 16.366478, -479.448395, 503.692688, -50.000000, -32.000000, 1.000000, 237.000000, 27.000000
7.950000, 95.020836, -479.798340, 529.982849, -21.000000, 19.000000, 47.000000, 228.000000, 36.000000
8.000000, 18.030918, -501.704926, 534.227173, -67.000000, -24.000000, 21.000000, 231.000000, 34.000000
8.050000, -20.771809, -493.485840, 472.331299, -14.000000, -38.000000, 15.000000, 234.000000, 31.000000
8.100000, 43.583275, -485.723999, 465.345825, 6.000000, -7.000000, -16.000000, 232.000000, 27.000000
8.150000, 10.775139, -494.164856, 541.014221, -8.000000, -30.000000, -9.000000, 234.000000, 33.000000
8.200000, 10.666513, -490.491882, 527.536560, -2.000000, -25.000000, -7.000000, 234.000000, 34.000000
8.250000, 31.645218, -494.824402, 474.147308, 8.000000, -11.000000, -20.000000, 234.000000, 45.000000
8.300000, 17.571161, -490.300171, 521.002197, 4.000000, -3.000000, 14.000000, 235.000000, 37.000000
8.350000, 32.359322, -486.028198, 537.370544, -15.000000, -6.000000, 4.000000, 232.000000, 36.000000
8.400000, 9.756230, -502.224121, 512.204590, -23.000000, -37.000000, 6.000000, 228.000000, 37.000000
8.450000, 12.699175, -501.862305, 513.279724, -28.000000, -23.000000, -14.000000, 232.000000, 49.000000
8.500000, 39.355453, -496.809509, 507.258301, 7.000000, -14.000000, -14.000000, 234.000000, 39.000000
8.550000, 44.589817, -486.598083, 513.382996, -30.000000, -11.000000, 9.000000, 225.000000, 42.000000
8.600000, 44.923981, -477.328033, 503.816315, 13.000000, -23.000000, 27.000000, 222.000000, 37.000000
8.650000, 2.133034, -499.497864, 502.633118, -41.000000, -15.000000, 59.000000, 238.000000, 45.000000
8.700000, 3.031691, -505.783081, 516.447327, -9.000000, -14.000000, 22.000000, 228.000000, 39.000000
8.750000, 15.595957, -494.114258, 493.122009, 8.000000, -10.000000, 44.000000, 234.000000, 39.000000
8.800000, -9.978802, -501.207153, 515.857361, -21.000000, -11.000000, -2.000000, 232.000000, 45.000000
8.850000, 15.939688, -501.607574, 529.637268, -58.000000, -28.000000, -27.000000, 231.000000, 39.000000
8.900000, 41.960182, -491.849945, 481.981750, 8.000000, -2.000000, -16.000000, 232.000000, 40.000000
8.950000, 38.046726, -489.492035, 517.352600, 4.000000, 0.000000, 0.000000, 237.000000, 39.000000
9.000000, 23.113140, -490.633911, 553.026123, -8.000000, -11.000000, -31.000000, 232.000000, 43.000000
9.050000, 12.811650, -491.915100, 500.216431, -22.000000, -44.000000, 2.000000, 234.000000, 49.000000
9.100000, 19.076855, -495.902344, 483.217499, -9.000000, 8.000000, -22.000000, 237.000000, 45.000000
9.150000, 4.697216, -495.934723, 506.422974, 11.000000, -6.000000, 19.000000, 229.000000, 40.000000
9.200000, -5.027124, -491.388641, 528.024658, 4.000000, -2.000000, -23.000000, 228.000000, 49.000000
9.250000, -1.192719, -495.606506, 538.414673, 2.000000, -16.000000, -13.000000, 225.000000, 42.000000
9.300000, 18.569889, -498.379395, 508.292053, 2.000000, -37.000000, -25.000000, 234.000000, 40.000000
9.350000, 36.990181, -489.625244, 494.808228, 0.000000, -1.000000, 14.000000, 228.000000, 43.000000
9.400000, 6.238645, -485.940308, 531.346008, -17.000000, -26.000000, 49.000000, 237.000000, 42.000000
