Time 1XX 1ZZ 2XX 2ZZ 1X2Z 1Z2X 
-9.200000, 0.000000, 0.000000, 0.000000, 0.000000, 0.000000, 0.000000
-9.150000, -291.095551, -291.095551, 198706.531250, 198706.531250, -13002.268555, 4448.653809
-9.100000, -463.268250, -463.268250, 784329.437500, 784329.437500, -50361.292969, 7408.653320
-9.050000, 194.728271, 194.728271, 1380457.000000, 1380457.000000, -86317.601562, -2353.466797
-9.000000, 613.933228, 613.933228, 1794168.750000, 1794168.750000, -110001.945312, -9479.986328
-8.950000, 1028.918701, 1028.918701, 2324581.750000, 2324581.750000, -139177.968750, -15419.373047
-8.900000, 1982.716553, 1982.716553, 2852509.750000, 2852509.750000, -160397.187500, -29346.687500
-8.850000, 2036.502686, 2036.502686, 3292931.250000, 3292931.250000, -177919.750000, -34981.312500
-8.800000, 2439.183594, 2439.183594, 3795311.500000, 3795311.500000, -211663.796875, -45318.390625
-8.750000, 2908.911377, 2908.911377, 4291216.000000, 4291216.000000, -240143.687500, -50591.187500
-8.700000, 1761.091797, 1761.091797, 4798173.000000, 4798173.000000, -259691.281250, -35133.085938
-8.650000, 1778.785645, 1778.785645, 5303841.500000, 5303841.500000, -292173.312500, -39604.617188
-8.600000, 2807.879395, 2807.879395, 5796429.000000, 5796429.000000, -330254.375000, -53180.046875
-8.550000, 2874.199219, 2874.199219, 6299487.500000, 6299487.500000, -352117.687500, -51382.375000
-8.500000, 3529.449951, 3529.449951, 6767285.500000, 6767285.500000, -368555.718750, -58526.855469
-8.450000, 4183.545410, 4183.545410, 7277010.000000, 7277010.000000, -398856.718750, -68198.750000
-8.400000, 3651.655518, 3651.655518, 7781955.000000, 7781955.000000, -429155.750000, -70514.757812
-8.350000, 4499.925293, 4499.925293, 8257202.000000, 8257202.000000, -453814.062500, -83734.867188
-8.300000, 6492.315430, 6492.315430, 8771370.000000, 8771370.000000, -472655.718750, -102408.203125
-8.250000, 5475.072754, 5475.072754, 9274105.000000, 9274105.000000, -498610.000000, -104761.781250
-8.200000, 4199.867676, 4199.867676, 9790678.000000, 9790678.000000, -551133.625000, -98355.046875
-8.150000, 6083.198730, 6083.198730, 10285784.000000, 10285784.000000, -578022.750000, -100924.718750
-8.100000, 6617.629883, 6617.629883, 10759101.000000, 10759101.000000, -576050.500000, -114431.484375
-8.050000, 6545.432129, 6545.432129, 11271037.000000, 11271037.000000, -609353.437500, -129835.750000
-8.000000, 7924.928711, 7924.928711, 11755337.000000, 11755337.000000, -649280.312500, -134697.796875
-7.950000, 7754.059082, 7754.059082, 12256400.000000, 12256400.000000, -666649.687500, -137639.515625
-7.900000, 8029.355469, 8029.355469, 12770775.000000, 12770775.000000, -685480.000000, -145338.562500
-7.850000, 8348.583008, 8348.583008, 13268274.000000, 13268274.000000, -718607.312500, -149916.156250
-7.800000, 7907.005371, 7907.005371, 13800494.000000, 13800494.000000, -751636.687500, -161969.890625
-7.750000, 9777.310547, 9777.310547, 14288482.000000, 14288482.000000, -761201.500000, -178082.156250
-7.700000, 10355.801758, 10355.801758, 14757276.000000, 14757276.000000, -790542.875000, -182625.953125
-7.650000, 9738.971680, 9738.971680, 15253186.000000, 15253186.000000, -836259.250000, -189448.562500
-7.600000, 10753.304688, 10753.304688, 15721852.000000, 15721852.000000, -851486.000000, -198724.156250
-7.550000, 11162.650391, 11162.650391, 16213375.000000, 16213375.000000, -879089.250000, -201531.062500
-7.500000, 11448.384766, 11448.384766, 16722502.000000, 16722502.000000, -918550.000000, -211045.312500
-7.450000, 11685.473633, 11685.473633, 17222800.000000, 17222800.000000, -949842.562500, -222119.171875
-7.400000, 13367.736328, 13367.736328, 17728260.000000, 17728260.000000, -980456.187500, -231542.328125
-7.350000, 15267.525391, 15267.525391, 18218388.000000, 18218388.000000, -990028.812500, -247245.921875
-7.300000, 13476.718750, 13476.718750, 18715304.000000, 18715304.000000, -996400.250000, -257487.406250
-7.250000, 13097.324219, 13097.324219, 19207602.000000, 19207602.000000, -1013355.437500, -264836.156250
-7.200000, 15797.560547, 15797.560547, 19697906.000000, 19697906.000000, -1049239.125000, -280238.937500
-7.150000, 17014.765625, 17014.765625, 20211154.000000, 20211154.000000, -1079762.250000, -299507.812500
-7.100000, 15456.112305, 15456.112305, 20711856.000000, 20711856.000000, -1085245.875000, -309295.406250
-7.050000, 15018.166992, 15018.166992, 21217652.000000, 21217652.000000, -1124692.000000, -307943.468750
-7.000000, 17401.773438, 17401.773438, 21718058.000000, 21718058.000000, -1163721.750000, -320906.125000
-6.950000, 17354.230469, 17354.230469, 22185466.000000, 22185466.000000, -1188366.375000, -337355.625000
-6.900000, 18875.787109, 18875.787109, 22663984.000000, 22663984.000000, -1228871.000000, -339149.593750
-6.850000, 21191.912109, 21191.912109, 23157298.000000, 23157298.000000, -1242587.500000, -347519.343750
-6.800000, 17743.568359, 17743.568359, 23675868.000000, 23675868.000000, -1276131.500000, -350094.625000
-6.750000, 17515.615234, 17515.615234, 24201056.000000, 24201056.000000, -1328900.625000, -344270.375000
-6.700000, 20321.812500, 20321.812500, 24699150.000000, 24699150.000000, -1354069.625000, -354558.625000
-6.650000, 20757.845703, 20757.845703, 25198338.000000, 25198338.000000, -1366950.500000, -366135.906250
-6.600000, 20253.732422, 20253.732422, 25679732.000000, 25679732.000000, -1383167.250000, -371872.406250
-6.550000, 19207.414062, 19207.414062, 26169982.000000, 26169982.000000, -1444531.250000, -385852.437500
-6.500000, 21492.458984, 21492.458984, 26655436.000000, 26655436.000000, -1470503.125000, -400413.750000
-6.450000, 22813.978516, 22813.978516, 27106594.000000, 27106594.000000, -1463767.625000, -404579.062500
-6.400000, 23207.943359, 23207.943359, 27627814.000000, 27627814.000000, -1511555.125000, -413266.031250
-6.350000, 23731.810547, 23731.810547, 28136720.000000, 28136720.000000, -1535009.625000, -432125.218750
-6.300000, 21500.697266, 21500.697266, 28576332.000000, 28576332.000000, -1575427.625000, -443701.562500
-6.250000, 25365.603516, 25365.603516, 29048678.000000, 29048678.000000, -1641520.875000, -450174.781250
-6.200000, 27002.568359, 27002.568359, 29527376.000000, 29527376.000000, -1688708.875000, -460619.468750
-6.150000, 24318.910156, 24318.910156, 30005150.000000, 30005150.000000, -1738996.750000, -471842.750000
-6.100000, 27574.162109, 27574.162109, 30444304.000000, 30444304.000000, -1749993.875000, -476845.968750
-6.050000, 27872.460938, 27872.460938, 30934132.000000, 30934132.000000, -1817113.000000, -481817.625000
-6.000000, 28854.318359, 28854.318359, 31576654.000000, 31576654.000000, -1852784.375000, -493316.937500
-5.950000, 28669.173828, 28669.173828, 32239576.000000, 32239576.000000, -1865147.375000, -502086.531250
-5.900000, 27167.503906, 27167.503906, 32961248.000000, 32961248.000000, -2084722.625000, -517983.218750
-5.850000, 33859.492188, 33859.492188, 33580052.000000, 33580052.000000, -2126715.000000, -535031.750000
-5.800000, 32210.994141, 32210.994141, 34020952.000000, 34020952.000000, -1928939.625000, -543350.437500
-5.750000, 31742.066406, 31742.066406, 34597568.000000, 34597568.000000, -1940687.625000, -559594.375000
-5.700000, 37486.882812, 37486.882812, 35076856.000000, 35076856.000000, -1980743.000000, -570288.375000
-5.650000, 30056.738281, 30056.738281, 35387052.000000, 35387052.000000, -1870842.875000, -577511.625000
-5.600000, 30736.343750, 30736.343750, 35805724.000000, 35805724.000000, -1777302.500000, -588651.187500
-5.550000, 33508.882812, 33508.882812, 36163240.000000, 36163240.000000, -1767550.750000, -583689.562500
-5.500000, 21102.931641, 21102.931641, 36448108.000000, 36448108.000000, -1754672.625000, -578601.750000
-5.450000, 25141.742188, 25141.742188, 36742004.000000, 36742004.000000, -1720904.625000, -585918.375000
-5.400000, 35839.976562, 35839.976562, 37041412.000000, 37041412.000000, -1829746.125000, -589196.062500
-5.350000, 25706.187500, 25706.187500, 37366480.000000, 37366480.000000, -1931305.750000, -581127.875000
-5.300000, 23623.984375, 23623.984375, 37644160.000000, 37644160.000000, -1934416.625000, -580004.437500
-5.250000, 37658.453125, 37658.453125, 37986464.000000, 37986464.000000, -2054536.375000, -595929.562500
-5.200000, 36156.410156, 36156.410156, 38388756.000000, 38388756.000000, -2194034.750000, -600199.312500
-5.150000, 32476.210938, 32476.210938, 38827692.000000, 38827692.000000, -2270082.250000, -597160.312500
-5.100000, 44655.812500, 44655.812500, 39382632.000000, 39382632.000000, -2361485.750000, -622345.937500
-5.050000, 42850.031250, 42850.031250, 39929624.000000, 39929624.000000, -2482783.750000, -656438.625000
-5.000000, 30812.078125, 30812.078125, 40510136.000000, 40510136.000000, -2599757.000000, -658279.687500
-4.950000, 36596.050781, 36596.050781, 41202520.000000, 41202520.000000, -2608164.750000, -652954.750000
-4.900000, 47445.386719, 47445.386719, 41991092.000000, 41991092.000000, -2606549.000000, -663100.312500
-4.850000, 43563.652344, 43563.652344, 42730692.000000, 42730692.000000, -2655365.500000, -658983.750000
-4.800000, 32947.058594, 32947.058594, 43284552.000000, 43284552.000000, -2646666.000000, -659070.312500
-4.750000, 35742.738281, 35742.738281, 43906972.000000, 43906972.000000, -2631553.000000, -664062.562500
-4.700000, 36781.195312, 36781.195312, 44465220.000000, 44465220.000000, -2681989.000000, -629423.937500
-4.650000, 25889.175781, 25889.175781, 44779824.000000, 44779824.000000, -2834423.500000, -580241.500000
-4.600000, 33418.613281, 33418.613281, 45168772.000000, 45168772.000000, -2967321.250000, -564064.875000
-4.550000, 45504.843750, 45504.843750, 45587392.000000, 45587392.000000, -2935996.500000, -612091.437500
-4.500000, 45940.679688, 45940.679688, 45945700.000000, 45945700.000000, -2883304.500000, -745181.187500
-4.450000, 55592.484375, 55592.484375, 46379632.000000, 46379632.000000, -2867237.750000, -887977.187500
-4.400000, 61143.460938, 61143.460938, 46982112.000000, 46982112.000000, -2856666.000000, -914348.187500
-4.350000, 58345.097656, 58345.097656, 47665308.000000, 47665308.000000, -2880291.500000, -878882.437500
-4.300000, 55238.347656, 55238.347656, 48275144.000000, 48275144.000000, -2891178.500000, -904272.625000
-4.250000, 45809.097656, 45809.097656, 49045900.000000, 49045900.000000, -2909867.250000, -939841.500000
-4.200000, 48401.511719, 48401.511719, 49858272.000000, 49858272.000000, -2928313.000000, -947326.062500
-4.150000, 62246.468750, 62246.468750, 50444000.000000, 50444000.000000, -2914422.000000, -1010886.687500
-4.100000, 66859.546875, 66859.546875, 51037544.000000, 51037544.000000, -2948526.500000, -1159174.500000
-4.050000, 71656.304688, 71656.304688, 51586140.000000, 51586140.000000, -3000798.750000, -1282956.250000
-4.000000, 84606.671875, 84606.671875, 52045640.000000, 52045640.000000, -2995744.250000, -1355473.750000
-3.950000, 91860.117188, 91860.117188, 52495520.000000, 52495520.000000, -2981027.750000, -1472246.250000
-3.900000, 88099.117188, 88099.117188, 52834476.000000, 52834476.000000, -2995605.250000, -1596495.500000
-3.850000, 86206.242188, 86206.242188, 53135648.000000, 53135648.000000, -2993205.000000, -1661816.000000
-3.800000, 95697.460938, 95697.460938, 53418312.000000, 53418312.000000, -2960087.250000, -1710838.000000
-3.750000, 102779.171875, 102779.171875, 53712848.000000, 53712848.000000, -2957529.500000, -1799221.000000
-3.700000, 88563.375000, 88563.375000, 54029268.000000, 54029268.000000, -2960704.000000, -1859236.000000
-3.650000, 87634.273438, 87634.273438, 54305040.000000, 54305040.000000, -2947246.250000, -1817027.250000
-3.600000, 112851.117188, 112851.117188, 54627100.000000, 54627100.000000, -2955211.750000, -1787582.000000
-3.550000, 103428.546875, 103428.546875, 54983560.000000, 54983560.000000, -2948430.250000, -1749729.000000
-3.500000, 80897.718750, 80897.718750, 55375596.000000, 55375596.000000, -2952845.000000, -1635615.250000
-3.450000, 89048.734375, 89048.734375, 55779432.000000, 55779432.000000, -2974119.750000, -1583893.500000
-3.400000, 94397.859375, 94397.859375, 56249860.000000, 56249860.000000, -2971225.500000, -1605374.750000
-3.350000, 93715.242188, 93715.242188, 56847680.000000, 56847680.000000, -2999622.500000, -1571436.750000
-3.300000, 89339.031250, 89339.031250, 57366872.000000, 57366872.000000, -3015963.000000, -1480090.750000
-3.250000, 92181.359375, 92181.359375, 58011800.000000, 58011800.000000, -3016460.250000, -1578643.750000
-3.200000, 105835.546875, 105835.546875, 58797988.000000, 58797988.000000, -3048010.750000, -1801127.375000
-3.150000, 97319.546875, 97319.546875, 59396972.000000, 59396972.000000, -3054677.000000, -1790125.125000
-3.100000, 96698.843750, 96698.843750, 59990176.000000, 59990176.000000, -3083520.500000, -1797347.250000
-3.050000, 103106.398438, 103106.398438, 60494032.000000, 60494032.000000, -3100552.750000, -1905871.875000
-3.000000, 94890.359375, 94890.359375, 60872688.000000, 60872688.000000, -3077305.750000, -1881759.875000
-2.950000, 102128.085938, 102128.085938, 61379872.000000, 61379872.000000, -3108902.000000, -1937210.250000
-2.900000, 106535.882812, 106535.882812, 61846628.000000, 61846628.000000, -3122264.750000, -2016814.375000
-2.850000, 111476.125000, 111476.125000, 62291592.000000, 62291592.000000, -3128413.000000, -2044194.375000
-2.800000, 115636.921875, 115636.921875, 62789724.000000, 62789724.000000, -3169089.250000, -2114796.000000
-2.750000, 102242.304688, 102242.304688, 63274580.000000, 63274580.000000, -3176013.500000, -2114619.750000
-2.700000, 107527.414062, 107527.414062, 63788272.000000, 63788272.000000, -3179660.500000, -2138422.250000
-2.650000, 108190.195312, 108190.195312, 64246508.000000, 64246508.000000, -3181619.750000, -2158639.500000
-2.600000, 103428.421875, 103428.421875, 64726160.000000, 64726160.000000, -3194061.250000, -2149783.500000
-2.550000, 115650.359375, 115650.359375, 65245168.000000, 65245168.000000, -3196030.250000, -2226381.000000
-2.500000, 117452.515625, 117452.515625, 65721464.000000, 65721464.000000, -3178323.250000, -2246679.000000
-2.450000, 124292.585938, 124292.585938, 66256956.000000, 66256956.000000, -3208933.500000, -2257697.250000
-2.400000, 121216.507812, 121216.507812, 66772468.000000, 66772468.000000, -3205842.500000, -2316088.000000
-2.350000, 116087.414062, 116087.414062, 67280568.000000, 67280568.000000, -3208209.750000, -2347551.000000
-2.300000, 131634.531250, 131634.531250, 67818288.000000, 67818288.000000, -3248749.750000, -2378967.750000
-2.250000, 118087.875000, 118087.875000, 68272624.000000, 68272624.000000, -3229771.250000, -2382229.750000
-2.200000, 113126.343750, 113126.343750, 68746896.000000, 68746896.000000, -3238721.500000, -2432844.250000
-2.150000, 135098.484375, 135098.484375, 69243168.000000, 69243168.000000, -3263866.750000, -2503004.250000
-2.100000, 134348.640625, 134348.640625, 69751528.000000, 69751528.000000, -3277325.750000, -2521114.500000
-2.050000, 127135.101562, 127135.101562, 70305744.000000, 70305744.000000, -3301783.250000, -2563224.500000
-2.000000, 124992.750000, 124992.750000, 70796520.000000, 70796520.000000, -3300846.250000, -2577214.000000
-1.950000, 137564.734375, 137564.734375, 71294440.000000, 71294440.000000, -3333811.750000, -2602738.750000
-1.900000, 147275.640625, 147275.640625, 71777176.000000, 71777176.000000, -3330207.000000, -2649725.250000
-1.850000, 143970.703125, 143970.703125, 72230664.000000, 72230664.000000, -3309973.750000, -2646426.750000
-1.800000, 142249.953125, 142249.953125, 72757056.000000, 72757056.000000, -3343379.500000, -2664888.500000
-1.750000, 125063.554688, 125063.554688, 73219184.000000, 73219184.000000, -3334014.750000, -2680564.500000
-1.700000, 140356.093750, 140356.093750, 73689856.000000, 73689856.000000, -3359299.250000, -2707781.500000
-1.650000, 158627.062500, 158627.062500, 74219936.000000, 74219936.000000, -3393552.250000, -2743869.500000
-1.600000, 144570.000000, 144570.000000, 74652856.000000, 74652856.000000, -3381053.750000, -2739724.500000
-1.550000, 164854.062500, 164854.062500, 75069912.000000, 75069912.000000, -3392280.000000, -2771920.000000
-1.500000, 151032.203125, 151032.203125, 75498616.000000, 75498616.000000, -3396874.000000, -2772506.250000
-1.450000, 121728.132812, 121728.132812, 75966424.000000, 75966424.000000, -3412445.500000, -2781767.750000
-1.400000, 145140.078125, 145140.078125, 76486944.000000, 76486944.000000, -3415966.250000, -2882053.500000
-1.350000, 171723.296875, 171723.296875, 77067880.000000, 77067880.000000, -3507880.250000, -2954103.500000
-1.300000, 220276.796875, 220276.796875, 77770928.000000, 77770928.000000, -3636681.000000, -3034193.250000
-1.250000, 216581.890625, 216581.890625, 78373968.000000, 78373968.000000, -3577949.500000, -3065922.500000
-1.200000, 157277.812500, 157277.812500, 78978880.000000, 78978880.000000, -3608740.500000, -3016450.250000
-1.150000, 143045.203125, 143045.203125, 79675352.000000, 79675352.000000, -3675628.500000, -3048187.750000
-1.100000, 148344.859375, 148344.859375, 80203088.000000, 80203088.000000, -3555912.250000, -3076833.250000
-1.050000, 172425.937500, 172425.937500, 80776920.000000, 80776920.000000, -3553338.750000, -3075851.750000
-1.000000, 136457.328125, 136457.328125, 81315752.000000, 81315752.000000, -3556639.750000, -3110257.500000
-0.950000, 90911.000000, 90911.000000, 81641464.000000, 81641464.000000, -3371132.500000, -3150540.500000
-0.900000, 155360.234375, 155360.234375, 82044944.000000, 82044944.000000, -3230004.000000, -3235317.250000
-0.850000, 173858.406250, 173858.406250, 82420880.000000, 82420880.000000, -3256202.000000, -3282448.750000
-0.800000, 142046.515625, 142046.515625, 82696224.000000, 82696224.000000, -3284093.500000, -3282451.750000
-0.750000, 139726.609375, 139726.609375, 82936296.000000, 82936296.000000, -3192867.250000, -3307445.500000
-0.700000, 155466.343750, 155466.343750, 83183056.000000, 83183056.000000, -3224933.250000, -3303982.000000
-0.650000, 147426.218750, 147426.218750, 83513448.000000, 83513448.000000, -3336401.000000, -3282140.750000
-0.600000, 84763.656250, 84763.656250, 83784536.000000, 83784536.000000, -3367175.250000, -3232161.500000
-0.550000, 128822.218750, 128822.218750, 84170704.000000, 84170704.000000, -3500532.250000, -3233794.250000
-0.500000, 154990.140625, 154990.140625, 84705376.000000, 84705376.000000, -3663921.000000, -3268359.750000
-0.450000, 63316.371094, 63316.371094, 85230960.000000, 85230960.000000, -3781358.750000, -3172134.250000
-0.400000, 102892.468750, 102892.468750, 85887912.000000, 85887912.000000, -3864471.000000, -3133527.750000
-0.350000, 171770.390625, 171770.390625, 86612960.000000, 86612960.000000, -3955832.500000, -3193710.750000
-0.300000, 150094.546875, 150094.546875, 87411816.000000, 87411816.000000, -4070175.750000, -3228398.000000
-0.250000, 133016.890625, 133016.890625, 88217408.000000, 88217408.000000, -3965915.500000, -3277681.250000
-0.200000, 218259.343750, 218259.343750, 89089552.000000, 89089552.000000, -3902961.750000, -3291802.250000
-0.150000, 294929.218750, 294929.218750, 90055152.000000, 90055152.000000, -3967687.750000, -3364764.500000
-0.100000, 196936.765625, 196936.765625, 90743184.000000, 90743184.000000, -3833752.250000, -3499954.250000
-0.050000, 362608.750000, 362608.750000, 91644184.000000, 91644184.000000, -3816269.750000, -3671455.500000
0.000000, 613867.625000, 613867.625000, 92432464.000000, 92432464.000000, -3865490.000000, -3865490.000000
0.050000, 362608.750000, 362608.750000, 91644184.000000, 91644184.000000, -3671455.500000, -3816269.750000
0.100000, 196936.765625, 196936.765625, 90743184.000000, 90743184.000000, -3499954.250000, -3833752.250000
0.150000, 294929.218750, 294929.218750, 90055152.000000, 90055152.000000, -3364764.500000, -3967687.750000
0.200000, 218259.343750, 218259.343750, 89089552.000000, 89089552.000000, -3291802.250000, -3902961.750000
0.250000, 133016.890625, 133016.890625, 88217408.000000, 88217408.000000, -3277681.250000, -3965915.500000
0.300000, 150094.546875, 150094.546875, 87411816.000000, 87411816.000000, -3228398.000000, -4070175.750000
0.350000, 171770.390625, 171770.390625, 86612960.000000, 86612960.000000, -3193710.750000, -3955832.500000
0.400000, 102892.468750, 102892.468750, 85887912.000000, 85887912.000000, -3133527.750000, -3864471.000000
0.450000, 63316.371094, 63316.371094, 85230960.000000, 85230960.000000, -3172134.250000, -3781358.750000
0.500000, 154990.140625, 154990.140625, 84705376.000000, 84705376.000000, -3268359.750000, -3663921.000000
0.550000, 128822.218750, 128822.218750, 84170704.000000, 84170704.000000, -3233794.250000, -3500532.250000
0.600000, 84763.656250, 84763.656250, 83784536.000000, 83784536.000000, -3232161.500000, -3367175.250000
0.650000, 147426.218750, 147426.218750, 83513448.000000, 83513448.000000, -3282140.750000, -3336401.000000
0.700000, 155466.343750, 155466.343750, 83183056.000000, 83183056.000000, -3303982.000000, -3224933.250000
0.750000, 139726.609375, 139726.609375, 82936296.000000, 82936296.000000, -3307445.500000, -3192867.250000
0.800000, 142046.515625, 142046.515625, 82696224.000000, 82696224.000000, -3282451.750000, -3284093.500000
0.850000, 173858.406250, 173858.406250, 82420880.000000, 82420880.000000, -3282448.750000, -3256202.000000
0.900000, 155360.234375, 155360.234375, 82044944.000000, 82044944.000000, -3235317.250000, -3230004.000000
0.950000, 90911.000000, 90911.000000, 81641464.000000, 81641464.000000, -3150540.500000, -3371132.500000
1.000000, 136457.328125, 136457.328125, 81315752.000000, 81315752.000000, -3110257.500000, -3556639.750000
1.050000, 172425.937500, 172425.937500, 80776920.000000, 80776920.000000, -3075851.750000, -3553338.750000
1.100000, 148344.859375, 148344.859375, 80203088.000000, 80203088.000000, -3076833.250000, -3555912.250000
1.150000, 143045.203125, 143045.203125, 79675352.000000, 79675352.000000, -3048187.750000, -3675628.500000
1.200000, 157277.812500, 157277.812500, 78978880.000000, 78978880.000000, -3016450.250000, -3608740.500000
1.250000, 216581.890625, 216581.890625, 78373968.000000, 78373968.000000, -3065922.500000, -3577949.500000
1.300000, 220276.796875, 220276.796875, 77770928.000000, 77770928.000000, -3034193.250000, -3636681.000000
1.350000, 171723.296875, 171723.296875, 77067880.000000, 77067880.000000, -2954103.500000, -3507880.250000
1.400000, 145140.078125, 145140.078125, 76486944.000000, 76486944.000000, -2882053.500000, -3415966.250000
1.450000, 121728.132812, 121728.132812, 75966424.000000, 75966424.000000, -2781767.750000, -3412445.500000
1.500000, 151032.203125, 151032.203125, 75498616.000000, 75498616.000000, -2772506.250000, -3396874.000000
1.550000, 164854.062500, 164854.062500, 75069912.000000, 75069912.000000, -2771920.000000, -3392280.000000
1.600000, 144570.000000, 144570.000000, 74652856.000000, 74652856.000000, -2739724.500000, -3381053.750000
1.650000, 158627.062500, 158627.062500, 74219936.000000, 74219936.000000, -2743869.500000, -3393552.250000
1.700000, 140356.093750, 140356.093750, 73689856.000000, 73689856.000000, -2707781.500000, -3359299.250000
1.750000, 125063.554688, 125063.554688, 73219184.000000, 73219184.000000, -2680564.500000, -3334014.750000
1.800000, 142249.953125, 142249.953125, 72757056.000000, 72757056.000000, -2664888.500000, -3343379.500000
1.850000, 143970.703125, 143970.703125, 72230664.000000, 72230664.000000, -2646426.750000, -3309973.750000
1.900000, 147275.640625, 147275.640625, 71777176.000000, 71777176.000000, -2649725.250000, -3330207.000000
1.950000, 137564.734375, 137564.734375, 71294440.000000, 71294440.000000, -2602738.750000, -3333811.750000
2.000000, 124992.750000, 124992.750000, 70796520.000000, 70796520.000000, -2577214.000000, -3300846.250000
2.050000, 127135.101562, 127135.101562, 70305744.000000, 70305744.000000, -2563224.500000, -3301783.250000
2.100000, 134348.640625, 134348.640625, 69751528.000000, 69751528.000000, -2521114.500000, -3277325.750000
2.150000, 135098.484375, 135098.484375, 69243168.000000, 69243168.000000, -2503004.250000, -3263866.750000
2.200000, 113126.343750, 113126.343750, 68746896.000000, 68746896.000000, -2432844.250000, -3238721.500000
2.250000, 118087.875000, 118087.875000, 68272624.000000, 68272624.000000, -2382229.750000, -3229771.250000
2.300000, 131634.531250, 131634.531250, 67818288.000000, 67818288.000000, -2378967.750000, -3248749.750000
2.350000, 116087.414062, 116087.414062, 67280568.000000, 67280568.000000, -2347551.000000, -3208209.750000
2.400000, 121216.507812, 121216.507812, 66772468.000000, 66772468.000000, -2316088.000000, -3205842.500000
2.450000, 124292.585938, 124292.585938, 66256956.000000, 66256956.000000, -2257697.250000, -3208933.500000
2.500000, 117452.515625, 117452.515625, 65721464.000000, 65721464.000000, -2246679.000000, -3178323.250000
2.550000, 115650.359375, 115650.359375, 65245168.000000, 65245168.000000, -2226381.000000, -3196030.250000
2.600000, 103428.421875, 103428.421875, 64726160.000000, 64726160.000000, -2149783.500000, -3194061.250000
2.650000, 108190.195312, 108190.195312, 64246508.000000, 64246508.000000, -2158639.500000, -3181619.750000
2.700000, 107527.414062, 107527.414062, 63788272.000000, 63788272.000000, -2138422.250000, -3179660.500000
2.750000, 102242.304688, 102242.304688, 63274580.000000, 63274580.000000, -2114619.750000, -3176013.500000
2.800000, 115636.921875, 115636.921875, 62789724.000000, 62789724.000000, -2114796.000000, -3169089.250000
2.850000, 111476.125000, 111476.125000, 62291592.000000, 62291592.000000, -2044194.375000, -3128413.000000
2.900000, 106535.882812, 106535.882812, 61846628.000000, 61846628.000000, -2016814.375000, -3122264.750000
2.950000, 102128.085938, 102128.085938, 61379872.000000, 61379872.000000, -1937210.250000, -3108902.000000
3.000000, 94890.359375, 94890.359375, 60872688.000000, 60872688.000000, -1881759.875000, -3077305.750000
3.050000, 103106.398438, 103106.398438, 60494032.000000, 60494032.000000, -1905871.875000, -3100552.750000
3.100000, 96698.843750, 96698.843750, 59990176.000000, 59990176.000000, -1797347.250000, -3083520.500000
3.150000, 97319.546875, 97319.546875, 59396972.000000, 59396972.000000, -1790125.125000, -3054677.000000
3.200000, 105835.546875, 105835.546875, 58797988.000000, 58797988.000000, -1801127.375000, -3048010.750000
3.250000, 92181.359375, 92181.359375, 58011800.000000, 58011800.000000, -1578643.750000, -3016460.250000
3.300000, 89339.031250, 89339.031250, 57366872.000000, 57366872.000000, -1480090.750000, -3015963.000000
3.350000, 93715.242188, 93715.242188, 56847680.000000, 56847680.000000, -1571436.750000, -2999622.500000
3.400000, 94397.859375, 94397.859375, 56249860.000000, 56249860.000000, -1605374.750000, -2971225.500000
3.450000, 89048.734375, 89048.734375, 55779432.000000, 55779432.000000, -1583893.500000, -2974119.750000
3.500000, 80897.718750, 80897.718750, 55375596.000000, 55375596.000000, -1635615.250000, -2952845.000000
3.550000, 103428.546875, 103428.546875, 54983560.000000, 54983560.000000, -1749729.000000, -2948430.250000
3.600000, 112851.117188, 112851.117188, 54627100.000000, 54627100.000000, -1787582.000000, -2955211.750000
3.650000, 87634.273438, 87634.273438, 54305040.000000, 54305040.000000, -1817027.250000, -2947246.250000
3.700000, 88563.375000, 88563.375000, 54029268.000000, 54029268.000000, -1859236.000000, -2960704.000000
3.750000, 102779.171875, 102779.171875, 53712848.000000, 53712848.000000, -1799221.000000, -2957529.500000
3.800000, 95697.460938, 95697.460938, 53418312.000000, 53418312.000000, -1710838.000000, -2960087.250000
3.850000, 86206.242188, 86206.242188, 53135648.000000, 53135648.000000, -1661816.000000, -2993205.000000
3.900000, 88099.117188, 88099.117188, 52834476.000000, 52834476.000000, -1596495.500000, -2995605.250000
3.950000, 91860.117188, 91860.117188, 52495520.000000, 52495520.000000, -1472246.250000, -2981027.750000
4.000000, 84606.671875, 84606.671875, 52045640.000000, 52045640.000000, -1355473.750000, -2995744.250000
4.050000, 71656.304688, 71656.304688, 51586140.000000, 51586140.000000, -1282956.250000, -3000798.750000
4.100000, 66859.546875, 66859.546875, 51037544.000000, 51037544.000000, -1159174.500000, -2948526.500000
4.150000, 62246.468750, 62246.468750, 50444000.000000, 50444000.000000, -1010886.687500, -2914422.000000
4.200000, 48401.511719, 48401.511719, 49858272.000000, 49858272.000000, -947326.062500, -2928313.000000
4.250000, 45809.097656, 45809.097656, 49045900.000000, 49045900.000000, -939841.500000, -2909867.250000
4.300000, 55238.347656, 55238.347656, 48275144.000000, 48275144.000000, -904272.625000, -2891178.500000
4.350000, 58345.097656, 58345.097656, 47665308.000000, 47665308.000000, -878882.437500, -2880291.500000
4.400000, 61143.460938, 61143.460938, 46982112.000000, 46982112.000000, -914348.187500, -2856666.000000
4.450000, 55592.484375, 55592.484375, 46379632.000000, 46379632.000000, -887977.187500, -2867237.750000
4.500000, 45940.679688, 45940.679688, 45945700.000000, 45945700.000000, -745181.187500, -2883304.500000
4.550000, 45504.843750, 45504.843750, 45587392.000000, 45587392.000000, -612091.437500, -2935996.500000
4.600000, 33418.613281, 33418.613281, 45168772.000000, 45168772.000000, -564064.875000, -2967321.250000
4.650000, 25889.175781, 25889.175781, 44779824.000000, 44779824.000000, -580241.500000, -2834423.500000
4.700000, 36781.195312, 36781.195312, 44465220.000000, 44465220.000000, -629423.937500, -2681989.000000
4.750000, 35742.738281, 35742.738281, 43906972.000000, 43906972.000000, -664062.562500, -2631553.000000
4.800000, 32947.058594, 32947.058594, 43284552.000000, 43284552.000000, -659070.312500, -2646666.000000
4.850000, 43563.652344, 43563.652344, 42730692.000000, 42730692.000000, -658983.750000, -2655365.500000
4.900000, 47445.386719, 47445.386719, 41991092.000000, 41991092.000000, -663100.312500, -2606549.000000
4.950000, 36596.050781, 36596.050781, 41202520.000000, 41202520.000000, -652954.750000, -2608164.750000
5.000000, 30812.078125, 30812.078125, 40510136.000000, 40510136.000000, -658279.687500, -2599757.000000
5.050000, 42850.031250, 42850.031250, 39929624.000000, 39929624.000000, -656438.625000, -2482783.750000
5.100000, 44655.812500, 44655.812500, 39382632.000000, 39382632.000000, -622345.937500, -2361485.750000
5.150000, 32476.210938, 32476.210938, 38827692.000000, 38827692.000000, -597160.312500, -2270082.250000
5.200000, 36156.410156, 36156.410156, 38388756.000000, 38388756.000000, -600199.312500, -2194034.750000
5.250000, 37658.453125, 37658.453125, 37986464.000000, 37986464.000000, -595929.562500, -2054536.375000
5.300000, 23623.984375, 23623.984375, 37644160.000000, 37644160.000000, -580004.437500, -1934416.625000
5.350000, 25706.187500, 25706.187500, 37366480.000000, 37366480.000000, -581127.875000, -1931305.750000
5.400000, 35839.976562, 35839.976562, 37041412.000000, 37041412.000000, -589196.062500, -1829746.125000
5.450000, 25141.742188, 25141.742188, 36742004.000000, 36742004.000000, -585918.375000, -1720904.625000
5.500000, 21102.931641, 21102.931641, 36448108.000000, 36448108.000000, -578601.750000, -1754672.625000
5.550000, 33508.882812, 33508.882812, 36163240.000000, 36163240.000000, -583689.562500, -1767550.750000
5.600000, 30736.343750, 30736.343750, 35805724.000000, 35805724.000000, -588651.187500, -1777302.500000
5.650000, 30056.738281, 30056.738281, 35387052.000000, 35387052.000000, -577511.625000, -1870842.875000
5.700000, 37486.882812, 37486.882812, 35076856.000000, 35076856.000000, -570288.375000, -1980743.000000
5.750000, 31742.066406, 31742.066406, 34597568.000000, 34597568.000000, -559594.375000, -1940687.625000
5.800000, 32210.994141, 32210.994141, 34020952.000000, 34020952.000000, -543350.437500, -1928939.625000
5.850000, 33859.492188, 33859.492188, 33580052.000000, 33580052.000000, -535031.750000, -2126715.000000
5.900000, 27167.503906, 27167.503906, 32961248.000000, 32961248.000000, -517983.218750, -2084722.625000
5.950000, 28669.173828, 28669.173828, 32239576.000000, 32239576.000000, -502086.531250, -1865147.375000
6.000000, 28854.318359, 28854.318359, 31576654.000000, 31576654.000000, -493316.937500, -1852784.375000
6.050000, 27872.460938, 27872.460938, 30934132.000000, 30934132.000000, -481817.625000, -1817113.000000
6.100000, 27574.162109, 27574.162109, 30444304.000000, 30444304.000000, -476845.968750, -1749993.875000
6.150000, 24318.910156, 24318.910156, 30005150.000000, 30005150.000000, -471842.750000, -1738996.750000
6.200000, 27002.568359, 27002.568359, 29527376.000000, 29527376.000000, -460619.468750, -1688708.875000
6.250000, 25365.603516, 25365.603516, 29048678.000000, 29048678.000000, -450174.781250, -1641520.875000
6.300000, 21500.697266, 21500.697266, 28576332.000000, 28576332.000000, -443701.562500, -1575427.625000
6.350000, 23731.810547, 23731.810547, 28136720.000000, 28136720.000000, -432125.218750, -1535009.625000
6.400000, 23207.943359, 23207.943359, 27627814.000000, 27627814.000000, -413266.031250, -1511555.125000
6.450000, 22813.978516, 22813.978516, 27106594.000000, 27106594.000000, -404579.062500, -1463767.625000
6.500000, 21492.458984, 21492.458984, 26655436.000000, 26655436.000000, -400413.750000, -1470503.125000
6.550000, 19207.414062, 19207.414062, 26169982.000000, 26169982.000000, -385852.437500, -1444531.250000
6.600000, 20253.732422, 20253.732422, 25679732.000000, 25679732.000000, -371872.406250, -1383167.250000
6.650000, 20757.845703, 20757.845703, 25198338.000000, 25198338.000000, -366135.906250, -1366950.500000
6.700000, 20321.812500, 20321.812500, 24699150.000000, 24699150.000000, -354558.625000, -1354069.625000
6.750000, 17515.615234, 17515.615234, 24201056.000000, 24201056.000000, -344270.375000, -1328900.625000
6.800000, 17743.568359, 17743.568359, 23675868.000000, 23675868.000000, -350094.625000, -1276131.500000
6.850000, 21191.912109, 21191.912109, 23157298.000000, 23157298.000000, -347519.343750, -1242587.500000
6.900000, 18875.787109, 18875.787109, 22663984.000000, 22663984.000000, -339149.593750, -1228871.000000
6.950000, 17354.230469, 17354.230469, 22185466.000000, 22185466.000000, -337355.625000, -1188366.375000
7.000000, 17401.773438, 17401.773438, 21718058.000000, 21718058.000000, -320906.125000, -1163721.750000
7.050000, 15018.166992, 15018.166992, 21217652.000000, 21217652.000000, -307943.468750, -1124692.000000
7.100000, 15456.112305, 15456.112305, 20711856.000000, 20711856.000000, -309295.406250, -1085245.875000
7.150000, 17014.765625, 17014.765625, 20211154.000000, 20211154.000000, -299507.812500, -1079762.250000
7.200000, 15797.560547, 15797.560547, 19697906.000000, 19697906.000000, -280238.937500, -1049239.125000
7.250000, 13097.324219, 13097.324219, 19207602.000000, 19207602.000000, -264836.156250, -1013355.437500
7.300000, 13476.718750, 13476.718750, 18715304.000000, 18715304.000000, -257487.406250, -996400.250000
7.350000, 15267.525391, 15267.525391, 18218388.000000, 18218388.000000, -247245.921875, -990028.812500
7.400000, 13367.736328, 13367.736328, 17728260.000000, 17728260.000000, -231542.328125, -980456.187500
7.450000, 11685.473633, 11685.473633, 17222800.000000, 17222800.000000, -222119.171875, -949842.562500
7.500000, 11448.384766, 11448.384766, 16722502.000000, 16722502.000000, -211045.312500, -918550.000000
7.550000, 11162.650391, 11162.650391, 16213375.000000, 16213375.000000, -201531.062500, -879089.250000
7.600000, 10753.304688, 10753.304688, 15721852.000000, 15721852.000000, -198724.156250, -851486.000000
7.650000, 9738.971680, 9738.971680, 15253186.000000, 15253186.000000, -189448.562500, -836259.250000
7.700000, 10355.801758, 10355.801758, 14757276.000000, 14757276.000000, -182625.953125, -790542.875000
7.750000, 9777.310547, 9777.310547, 14288482.000000, 14288482.000000, -178082.156250, -761201.500000
7.800000, 7907.005371, 7907.005371, 13800494.000000, 13800494.000000, -161969.890625, -751636.687500
7.850000, 8348.583008, 8348.583008, 13268274.000000, 13268274.000000, -149916.156250, -718607.312500
7.900000, 8029.355469, 8029.355469, 12770775.000000, 12770775.000000, -145338.562500, -685480.000000
7.950000, 7754.059082, 7754.059082, 12256400.000000, 12256400.000000, -137639.515625, -666649.687500
8.000000, 7924.928711, 7924.928711, 11755337.000000, 11755337.000000, -134697.796875, -649280.312500
8.050000, 6545.432129, 6545.432129, 11271037.000000, 11271037.000000, -129835.750000, -609353.437500
8.100000, 6617.629883, 6617.629883, 10759101.000000, 10759101.000000, -114431.484375, -576050.500000
8.150000, 6083.198730, 6083.198730, 10285784.000000, 10285784.000000, -100924.718750, -578022.750000
8.200000, 4199.867676, 4199.867676, 9790678.000000, 9790678.000000, -98355.046875, -551133.625000
8.250000, 5475.072754, 5475.072754, 9274105.000000, 9274105.000000, -104761.781250, -498610.000000
8.300000, 6492.315430, 6492.315430, 8771370.000000, 8771370.000000, -102408.203125, -472655.718750
8.350000, 4499.925293, 4499.925293, 8257202.000000, 8257202.000000, -83734.867188, -453814.062500
8.400000, 3651.655518, 3651.655518, 7781955.000000, 7781955.000000, -70514.757812, -429155.750000
8.450000, 4183.545410, 4183.545410, 7277010.000000, 7277010.000000, -68198.750000, -398856.718750
8.500000, 3529.449951, 3529.449951, 6767285.500000, 6767285.500000, -58526.855469, -368555.718750
8.550000, 2874.199219, 2874.199219, 6299487.500000, 6299487.500000, -51382.375000, -352117.687500
8.600000, 2807.879395, 2807.879395, 5796429.000000, 5796429.000000, -53180.046875, -330254.375000
8.650000, 1778.785645, 1778.785645, 5303841.500000, 5303841.500000, -39604.617188, -292173.312500
8.700000, 1761.091797, 1761.091797, 4798173.000000, 4798173.000000, -35133.085938, -259691.281250
8.750000, 2908.911377, 2908.911377, 4291216.000000, 4291216.000000, -50591.187500, -240143.687500
8.800000, 2439.183594, 2439.183594, 3795311.500000, 3795311.500000, -45318.390625, -211663.796875
8.850000, 2036.502686, 2036.502686, 3292931.250000, 3292931.250000, -34981.312500, -177919.750000
8.900000, 1982.716553, 1982.716553, 2852509.750000, 2852509.750000, -29346.687500, -160397.187500
8.950000, 1028.918701, 1028.918701, 2324581.750000, 2324581.750000, -15419.373047, -139177.968750
9.000000, 613.933228, 613.933228, 1794168.750000, 1794168.750000, -9479.986328, -110001.945312
9.050000, 194.728271, 194.728271, 1380457.000000, 1380457.000000, -2353.466797, -86317.601562
9.100000, -463.268250, -463.268250, 784329.437500, 784329.437500, 7408.653320, -50361.292969
9.150000, -291.095551, -291.095551, 198706.531250, 198706.531250, 4448.653809, -13002.268555
