Time 1XX 1ZZ 2XX 2ZZ 1X2Z 1Z2X 
-8.200000, 0.000000, 0.000000, 0.000000, 0.000000, 0.000000, 0.000000
-8.150000, 2.202440, 2.202440, 181686.687500, 181686.687500, 60.291782, 6636.957031
-8.100000, 39.410984, 39.410984, 717316.937500, 717316.937500, 1029.036865, 31689.644531
-8.050000, 229.425781, 229.425781, 1261368.500000, 1261368.500000, 5446.749023, 65883.265625
-8.000000, 544.570007, 544.570007, 1623464.250000, 1623464.250000, 10703.852539, 88845.281250
-7.950000, 647.495728, 647.495728, 2070841.750000, 2070841.750000, 10626.498047, 102846.289062
-7.900000, 799.300110, 799.300110, 2533728.250000, 2533728.250000, 17752.484375, 111398.570312
-7.850000, 1605.270386, 1605.270386, 2958131.000000, 2958131.000000, 37894.539062, 121476.156250
-7.800000, 2189.718750, 2189.718750, 3428743.750000, 3428743.750000, 43210.164062, 131267.359375
-7.750000, 1902.003052, 1902.003052, 3849345.750000, 3849345.750000, 37566.234375, 119368.367188
-7.700000, 1573.614258, 1573.614258, 4286917.000000, 4286917.000000, 47262.359375, 125034.250000
-7.650000, 1416.135132, 1416.135132, 4745876.500000, 4745876.500000, 54722.265625, 167646.578125
-7.600000, 1852.329224, 1852.329224, 5180938.000000, 5180938.000000, 51915.386719, 192329.312500
-7.550000, 2061.997803, 2061.997803, 5639651.500000, 5639651.500000, 54694.214844, 194780.968750
-7.500000, 1023.424438, 1023.424438, 6069392.000000, 6069392.000000, 65531.093750, 195166.109375
-7.450000, 2096.200195, 2096.200195, 6511790.000000, 6511790.000000, 82322.546875, 204951.328125
-7.400000, 4470.743652, 4470.743652, 6970835.000000, 6970835.000000, 85570.218750, 218191.703125
-7.350000, 3288.384277, 3288.384277, 7400524.000000, 7400524.000000, 72781.031250, 227010.046875
-7.300000, 1233.098633, 1233.098633, 7836084.000000, 7836084.000000, 75683.375000, 250088.718750
-7.250000, 1955.059082, 1955.059082, 8268041.500000, 8268041.500000, 90472.289062, 265884.125000
-7.200000, 3396.704834, 3396.704834, 8731746.000000, 8731746.000000, 92907.671875, 291221.031250
-7.150000, 2893.027832, 2893.027832, 9208471.000000, 9208471.000000, 92074.062500, 331841.031250
-7.100000, 2052.639404, 2052.639404, 9653498.000000, 9653498.000000, 98945.929688, 332118.593750
-7.050000, 3712.178467, 3712.178467, 10093240.000000, 10093240.000000, 109794.140625, 335174.593750
-7.000000, 5754.572266, 5754.572266, 10524764.000000, 10524764.000000, 121763.867188, 359421.593750
-6.950000, 5861.316406, 5861.316406, 10974606.000000, 10974606.000000, 120867.062500, 376910.500000
-6.900000, 3760.712891, 3760.712891, 11412254.000000, 11412254.000000, 111054.460938, 414713.375000
-6.850000, 1832.701172, 1832.701172, 11847474.000000, 11847474.000000, 112834.273438, 447232.062500
-6.800000, 3494.254150, 3494.254150, 12329581.000000, 12329581.000000, 115736.875000, 452742.687500
-6.750000, 5058.313965, 5058.313965, 12776960.000000, 12776960.000000, 120643.765625, 460463.281250
-6.700000, 4265.389160, 4265.389160, 13215921.000000, 13215921.000000, 132790.640625, 484791.531250
-6.650000, 5087.757812, 5087.757812, 13670496.000000, 13670496.000000, 140456.875000, 509405.656250
-6.600000, 7530.090820, 7530.090820, 14103545.000000, 14103545.000000, 152688.218750, 511560.718750
-6.550000, 7826.394043, 7826.394043, 14568557.000000, 14568557.000000, 160217.078125, 526042.187500
-6.500000, 6351.138672, 6351.138672, 15036038.000000, 15036038.000000, 161951.734375, 559985.875000
-6.450000, 6064.585938, 6064.585938, 15494421.000000, 15494421.000000, 177637.140625, 574443.687500
-6.400000, 5560.525879, 5560.525879, 15967198.000000, 15967198.000000, 184145.328125, 579401.687500
-6.350000, 5349.364746, 5349.364746, 16425643.000000, 16425643.000000, 174770.375000, 588097.125000
-6.300000, 6652.293457, 6652.293457, 16871506.000000, 16871506.000000, 178612.593750, 607727.625000
-6.250000, 7645.215820, 7645.215820, 17298684.000000, 17298684.000000, 198088.765625, 625488.937500
-6.200000, 8636.735352, 8636.735352, 17747914.000000, 17747914.000000, 204940.171875, 633929.750000
-6.150000, 6872.538574, 6872.538574, 18227596.000000, 18227596.000000, 192698.312500, 664175.312500
-6.100000, 4945.933105, 4945.933105, 18680614.000000, 18680614.000000, 191003.968750, 689047.625000
-6.050000, 7119.866211, 7119.866211, 19129972.000000, 19129972.000000, 199758.593750, 705158.687500
-6.000000, 7636.029785, 7636.029785, 19598702.000000, 19598702.000000, 206707.765625, 729344.312500
-5.950000, 7269.303711, 7269.303711, 20067916.000000, 20067916.000000, 220039.750000, 731969.062500
-5.900000, 8230.503906, 8230.503906, 20515986.000000, 20515986.000000, 239867.687500, 754457.562500
-5.850000, 9664.652344, 9664.652344, 20962730.000000, 20962730.000000, 249440.625000, 789867.312500
-5.800000, 12022.472656, 12022.472656, 21424960.000000, 21424960.000000, 237248.796875, 795816.687500
-5.750000, 9927.190430, 9927.190430, 21858844.000000, 21858844.000000, 237454.796875, 812260.875000
-5.700000, 6290.925781, 6290.925781, 22306626.000000, 22306626.000000, 253270.359375, 825523.437500
-5.650000, 8239.523438, 8239.523438, 22785554.000000, 22785554.000000, 260930.656250, 835006.187500
-5.600000, 11244.946289, 11244.946289, 23230460.000000, 23230460.000000, 283367.187500, 871480.000000
-5.550000, 10972.432617, 10972.432617, 23686390.000000, 23686390.000000, 299433.687500, 914626.375000
-5.500000, 11877.005859, 11877.005859, 24163270.000000, 24163270.000000, 299274.562500, 943379.000000
-5.450000, 15320.540039, 15320.540039, 24625386.000000, 24625386.000000, 321174.156250, 944711.937500
-5.400000, 14521.498047, 14521.498047, 25082626.000000, 25082626.000000, 348757.000000, 937271.375000
-5.350000, 12598.248047, 12598.248047, 25474962.000000, 25474962.000000, 355393.281250, 924491.812500
-5.300000, 12698.391602, 12698.391602, 25829356.000000, 25829356.000000, 347031.843750, 910342.187500
-5.250000, 10979.616211, 10979.616211, 26206718.000000, 26206718.000000, 357272.968750, 921635.500000
-5.200000, 12719.319336, 12719.319336, 26542188.000000, 26542188.000000, 381550.812500, 943812.250000
-5.150000, 14833.700195, 14833.700195, 26918258.000000, 26918258.000000, 396474.687500, 919925.750000
-5.100000, 13653.882812, 13653.882812, 27421402.000000, 27421402.000000, 417229.656250, 798756.250000
-5.050000, 13083.713867, 13083.713867, 28001470.000000, 28001470.000000, 417974.968750, 670169.187500
-5.000000, 12260.348633, 12260.348633, 28668164.000000, 28668164.000000, 420439.781250, 638252.000000
-4.950000, 14895.065430, 14895.065430, 29299384.000000, 29299384.000000, 449959.093750, 688349.125000
-4.900000, 12768.677734, 12768.677734, 29883618.000000, 29883618.000000, 463635.625000, 778934.187500
-4.850000, 6233.061035, 6233.061035, 30597556.000000, 30597556.000000, 476305.312500, 880511.375000
-4.800000, 8961.687500, 8961.687500, 31325142.000000, 31325142.000000, 476858.687500, 992105.437500
-4.750000, 12140.762695, 12140.762695, 31961956.000000, 31961956.000000, 486432.031250, 1019053.312500
-4.700000, 16601.570312, 16601.570312, 32571654.000000, 32571654.000000, 514760.218750, 975938.437500
-4.650000, 20515.386719, 20515.386719, 33119892.000000, 33119892.000000, 501191.312500, 977731.437500
-4.600000, 18212.138672, 18212.138672, 33535080.000000, 33535080.000000, 521096.625000, 935317.875000
-4.550000, 19676.882812, 19676.882812, 33832760.000000, 33832760.000000, 551755.500000, 863636.250000
-4.500000, 16655.718750, 16655.718750, 34147784.000000, 34147784.000000, 527610.062500, 794245.375000
-4.450000, 12767.250977, 12767.250977, 34494936.000000, 34494936.000000, 527407.250000, 706146.500000
-4.400000, 10371.932617, 10371.932617, 34821008.000000, 34821008.000000, 529382.937500, 654187.312500
-4.350000, 7911.470703, 7911.470703, 35164088.000000, 35164088.000000, 529973.000000, 577141.500000
-4.300000, 15476.624023, 15476.624023, 35546588.000000, 35546588.000000, 536229.937500, 591380.062500
-4.250000, 14123.996094, 14123.996094, 36024028.000000, 36024028.000000, 539411.750000, 708279.562500
-4.200000, 14172.883789, 14172.883789, 36602356.000000, 36602356.000000, 570135.250000, 736563.500000
-4.150000, 19658.039062, 19658.039062, 37225388.000000, 37225388.000000, 581348.500000, 780485.312500
-4.100000, 12402.722656, 12402.722656, 37802960.000000, 37802960.000000, 620399.000000, 839412.187500
-4.050000, 17284.900391, 17284.900391, 38308876.000000, 38308876.000000, 683557.750000, 878717.500000
-4.000000, 23538.802734, 23538.802734, 38918336.000000, 38918336.000000, 710318.000000, 930638.125000
-3.950000, 23776.972656, 23776.972656, 39592664.000000, 39592664.000000, 751347.375000, 919231.187500
-3.900000, 26771.371094, 26771.371094, 40145860.000000, 40145860.000000, 788781.562500, 935597.000000
-3.850000, 27238.273438, 27238.273438, 40591652.000000, 40591652.000000, 852228.937500, 954103.687500
-3.800000, 36576.187500, 36576.187500, 40955968.000000, 40955968.000000, 856975.750000, 934066.750000
-3.750000, 25062.679688, 25062.679688, 41307720.000000, 41307720.000000, 745110.062500, 955624.875000
-3.700000, 7556.387207, 7556.387207, 41683976.000000, 41683976.000000, 699804.125000, 948907.125000
-3.650000, 9694.769531, 9694.769531, 42041372.000000, 42041372.000000, 650893.187500, 930525.500000
-3.600000, 2939.797363, 2939.797363, 42386044.000000, 42386044.000000, 565701.875000, 923090.312500
-3.550000, 1736.859375, 1736.859375, 42746500.000000, 42746500.000000, 526492.250000, 923599.875000
-3.500000, -1887.470581, -1887.470581, 43245836.000000, 43245836.000000, 490648.500000, 951900.062500
-3.450000, 4832.155273, 4832.155273, 43864464.000000, 43864464.000000, 510217.875000, 957939.250000
-3.400000, 25252.802734, 25252.802734, 44463408.000000, 44463408.000000, 516878.781250, 985214.437500
-3.350000, 24025.265625, 24025.265625, 45113108.000000, 45113108.000000, 561277.687500, 1017045.687500
-3.300000, 31307.214844, 31307.214844, 45842440.000000, 45842440.000000, 715152.625000, 1025440.812500
-3.250000, 26462.949219, 26462.949219, 46506032.000000, 46506032.000000, 777730.312500, 1061996.000000
-3.200000, 24357.658203, 24357.658203, 47062828.000000, 47062828.000000, 810212.000000, 1078050.625000
-3.150000, 42935.507812, 42935.507812, 47673792.000000, 47673792.000000, 832949.562500, 1079146.625000
-3.100000, 23010.892578, 23010.892578, 48320736.000000, 48320736.000000, 729587.250000, 1079609.875000
-3.050000, 13633.536133, 13633.536133, 48827044.000000, 48827044.000000, 603443.875000, 1076833.125000
-3.000000, 9843.798828, 9843.798828, 49259940.000000, 49259940.000000, 532234.562500, 1113122.500000
-2.950000, -5180.333984, -5180.333984, 49636744.000000, 49636744.000000, 561721.375000, 1121593.500000
-2.900000, 5758.813965, 5758.813965, 49980124.000000, 49980124.000000, 601453.562500, 1112543.250000
-2.850000, -1235.242432, -1235.242432, 50408792.000000, 50408792.000000, 577000.750000, 1134000.250000
-2.800000, 8444.339844, 8444.339844, 50805148.000000, 50805148.000000, 570493.562500, 1114580.625000
-2.750000, 28163.857422, 28163.857422, 51201516.000000, 51201516.000000, 549511.750000, 1114510.250000
-2.700000, 19787.023438, 19787.023438, 51702248.000000, 51702248.000000, 546973.750000, 1161080.375000
-2.650000, 23576.808594, 23576.808594, 52178876.000000, 52178876.000000, 583257.375000, 1168718.625000
-2.600000, 8657.674805, 8657.674805, 52638580.000000, 52638580.000000, 620378.937500, 1180572.875000
-2.550000, -4012.894531, -4012.894531, 53116004.000000, 53116004.000000, 675681.500000, 1209683.750000
-2.500000, 4832.283691, 4832.283691, 53578460.000000, 53578460.000000, 686048.250000, 1223270.250000
-2.450000, 12485.345703, 12485.345703, 54048028.000000, 54048028.000000, 689810.437500, 1225927.375000
-2.400000, 25733.771484, 25733.771484, 54498844.000000, 54498844.000000, 715349.187500, 1225079.625000
-2.350000, 13025.874023, 13025.874023, 54942840.000000, 54942840.000000, 718417.875000, 1234804.625000
-2.300000, 10687.032227, 10687.032227, 55402948.000000, 55402948.000000, 751095.375000, 1228910.250000
-2.250000, 20040.285156, 20040.285156, 55863732.000000, 55863732.000000, 781771.250000, 1252571.750000
-2.200000, 6948.417969, 6948.417969, 56347208.000000, 56347208.000000, 781002.500000, 1307521.500000
-2.150000, 4708.911133, 4708.911133, 56834860.000000, 56834860.000000, 784983.937500, 1308772.625000
-2.100000, 6579.988770, 6579.988770, 57297912.000000, 57297912.000000, 800000.062500, 1309112.375000
-2.050000, 24377.841797, 24377.841797, 57758480.000000, 57758480.000000, 822512.562500, 1311457.750000
-2.000000, 28250.224609, 28250.224609, 58231068.000000, 58231068.000000, 836370.750000, 1280399.250000
-1.950000, 8787.082031, 8787.082031, 58702624.000000, 58702624.000000, 862210.750000, 1271246.125000
-1.900000, 13652.149414, 13652.149414, 59152140.000000, 59152140.000000, 886340.312500, 1289590.500000
-1.850000, 4588.201660, 4588.201660, 59594248.000000, 59594248.000000, 893992.250000, 1304797.250000
-1.800000, 5972.258789, 5972.258789, 60055272.000000, 60055272.000000, 910867.687500, 1281552.500000
-1.750000, 18345.523438, 18345.523438, 60537156.000000, 60537156.000000, 913265.187500, 1264948.500000
-1.700000, 13683.878906, 13683.878906, 61017252.000000, 61017252.000000, 912853.562500, 1288522.750000
-1.650000, 24729.621094, 24729.621094, 61466792.000000, 61466792.000000, 936772.375000, 1292665.375000
-1.600000, 18861.003906, 18861.003906, 61935204.000000, 61935204.000000, 966670.625000, 1297128.250000
-1.550000, 14934.957031, 14934.957031, 62424876.000000, 62424876.000000, 977268.062500, 1305985.875000
-1.500000, 13096.881836, 13096.881836, 62855144.000000, 62855144.000000, 975731.375000, 1303685.250000
-1.450000, 7844.021973, 7844.021973, 63286344.000000, 63286344.000000, 995298.125000, 1306236.250000
-1.400000, 28203.525391, 28203.525391, 63736920.000000, 63736920.000000, 1006846.625000, 1301613.875000
-1.350000, 26304.722656, 26304.722656, 64157584.000000, 64157584.000000, 996621.687500, 1310806.875000
-1.300000, 33679.000000, 33679.000000, 64619012.000000, 64619012.000000, 1016570.937500, 1317509.375000
-1.250000, 24224.867188, 24224.867188, 65092072.000000, 65092072.000000, 1065012.625000, 1304275.625000
-1.200000, -8135.475586, -8135.475586, 65584992.000000, 65584992.000000, 1083136.625000, 1276347.500000
-1.150000, 6496.917480, 6496.917480, 66163812.000000, 66163812.000000, 1077557.250000, 1237193.625000
-1.100000, -3704.658936, -3704.658936, 66714808.000000, 66714808.000000, 1093125.625000, 1253998.875000
-1.050000, -2509.213135, -2509.213135, 67225464.000000, 67225464.000000, 1113964.750000, 1318975.875000
-1.000000, 9360.435547, 9360.435547, 67739104.000000, 67739104.000000, 1169166.250000, 1397398.000000
-0.950000, 5682.435059, 5682.435059, 68229056.000000, 68229056.000000, 1252870.375000, 1476967.000000
-0.900000, 38348.906250, 38348.906250, 68703864.000000, 68703864.000000, 1300134.125000, 1515940.625000
-0.850000, 20628.474609, 20628.474609, 69128880.000000, 69128880.000000, 1355151.250000, 1538400.750000
-0.800000, 33729.890625, 33729.890625, 69505096.000000, 69505096.000000, 1414213.375000, 1514826.875000
-0.750000, 90788.304688, 90788.304688, 69822080.000000, 69822080.000000, 1433646.750000, 1442012.125000
-0.700000, 98488.765625, 98488.765625, 70084552.000000, 70084552.000000, 1409431.375000, 1402864.125000
-0.650000, 115669.007812, 115669.007812, 70338352.000000, 70338352.000000, 1356074.750000, 1372501.750000
-0.600000, 78455.015625, 78455.015625, 70560176.000000, 70560176.000000, 1311194.125000, 1343673.875000
-0.550000, 44897.996094, 44897.996094, 70839936.000000, 70839936.000000, 1228784.625000, 1318555.875000
-0.500000, 11504.516602, 11504.516602, 71225008.000000, 71225008.000000, 1158961.375000, 1273847.125000
-0.450000, -57279.000000, -57279.000000, 71671176.000000, 71671176.000000, 1131979.750000, 1238324.500000
-0.400000, -26201.833984, -26201.833984, 72192448.000000, 72192448.000000, 1054122.125000, 1215905.000000
-0.350000, -37493.269531, -37493.269531, 72772072.000000, 72772072.000000, 1027589.937500, 1241117.875000
-0.300000, -67029.812500, -67029.812500, 73435576.000000, 73435576.000000, 1094071.625000, 1308107.375000
-0.250000, -39891.605469, -39891.605469, 74121960.000000, 74121960.000000, 1202022.375000, 1386962.000000
-0.200000, -33212.085938, -33212.085938, 74839352.000000, 74839352.000000, 1353167.125000, 1503422.000000
-0.150000, 42519.828125, 42519.828125, 75594944.000000, 75594944.000000, 1462532.250000, 1597757.375000
-0.100000, 91953.578125, 91953.578125, 76271472.000000, 76271472.000000, 1550664.500000, 1637832.500000
-0.050000, 191087.781250, 191087.781250, 77081952.000000, 77081952.000000, 1629796.625000, 1650373.250000
0.000000, 307539.718750, 307539.718750, 77703864.000000, 77703864.000000, 1649417.500000, 1649417.500000
0.050000, 191087.781250, 191087.781250, 77081952.000000, 77081952.000000, 1650373.250000, 1629796.625000
0.100000, 91953.578125, 91953.578125, 76271472.000000, 76271472.000000, 1637832.500000, 1550664.500000
0.150000, 42519.828125, 42519.828125, 75594944.000000, 75594944.000000, 1597757.375000, 1462532.250000
0.200000, -33212.085938, -33212.085938, 74839352.000000, 74839352.000000, 1503422.000000, 1353167.125000
0.250000, -39891.605469, -39891.605469, 74121960.000000, 74121960.000000, 1386962.000000, 1202022.375000
0.300000, -67029.812500, -67029.812500, 73435576.000000, 73435576.000000, 1308107.375000, 1094071.625000
0.350000, -37493.269531, -37493.269531, 72772072.000000, 72772072.000000, 1241117.875000, 1027589.937500
0.400000, -26201.833984, -26201.833984, 72192448.000000, 72192448.000000, 1215905.000000, 1054122.125000
0.450000, -57279.000000, -57279.000000, 71671176.000000, 71671176.000000, 1238324.500000, 1131979.750000
0.500000, 11504.516602, 11504.516602, 71225008.000000, 71225008.000000, 1273847.125000, 1158961.375000
0.550000, 44897.996094, 44897.996094, 70839936.000000, 70839936.000000, 1318555.875000, 1228784.625000
0.600000, 78455.015625, 78455.015625, 70560176.000000, 70560176.000000, 1343673.875000, 1311194.125000
0.650000, 115669.007812, 115669.007812, 70338352.000000, 70338352.000000, 1372501.750000, 1356074.750000
0.700000, 98488.765625, 98488.765625, 70084552.000000, 70084552.000000, 1402864.125000, 1409431.375000
0.750000, 90788.304688, 90788.304688, 69822080.000000, 69822080.000000, 1442012.125000, 1433646.750000
0.800000, 33729.890625, 33729.890625, 69505096.000000, 69505096.000000, 1514826.875000, 1414213.375000
0.850000, 20628.474609, 20628.474609, 69128880.000000, 69128880.000000, 1538400.750000, 1355151.250000
0.900000, 38348.906250, 38348.906250, 68703864.000000, 68703864.000000, 1515940.625000, 1300134.125000
0.950000, 5682.435059, 5682.435059, 68229056.000000, 68229056.000000, 1476967.000000, 1252870.375000
1.000000, 9360.435547, 9360.435547, 67739104.000000, 67739104.000000, 1397398.000000, 1169166.250000
1.050000, -2509.213135, -2509.213135, 67225464.000000, 67225464.000000, 1318975.875000, 1113964.750000
1.100000, -3704.658936, -3704.658936, 66714808.000000, 66714808.000000, 1253998.875000, 1093125.625000
1.150000, 6496.917480, 6496.917480, 66163812.000000, 66163812.000000, 1237193.625000, 1077557.250000
1.200000, -8135.475586, -8135.475586, 65584992.000000, 65584992.000000, 1276347.500000, 1083136.625000
1.250000, 24224.867188, 24224.867188, 65092072.000000, 65092072.000000, 1304275.625000, 1065012.625000
1.300000, 33679.000000, 33679.000000, 64619012.000000, 64619012.000000, 1317509.375000, 1016570.937500
1.350000, 26304.722656, 26304.722656, 64157584.000000, 64157584.000000, 1310806.875000, 996621.687500
1.400000, 28203.525391, 28203.525391, 63736920.000000, 63736920.000000, 1301613.875000, 1006846.625000
1.450000, 7844.021973, 7844.021973, 63286344.000000, 63286344.000000, 1306236.250000, 995298.125000
1.500000, 13096.881836, 13096.881836, 62855144.000000, 62855144.000000, 1303685.250000, 975731.375000
1.550000, 14934.957031, 14934.957031, 62424876.000000, 62424876.000000, 1305985.875000, 977268.062500
1.600000, 18861.003906, 18861.003906, 61935204.000000, 61935204.000000, 1297128.250000, 966670.625000
1.650000, 24729.621094, 24729.621094, 61466792.000000, 61466792.000000, 1292665.375000, 936772.375000
1.700000, 13683.878906, 13683.878906, 61017252.000000, 61017252.000000, 1288522.750000, 912853.562500
1.750000, 18345.523438, 18345.523438, 60537156.000000, 60537156.000000, 1264948.500000, 913265.187500
1.800000, 5972.258789, 5972.258789, 60055272.000000, 60055272.000000, 1281552.500000, 910867.687500
1.850000, 4588.201660, 4588.201660, 59594248.000000, 59594248.000000, 1304797.250000, 893992.250000
1.900000, 13652.149414, 13652.149414, 59152140.000000, 59152140.000000, 1289590.500000, 886340.312500
1.950000, 8787.082031, 8787.082031, 58702624.000000, 58702624.000000, 1271246.125000, 862210.750000
2.000000, 28250.224609, 28250.224609, 58231068.000000, 58231068.000000, 1280399.250000, 836370.750000
2.050000, 24377.841797, 24377.841797, 57758480.000000, 57758480.000000, 1311457.750000, 822512.562500
2.100000, 6579.988770, 6579.988770, 57297912.000000, 57297912.000000, 1309112.375000, 800000.062500
2.150000, 4708.911133, 4708.911133, 56834860.000000, 56834860.000000, 1308772.625000, 784983.937500
2.200000, 6948.417969, 6948.417969, 56347208.000000, 56347208.000000, 1307521.500000, 781002.500000
2.250000, 20040.285156, 20040.285156, 55863732.000000, 55863732.000000, 1252571.750000, 781771.250000
2.300000, 10687.032227, 10687.032227, 55402948.000000, 55402948.000000, 1228910.250000, 751095.375000
2.350000, 13025.874023, 13025.874023, 54942840.000000, 54942840.000000, 1234804.625000, 718417.875000
2.400000, 25733.771484, 25733.771484, 54498844.000000, 54498844.000000, 1225079.625000, 715349.187500
2.450000, 12485.345703, 12485.345703, 54048028.000000, 54048028.000000, 1225927.375000, 689810.437500
2.500000, 4832.283691, 4832.283691, 53578460.000000, 53578460.000000, 1223270.250000, 686048.250000
2.550000, -4012.894531, -4012.894531, 53116004.000000, 53116004.000000, 1209683.750000, 675681.500000
2.600000, 8657.674805, 8657.674805, 52638580.000000, 52638580.000000, 1180572.875000, 620378.937500
2.650000, 23576.808594, 23576.808594, 52178876.000000, 52178876.000000, 1168718.625000, 583257.375000
2.700000, 19787.023438, 19787.023438, 51702248.000000, 51702248.000000, 1161080.375000, 546973.750000
2.750000, 28163.857422, 28163.857422, 51201516.000000, 51201516.000000, 1114510.250000, 549511.750000
2.800000, 8444.339844, 8444.339844, 50805148.000000, 50805148.000000, 1114580.625000, 570493.562500
2.850000, -1235.242432, -1235.242432, 50408792.000000, 50408792.000000, 1134000.250000, 577000.750000
2.900000, 5758.813965, 5758.813965, 49980124.000000, 49980124.000000, 1112543.250000, 601453.562500
2.950000, -5180.333984, -5180.333984, 49636744.000000, 49636744.000000, 1121593.500000, 561721.375000
3.000000, 9843.798828, 9843.798828, 49259940.000000, 49259940.000000, 1113122.500000, 532234.562500
3.050000, 13633.536133, 13633.536133, 48827044.000000, 48827044.000000, 1076833.125000, 603443.875000
3.100000, 23010.892578, 23010.892578, 48320736.000000, 48320736.000000, 1079609.875000, 729587.250000
3.150000, 42935.507812, 42935.507812, 47673792.000000, 47673792.000000, 1079146.625000, 832949.562500
3.200000, 24357.658203, 24357.658203, 47062828.000000, 47062828.000000, 1078050.625000, 810212.000000
3.250000, 26462.949219, 26462.949219, 46506032.000000, 46506032.000000, 1061996.000000, 777730.312500
3.300000, 31307.214844, 31307.214844, 45842440.000000, 45842440.000000, 1025440.812500, 715152.625000
3.350000, 24025.265625, 24025.265625, 45113108.000000, 45113108.000000, 1017045.687500, 561277.687500
3.400000, 25252.802734, 25252.802734, 44463408.000000, 44463408.000000, 985214.437500, 516878.781250
3.450000, 4832.155273, 4832.155273, 43864464.000000, 43864464.000000, 957939.250000, 510217.875000
3.500000, -1887.470581, -1887.470581, 43245836.000000, 43245836.000000, 951900.062500, 490648.500000
3.550000, 1736.859375, 1736.859375, 42746500.000000, 42746500.000000, 923599.875000, 526492.250000
3.600000, 2939.797363, 2939.797363, 42386044.000000, 42386044.000000, 923090.312500, 565701.875000
3.650000, 9694.769531, 9694.769531, 42041372.000000, 42041372.000000, 930525.500000, 650893.187500
3.700000, 7556.387207, 7556.387207, 41683976.000000, 41683976.000000, 948907.125000, 699804.125000
3.750000, 25062.679688, 25062.679688, 41307720.000000, 41307720.000000, 955624.875000, 745110.062500
3.800000, 36576.187500, 36576.187500, 40955968.000000, 40955968.000000, 934066.750000, 856975.750000
3.850000, 27238.273438, 27238.273438, 40591652.000000, 40591652.000000, 954103.687500, 852228.937500
3.900000, 26771.371094, 26771.371094, 40145860.000000, 40145860.000000, 935597.000000, 788781.562500
3.950000, 23776.972656, 23776.972656, 39592664.000000, 39592664.000000, 919231.187500, 751347.375000
4.000000, 23538.802734, 23538.802734, 38918336.000000, 38918336.000000, 930638.125000, 710318.000000
4.050000, 17284.900391, 17284.900391, 38308876.000000, 38308876.000000, 878717.500000, 683557.750000
4.100000, 12402.722656, 12402.722656, 37802960.000000, 37802960.000000, 839412.187500, 620399.000000
4.150000, 19658.039062, 19658.039062, 37225388.000000, 37225388.000000, 780485.312500, 581348.500000
4.200000, 14172.883789, 14172.883789, 36602356.000000, 36602356.000000, 736563.500000, 570135.250000
4.250000, 14123.996094, 14123.996094, 36024028.000000, 36024028.000000, 708279.562500, 539411.750000
4.300000, 15476.624023, 15476.624023, 35546588.000000, 35546588.000000, 591380.062500, 536229.937500
4.350000, 7911.470703, 7911.470703, 35164088.000000, 35164088.000000, 577141.500000, 529973.000000
4.400000, 10371.932617, 10371.932617, 34821008.000000, 34821008.000000, 654187.312500, 529382.937500
4.450000, 12767.250977, 12767.250977, 34494936.000000, 34494936.000000, 706146.500000, 527407.250000
4.500000, 16655.718750, 16655.718750, 34147784.000000, 34147784.000000, 794245.375000, 527610.062500
4.550000, 19676.882812, 19676.882812, 33832760.000000, 33832760.000000, 863636.250000, 551755.500000
4.600000, 18212.138672, 18212.138672, 33535080.000000, 33535080.000000, 935317.875000, 521096.625000
4.650000, 20515.386719, 20515.386719, 33119892.000000, 33119892.000000, 977731.437500, 501191.312500
4.700000, 16601.570312, 16601.570312, 32571654.000000, 32571654.000000, 975938.437500, 514760.218750
4.750000, 12140.762695, 12140.762695, 31961956.000000, 31961956.000000, 1019053.312500, 486432.031250
4.800000, 8961.687500, 8961.687500, 31325142.000000, 31325142.000000, 992105.437500, 476858.687500
4.850000, 6233.061035, 6233.061035, 30597556.000000, 30597556.000000, 880511.375000, 476305.312500
4.900000, 12768.677734, 12768.677734, 29883618.000000, 29883618.000000, 778934.187500, 463635.625000
4.950000, 14895.065430, 14895.065430, 29299384.000000, 29299384.000000, 688349.125000, 449959.093750
5.000000, 12260.348633, 12260.348633, 28668164.000000, 28668164.000000, 638252.000000, 420439.781250
5.050000, 13083.713867, 13083.713867, 28001470.000000, 28001470.000000, 670169.187500, 417974.968750
5.100000, 13653.882812, 13653.882812, 27421402.000000, 27421402.000000, 798756.250000, 417229.656250
5.150000, 14833.700195, 14833.700195, 26918258.000000, 26918258.000000, 919925.750000, 396474.687500
5.200000, 12719.319336, 12719.319336, 26542188.000000, 26542188.000000, 943812.250000, 381550.812500
5.250000, 10979.616211, 10979.616211, 26206718.000000, 26206718.000000, 921635.500000, 357272.968750
5.300000, 12698.391602, 12698.391602, 25829356.000000, 25829356.000000, 910342.187500, 347031.843750
5.350000, 12598.248047, 12598.248047, 25474962.000000, 25474962.000000, 924491.812500, 355393.281250
5.400000, 14521.498047, 14521.498047, 25082626.000000, 25082626.000000, 937271.375000, 348757.000000
5.450000, 15320.540039, 15320.540039, 24625386.000000, 24625386.000000, 944711.937500, 321174.156250
5.500000, 11877.005859, 11877.005859, 24163270.000000, 24163270.000000, 943379.000000, 299274.562500
5.550000, 10972.432617, 10972.432617, 23686390.000000, 23686390.000000, 914626.375000, 299433.687500
5.600000, 11244.946289, 11244.946289, 23230460.000000, 23230460.000000, 871480.000000, 283367.187500
5.650000, 8239.523438, 8239.523438, 22785554.000000, 22785554.000000, 835006.187500, 260930.656250
5.700000, 6290.925781, 6290.925781, 22306626.000000, 22306626.000000, 825523.437500, 253270.359375
5.750000, 9927.190430, 9927.190430, 21858844.000000, 21858844.000000, 812260.875000, 237454.796875
5.800000, 12022.472656, 12022.472656, 21424960.000000, 21424960.000000, 795816.687500, 237248.796875
5.850000, 9664.652344, 9664.652344, 20962730.000000, 20962730.000000, 789867.312500, 249440.625000
5.900000, 8230.503906, 8230.503906, 20515986.000000, 20515986.000000, 754457.562500, 239867.687500
5.950000, 7269.303711, 7269.303711, 20067916.000000, 20067916.000000, 731969.062500, 220039.750000
6.000000, 7636.029785, 7636.029785, 19598702.000000, 19598702.000000, 729344.312500, 206707.765625
6.050000, 7119.866211, 7119.866211, 19129972.000000, 19129972.000000, 705158.687500, 199758.593750
6.100000, 4945.933105, 4945.933105, 18680614.000000, 18680614.000000, 689047.625000, 191003.968750
6.150000, 6872.538574, 6872.538574, 18227596.000000, 18227596.000000, 664175.312500, 192698.312500
6.200000, 8636.735352, 8636.735352, 17747914.000000, 17747914.000000, 633929.750000, 204940.171875
6.250000, 7645.215820, 7645.215820, 17298684.000000, 17298684.000000, 625488.937500, 198088.765625
6.300000, 6652.293457, 6652.293457, 16871506.000000, 16871506.000000, 607727.625000, 178612.593750
6.350000, 5349.364746, 5349.364746, 16425643.000000, 16425643.000000, 588097.125000, 174770.375000
6.400000, 5560.525879, 5560.525879, 15967198.000000, 15967198.000000, 579401.687500, 184145.328125
6.450000, 6064.585938, 6064.585938, 15494421.000000, 15494421.000000, 574443.687500, 177637.140625
6.500000, 6351.138672, 6351.138672, 15036038.000000, 15036038.000000, 559985.875000, 161951.734375
6.550000, 7826.394043, 7826.394043, 14568557.000000, 14568557.000000, 526042.187500, 160217.078125
6.600000, 7530.090820, 7530.090820, 14103545.000000, 14103545.000000, 511560.718750, 152688.218750
6.650000, 5087.757812, 5087.757812, 13670496.000000, 13670496.000000, 509405.656250, 140456.875000
6.700000, 4265.389160, 4265.389160, 13215921.000000, 13215921.000000, 484791.531250, 132790.640625
6.750000, 5058.313965, 5058.313965, 12776960.000000, 12776960.000000, 460463.281250, 120643.765625
6.800000, 3494.254150, 3494.254150, 12329581.000000, 12329581.000000, 452742.687500, 115736.875000
6.850000, 1832.701172, 1832.701172, 11847474.000000, 11847474.000000, 447232.062500, 112834.273438
6.900000, 3760.712891, 3760.712891, 11412254.000000, 11412254.000000, 414713.375000, 111054.460938
6.950000, 5861.316406, 5861.316406, 10974606.000000, 10974606.000000, 376910.500000, 120867.062500
7.000000, 5754.572266, 5754.572266, 10524764.000000, 10524764.000000, 359421.593750, 121763.867188
7.050000, 3712.178467, 3712.178467, 10093240.000000, 10093240.000000, 335174.593750, 109794.140625
7.100000, 2052.639404, 2052.639404, 9653498.000000, 9653498.000000, 332118.593750, 98945.929688
7.150000, 2893.027832, 2893.027832, 9208471.000000, 9208471.000000, 331841.031250, 92074.062500
7.200000, 3396.704834, 3396.704834, 8731746.000000, 8731746.000000, 291221.031250, 92907.671875
7.250000, 1955.059082, 1955.059082, 8268041.500000, 8268041.500000, 265884.125000, 90472.289062
7.300000, 1233.098633, 1233.098633, 7836084.000000, 7836084.000000, 250088.718750, 75683.375000
7.350000, 3288.384277, 3288.384277, 7400524.000000, 7400524.000000, 227010.046875, 72781.031250
7.400000, 4470.743652, 4470.743652, 6970835.000000, 6970835.000000, 218191.703125, 85570.218750
7.450000, 2096.200195, 2096.200195, 6511790.000000, 6511790.000000, 204951.328125, 82322.546875
7.500000, 1023.424438, 1023.424438, 6069392.000000, 6069392.000000, 195166.109375, 65531.093750
7.550000, 2061.997803, 2061.997803, 5639651.500000, 5639651.500000, 194780.968750, 54694.214844
7.600000, 1852.329224, 1852.329224, 5180938.000000, 5180938.000000, 192329.312500, 51915.386719
7.650000, 1416.135132, 1416.135132, 4745876.500000, 4745876.500000, 167646.578125, 54722.265625
7.700000, 1573.614258, 1573.614258, 4286917.000000, 4286917.000000, 125034.250000, 47262.359375
7.750000, 1902.003052, 1902.003052, 3849345.750000, 3849345.750000, 119368.367188, 37566.234375
7.800000, 2189.718750, 2189.718750, 3428743.750000, 3428743.750000, 131267.359375, 43210.164062
7.850000, 1605.270386, 1605.270386, 2958131.000000, 2958131.000000, 121476.156250, 37894.539062
7.900000, 799.300110, 799.300110, 2533728.250000, 2533728.250000, 111398.570312, 17752.484375
7.950000, 647.495728, 647.495728, 2070841.750000, 2070841.750000, 102846.289062, 10626.498047
8.000000, 544.570007, 544.570007, 1623464.250000, 1623464.250000, 88845.281250, 10703.852539
8.050000, 229.425781, 229.425781, 1261368.500000, 1261368.500000, 65883.265625, 5446.749023
8.100000, 39.410984, 39.410984, 717316.937500, 717316.937500, 31689.644531, 1029.036865
8.150000, 2.202440, 2.202440, 181686.687500, 181686.687500, 6636.957031, 60.291782
