Time 1XX 1ZZ 2XX 2ZZ 1X2Z 1Z2X 
-9.150000, 0.000000, 0.000000, 0.000000, 0.000000, 0.000000, 0.000000
-9.100000, -116.759727, -116.759727, 204321.765625, 204321.765625, -4320.109375, 5522.210449
-9.050000, -750.137939, -750.137939, 798898.000000, 798898.000000, -18836.457031, 32992.164062
-9.000000, -1388.761475, -1388.761475, 1397967.250000, 1397967.250000, -23440.226562, 68370.242188
-8.950000, -205.341644, -205.341644, 1827207.875000, 1827207.875000, -4617.983398, 75634.406250
-8.900000, 688.308228, 688.308228, 2378481.250000, 2378481.250000, -1571.072266, 98352.015625
-8.850000, -1939.494263, -1939.494263, 2904554.000000, 2904554.000000, -14537.664062, 166893.203125
-8.800000, -2358.801758, -2358.801758, 3359471.250000, 3359471.250000, -8972.728516, 204543.734375
-8.750000, 1364.605469, 1364.605469, 3889992.000000, 3889992.000000, -5571.712891, 207642.015625
-8.700000, 764.053406, 764.053406, 4390182.500000, 4390182.500000, -13522.242188, 242584.781250
-8.650000, -3008.153564, -3008.153564, 4923832.500000, 4923832.500000, -25024.562500, 292481.000000
-8.600000, -2585.999512, -2585.999512, 5472378.000000, 5472378.000000, -35930.648438, 318313.625000
-8.550000, -368.057251, -368.057251, 5988974.500000, 5988974.500000, -42338.878906, 339750.250000
-8.500000, -2259.075684, -2259.075684, 6518086.000000, 6518086.000000, -61564.500000, 371600.593750
-8.450000, -4978.670410, -4978.670410, 6993356.000000, 6993356.000000, -68943.085938, 392763.625000
-8.400000, -3798.224121, -3798.224121, 7509504.000000, 7509504.000000, -68625.484375, 424972.562500
-8.350000, -4551.235352, -4551.235352, 8041589.000000, 8041589.000000, -87263.023438, 472664.812500
-8.300000, -6475.142578, -6475.142578, 8530449.000000, 8530449.000000, -84388.453125, 502056.500000
-8.250000, -4634.649414, -4634.649414, 9071372.000000, 9071372.000000, -77906.968750, 534369.312500
-8.200000, -4432.892090, -4432.892090, 9589549.000000, 9589549.000000, -92544.773438, 565575.687500
-8.150000, -6638.980469, -6638.980469, 10088044.000000, 10088044.000000, -109787.296875, 584123.750000
-8.100000, -7836.283691, -7836.283691, 10610267.000000, 10610267.000000, -132595.125000, 614664.937500
-8.050000, -6906.771484, -6906.771484, 11127644.000000, 11127644.000000, -135472.734375, 654086.687500
-8.000000, -6736.239258, -6736.239258, 11649938.000000, 11649938.000000, -137921.796875, 690159.062500
-7.950000, -9832.632812, -9832.632812, 12148968.000000, 12148968.000000, -164755.609375, 705785.500000
-7.900000, -10855.523438, -10855.523438, 12675452.000000, 12675452.000000, -173605.093750, 728269.875000
-7.850000, -10200.556641, -10200.556641, 13204713.000000, 13204713.000000, -168508.234375, 784477.875000
-7.800000, -10122.023438, -10122.023438, 13686754.000000, 13686754.000000, -173694.515625, 819653.500000
-7.750000, -10987.371094, -10987.371094, 14206579.000000, 14206579.000000, -190986.328125, 829212.625000
-7.700000, -13481.301758, -13481.301758, 14735414.000000, 14735414.000000, -210002.500000, 859925.500000
-7.650000, -12335.394531, -12335.394531, 15245195.000000, 15245195.000000, -214074.734375, 895079.000000
-7.600000, -10897.777344, -10897.777344, 15752272.000000, 15752272.000000, -221876.453125, 916044.812500
-7.550000, -14081.325195, -14081.325195, 16255748.000000, 16255748.000000, -237924.031250, 955316.250000
-7.500000, -15768.975586, -15768.975586, 16789052.000000, 16789052.000000, -236918.937500, 1003416.750000
-7.450000, -13799.148438, -13799.148438, 17317328.000000, 17317328.000000, -238915.250000, 1031555.437500
-7.400000, -14630.715820, -14630.715820, 17835636.000000, 17835636.000000, -270658.437500, 1070006.500000
-7.350000, -19117.242188, -19117.242188, 18351144.000000, 18351144.000000, -302255.500000, 1108049.875000
-7.300000, -18451.009766, -18451.009766, 18855566.000000, 18855566.000000, -318480.593750, 1121527.500000
-7.250000, -15811.021484, -15811.021484, 19383614.000000, 19383614.000000, -330706.468750, 1142684.375000
-7.200000, -19566.638672, -19566.638672, 19900080.000000, 19900080.000000, -346166.250000, 1176987.375000
-7.150000, -25116.033203, -25116.033203, 20403888.000000, 20403888.000000, -376159.250000, 1219771.000000
-7.100000, -24869.121094, -24869.121094, 20919554.000000, 20919554.000000, -393483.375000, 1262957.625000
-7.050000, -20171.884766, -20171.884766, 21419766.000000, 21419766.000000, -399022.906250, 1283741.125000
-7.000000, -22601.392578, -22601.392578, 21922656.000000, 21922656.000000, -418880.375000, 1299338.375000
-6.950000, -29419.216797, -29419.216797, 22428404.000000, 22428404.000000, -440488.718750, 1327886.000000
-6.900000, -30167.582031, -30167.582031, 22932126.000000, 22932126.000000, -472352.562500, 1351189.250000
-6.850000, -27412.507812, -27412.507812, 23451316.000000, 23451316.000000, -491353.406250, 1373721.375000
-6.800000, -25999.244141, -25999.244141, 23974396.000000, 23974396.000000, -494017.125000, 1418373.250000
-6.750000, -31009.974609, -31009.974609, 24491762.000000, 24491762.000000, -514247.968750, 1463059.375000
-6.700000, -34171.140625, -34171.140625, 25006612.000000, 25006612.000000, -528414.187500, 1483896.250000
-6.650000, -30696.021484, -30696.021484, 25520624.000000, 25520624.000000, -545616.500000, 1495760.125000
-6.600000, -31958.158203, -31958.158203, 26022340.000000, 26022340.000000, -567501.875000, 1516084.875000
-6.550000, -35603.218750, -35603.218750, 26523044.000000, 26523044.000000, -584060.687500, 1545276.750000
-6.500000, -36787.136719, -36787.136719, 27027692.000000, 27027692.000000, -600203.187500, 1582188.125000
-6.450000, -36215.925781, -36215.925781, 27528532.000000, 27528532.000000, -608681.312500, 1631731.750000
-6.400000, -37407.718750, -37407.718750, 28039836.000000, 28039836.000000, -643110.937500, 1656186.750000
-6.350000, -38982.515625, -38982.515625, 28533816.000000, 28533816.000000, -657516.000000, 1659889.250000
-6.300000, -36506.781250, -36506.781250, 29038360.000000, 29038360.000000, -658712.875000, 1705432.750000
-6.250000, -41145.433594, -41145.433594, 29597882.000000, 29597882.000000, -715478.187500, 1757190.500000
-6.200000, -47054.039062, -47054.039062, 30129448.000000, 30129448.000000, -742216.250000, 1780934.375000
-6.150000, -43382.984375, -43382.984375, 30607840.000000, 30607840.000000, -753243.187500, 1794667.750000
-6.100000, -42356.734375, -42356.734375, 31100208.000000, 31100208.000000, -789645.375000, 1800054.125000
-6.050000, -48072.753906, -48072.753906, 31621926.000000, 31621926.000000, -805370.500000, 1825240.250000
-6.000000, -50957.820312, -50957.820312, 32137996.000000, 32137996.000000, -822120.062500, 1866606.750000
-5.950000, -46458.011719, -46458.011719, 32616748.000000, 32616748.000000, -822402.750000, 1907825.000000
-5.900000, -49565.660156, -49565.660156, 33062256.000000, 33062256.000000, -851728.875000, 1948923.750000
-5.850000, -58137.390625, -58137.390625, 33455572.000000, 33455572.000000, -910087.625000, 1991887.750000
-5.800000, -54113.425781, -54113.425781, 33781392.000000, 33781392.000000, -897616.062500, 2047571.375000
-5.750000, -49025.992188, -49025.992188, 34157392.000000, 34157392.000000, -910455.062500, 2008928.000000
-5.700000, -50320.949219, -50320.949219, 34693608.000000, 34693608.000000, -974903.250000, 1853037.500000
-5.650000, -55833.156250, -55833.156250, 35275112.000000, 35275112.000000, -965231.187500, 1776570.000000
-5.600000, -55071.695312, -55071.695312, 35845068.000000, 35845068.000000, -930292.437500, 1691651.125000
-5.550000, -44422.539062, -44422.539062, 36540028.000000, 36540028.000000, -977467.062500, 1426515.750000
-5.500000, -54985.617188, -54985.617188, 37319780.000000, 37319780.000000, -1051831.875000, 1238241.125000
-5.450000, -70413.109375, -70413.109375, 38139580.000000, 38139580.000000, -1070045.000000, 1189555.250000
-5.400000, -60215.976562, -60215.976562, 39014812.000000, 39014812.000000, -1075067.625000, 1037466.375000
-5.350000, -54886.070312, -54886.070312, 39713044.000000, 39713044.000000, -1099961.125000, 811488.750000
-5.300000, -60380.566406, -60380.566406, 40202228.000000, 40202228.000000, -1129132.250000, 571766.000000
-5.250000, -58783.113281, -58783.113281, 40680960.000000, 40680960.000000, -1154868.125000, 319716.625000
-5.200000, -54933.714844, -54933.714844, 41106776.000000, 41106776.000000, -1182689.125000, 134660.359375
-5.150000, -52506.679688, -52506.679688, 41425400.000000, 41425400.000000, -1221891.125000, 1924.414062
-5.100000, -55732.203125, -55732.203125, 41646116.000000, 41646116.000000, -1244357.875000, -105907.468750
-5.050000, -59212.808594, -59212.808594, 41752912.000000, 41752912.000000, -1288656.375000, -146647.875000
-5.000000, -53480.089844, -53480.089844, 41848384.000000, 41848384.000000, -1331768.000000, -122954.062500
-4.950000, -49466.167969, -49466.167969, 42032044.000000, 42032044.000000, -1316581.125000, -90352.101562
-4.900000, -52480.968750, -52480.968750, 42333720.000000, 42333720.000000, -1338447.000000, -30336.671875
-4.850000, -50832.078125, -50832.078125, 42812860.000000, 42812860.000000, -1369841.500000, 27595.335938
-4.800000, -40851.460938, -40851.460938, 43458136.000000, 43458136.000000, -1377358.125000, 44637.828125
-4.750000, -35869.394531, -35869.394531, 44203708.000000, 44203708.000000, -1397566.125000, 105928.218750
-4.700000, -40832.945312, -40832.945312, 45048792.000000, 45048792.000000, -1410372.875000, 142225.046875
-4.650000, -41081.027344, -41081.027344, 45846720.000000, 45846720.000000, -1445179.000000, 170135.562500
-4.600000, -31493.964844, -31493.964844, 46448000.000000, 46448000.000000, -1412263.500000, 225807.375000
-4.550000, -31205.896484, -31205.896484, 47009512.000000, 47009512.000000, -1376375.875000, 183597.953125
-4.500000, -52596.453125, -52596.453125, 47610084.000000, 47610084.000000, -1423061.125000, 205543.250000
-4.450000, -50502.636719, -50502.636719, 48303264.000000, 48303264.000000, -1363744.750000, 255224.890625
-4.400000, -15916.807617, -15916.807617, 49193620.000000, 49193620.000000, -1312098.000000, 200616.515625
-4.350000, -24277.429688, -24277.429688, 50018304.000000, 50018304.000000, -1308833.000000, 212344.968750
-4.300000, -45343.675781, -45343.675781, 50665504.000000, 50665504.000000, -1243536.000000, 198702.031250
-4.250000, -20676.347656, -20676.347656, 51239896.000000, 51239896.000000, -1231436.750000, 166347.765625
-4.200000, -6402.473633, -6402.473633, 51603096.000000, 51603096.000000, -1161189.875000, 186425.281250
-4.150000, -14237.585938, -14237.585938, 51804776.000000, 51804776.000000, -1068674.375000, 141221.656250
-4.100000, -17995.953125, -17995.953125, 51944168.000000, 51944168.000000, -1074009.000000, 120908.710938
-4.050000, -11918.380859, -11918.380859, 52013340.000000, 52013340.000000, -1052845.125000, 84747.562500
-4.000000, -2950.601074, -2950.601074, 52182492.000000, 52182492.000000, -1114732.750000, 4914.042969
-3.950000, -14345.797852, -14345.797852, 52496368.000000, 52496368.000000, -1259785.375000, -24403.902344
-3.900000, -15651.077148, -15651.077148, 52896984.000000, 52896984.000000, -1402293.125000, -86070.093750
-3.850000, -9254.819336, -9254.819336, 53380624.000000, 53380624.000000, -1638857.250000, -129152.164062
-3.800000, -29259.197266, -29259.197266, 53878168.000000, 53878168.000000, -1915216.500000, -155447.171875
-3.750000, -44294.335938, -44294.335938, 54437576.000000, 54437576.000000, -2166180.000000, -211780.640625
-3.700000, -47137.058594, -47137.058594, 55221920.000000, 55221920.000000, -2341697.000000, -204558.421875
-3.650000, -49910.382812, -49910.382812, 56129880.000000, 56129880.000000, -2410666.000000, -196068.109375
-3.600000, -53070.851562, -53070.851562, 56916248.000000, 56916248.000000, -2496977.500000, -223785.062500
-3.550000, -64552.101562, -64552.101562, 57619372.000000, 57619372.000000, -2720726.500000, -265522.062500
-3.500000, -72876.593750, -72876.593750, 58259980.000000, 58259980.000000, -2960267.250000, -278932.281250
-3.450000, -67318.757812, -67318.757812, 58778904.000000, 58778904.000000, -2997968.500000, -223416.500000
-3.400000, -56199.957031, -56199.957031, 59321160.000000, 59321160.000000, -3049105.500000, -238874.640625
-3.350000, -69155.546875, -69155.546875, 59816804.000000, 59816804.000000, -3215792.000000, -303062.437500
-3.300000, -96813.796875, -96813.796875, 60140100.000000, 60140100.000000, -3178595.250000, -310840.093750
-3.250000, -81904.976562, -81904.976562, 60496896.000000, 60496896.000000, -3061233.250000, -341033.218750
-3.200000, -58047.902344, -58047.902344, 60970020.000000, 60970020.000000, -3043317.000000, -387755.781250
-3.150000, -85844.585938, -85844.585938, 61459552.000000, 61459552.000000, -2982559.000000, -400428.343750
-3.100000, -89658.968750, -89658.968750, 61956676.000000, 61956676.000000, -2937940.250000, -423490.531250
-3.050000, -50198.464844, -50198.464844, 62478532.000000, 62478532.000000, -2947729.250000, -468623.968750
-3.000000, -67477.898438, -67477.898438, 62974832.000000, 62974832.000000, -2935811.750000, -479047.468750
-2.950000, -78634.937500, -78634.937500, 63430196.000000, 63430196.000000, -2921080.000000, -487971.906250
-2.900000, -38018.773438, -38018.773438, 63935064.000000, 63935064.000000, -2906921.500000, -528543.937500
-2.850000, -43701.273438, -43701.273438, 64482492.000000, 64482492.000000, -2864565.250000, -545101.812500
-2.800000, -50361.757812, -50361.757812, 64992936.000000, 64992936.000000, -2808103.000000, -568548.000000
-2.750000, -37824.914062, -37824.914062, 65481020.000000, 65481020.000000, -2798748.250000, -591219.375000
-2.700000, -40819.152344, -40819.152344, 65979704.000000, 65979704.000000, -2813066.750000, -605114.125000
-2.650000, -17537.339844, -17537.339844, 66498168.000000, 66498168.000000, -2777850.250000, -644942.937500
-2.600000, -16995.294922, -16995.294922, 67013708.000000, 67013708.000000, -2733029.000000, -658955.687500
-2.550000, -21625.626953, -21625.626953, 67516280.000000, 67516280.000000, -2720814.750000, -692783.687500
-2.500000, 1128.560791, 1128.560791, 68027152.000000, 68027152.000000, -2699283.250000, -733812.937500
-2.450000, -7137.921387, -7137.921387, 68541584.000000, 68541584.000000, -2651330.250000, -721804.625000
-2.400000, 6485.831543, 6485.831543, 69056896.000000, 69056896.000000, -2629039.250000, -736053.375000
-2.350000, 20498.142578, 20498.142578, 69580824.000000, 69580824.000000, -2623500.250000, -767021.437500
-2.300000, -18334.744141, -18334.744141, 70123216.000000, 70123216.000000, -2555230.750000, -799415.562500
-2.250000, -24267.185547, -24267.185547, 70658496.000000, 70658496.000000, -2485278.250000, -832196.375000
-2.200000, 4686.107422, 4686.107422, 71173504.000000, 71173504.000000, -2495236.250000, -843276.500000
-2.150000, 4811.121582, 4811.121582, 71685400.000000, 71685400.000000, -2472822.000000, -859478.812500
-2.100000, -6821.496582, -6821.496582, 72164112.000000, 72164112.000000, -2404122.750000, -862326.812500
-2.050000, 11575.734375, 11575.734375, 72647496.000000, 72647496.000000, -2412853.500000, -871027.750000
-2.000000, 25616.578125, 25616.578125, 73163016.000000, 73163016.000000, -2411732.250000, -882986.625000
-1.950000, 22635.707031, 22635.707031, 73644952.000000, 73644952.000000, -2348613.500000, -900953.125000
-1.900000, 31629.517578, 31629.517578, 74120752.000000, 74120752.000000, -2349888.500000, -956361.250000
-1.850000, 18946.123047, 18946.123047, 74631248.000000, 74631248.000000, -2362318.000000, -975754.937500
-1.800000, 33162.550781, 33162.550781, 75148816.000000, 75148816.000000, -2324343.500000, -972382.687500
-1.750000, 81773.859375, 81773.859375, 75675368.000000, 75675368.000000, -2296844.000000, -985096.062500
-1.700000, 80355.937500, 80355.937500, 76224744.000000, 76224744.000000, -2269191.750000, -996480.250000
-1.650000, 74769.820312, 74769.820312, 76774968.000000, 76774968.000000, -2249283.750000, -1009907.750000
-1.600000, 80838.601562, 80838.601562, 77318368.000000, 77318368.000000, -2214749.500000, -1013611.062500
-1.550000, 90526.320312, 90526.320312, 77851200.000000, 77851200.000000, -2144865.750000, -1040299.875000
-1.500000, 106391.523438, 106391.523438, 78354008.000000, 78354008.000000, -2106162.000000, -1067041.875000
-1.450000, 81946.734375, 81946.734375, 78878096.000000, 78878096.000000, -2054753.000000, -1083191.000000
-1.400000, 78250.500000, 78250.500000, 79400560.000000, 79400560.000000, -1977809.375000, -1112644.125000
-1.350000, 115895.953125, 115895.953125, 79859064.000000, 79859064.000000, -1968638.125000, -1107810.375000
-1.300000, 109322.390625, 109322.390625, 80314600.000000, 80314600.000000, -1971383.000000, -1102722.125000
-1.250000, 65275.054688, 65275.054688, 80757480.000000, 80757480.000000, -1915010.500000, -1100598.000000
-1.200000, 67154.992188, 67154.992188, 81180128.000000, 81180128.000000, -1899822.250000, -1086281.000000
-1.150000, 85477.437500, 85477.437500, 81619136.000000, 81619136.000000, -1957693.375000, -1102335.875000
-1.100000, 38585.816406, 38585.816406, 82122776.000000, 82122776.000000, -1956463.125000, -1158254.875000
-1.050000, 22752.708984, 22752.708984, 82783992.000000, 82783992.000000, -1889163.875000, -1282739.375000
-1.000000, 41562.097656, 41562.097656, 83493768.000000, 83493768.000000, -1846250.750000, -1401877.125000
-0.950000, 2586.446045, 2586.446045, 84210280.000000, 84210280.000000, -1811868.875000, -1492234.375000
-0.900000, -20310.539062, -20310.539062, 85028008.000000, 85028008.000000, -1765324.500000, -1601036.000000
-0.850000, -28978.568359, -28978.568359, 85820736.000000, 85820736.000000, -1684901.500000, -1597167.625000
-0.800000, -61830.703125, -61830.703125, 86506520.000000, 86506520.000000, -1571363.250000, -1480149.125000
-0.750000, -96653.539062, -96653.539062, 87046536.000000, 87046536.000000, -1479945.625000, -1395148.250000
-0.700000, -117024.843750, -117024.843750, 87336720.000000, 87336720.000000, -1385415.250000, -1340825.250000
-0.650000, -108664.273438, -108664.273438, 87405696.000000, 87405696.000000, -1294088.875000, -1258520.125000
-0.600000, -87544.539062, -87544.539062, 87396448.000000, 87396448.000000, -1260556.125000, -1174636.875000
-0.550000, -26004.646484, -26004.646484, 87420832.000000, 87420832.000000, -1254138.875000, -1102818.125000
-0.500000, 41285.679688, 41285.679688, 87446672.000000, 87446672.000000, -1305796.875000, -986251.875000
-0.450000, 126313.273438, 126313.273438, 87546064.000000, 87546064.000000, -1451381.750000, -860047.625000
-0.400000, 243605.671875, 243605.671875, 87851576.000000, 87851576.000000, -1587598.125000, -732409.437500
-0.350000, 297898.000000, 297898.000000, 88418688.000000, 88418688.000000, -1722125.250000, -624768.125000
-0.300000, 380105.250000, 380105.250000, 89300944.000000, 89300944.000000, -1872064.000000, -598736.375000
-0.250000, 479935.656250, 479935.656250, 90355200.000000, 90355200.000000, -1889050.875000, -587425.250000
-0.200000, 597457.250000, 597457.250000, 91626808.000000, 91626808.000000, -1892912.250000, -722055.187500
-0.150000, 733407.625000, 733407.625000, 93055272.000000, 93055272.000000, -1961229.750000, -981592.687500
-0.100000, 706168.062500, 706168.062500, 94328248.000000, 94328248.000000, -1824343.375000, -1116521.250000
-0.050000, 841147.187500, 841147.187500, 95668632.000000, 95668632.000000, -1609693.500000, -1290233.125000
0.000000, 1043956.500000, 1043956.500000, 96556920.000000, 96556920.000000, -1489567.250000, -1489567.250000
0.050000, 841147.187500, 841147.187500, 95668632.000000, 95668632.000000, -1290233.125000, -1609693.500000
0.100000, 706168.062500, 706168.062500, 94328248.000000, 94328248.000000, -1116521.250000, -1824343.375000
0.150000, 733407.625000, 733407.625000, 93055272.000000, 93055272.000000, -981592.687500, -1961229.750000
0.200000, 597457.250000, 597457.250000, 91626808.000000, 91626808.000000, -722055.187500, -1892912.250000
0.250000, 479935.656250, 479935.656250, 90355200.000000, 90355200.000000, -587425.250000, -1889050.875000
0.300000, 380105.250000, 380105.250000, 89300944.000000, 89300944.000000, -598736.375000, -1872064.000000
0.350000, 297898.000000, 297898.000000, 88418688.000000, 88418688.000000, -624768.125000, -1722125.250000
0.400000, 243605.671875, 243605.671875, 87851576.000000, 87851576.000000, -732409.437500, -1587598.125000
0.450000, 126313.273438, 126313.273438, 87546064.000000, 87546064.000000, -860047.625000, -1451381.750000
0.500000, 41285.679688, 41285.679688, 87446672.000000, 87446672.000000, -986251.875000, -1305796.875000
0.550000, -26004.646484, -26004.646484, 87420832.000000, 87420832.000000, -1102818.125000, -1254138.875000
0.600000, -87544.539062, -87544.539062, 87396448.000000, 87396448.000000, -1174636.875000, -1260556.125000
0.650000, -108664.273438, -108664.273438, 87405696.000000, 87405696.000000, -1258520.125000, -1294088.875000
0.700000, -117024.843750, -117024.843750, 87336720.000000, 87336720.000000, -1340825.250000, -1385415.250000
0.750000, -96653.539062, -96653.539062, 87046536.000000, 87046536.000000, -1395148.250000, -1479945.625000
0.800000, -61830.703125, -61830.703125, 86506520.000000, 86506520.000000, -1480149.125000, -1571363.250000
0.850000, -28978.568359, -28978.568359, 85820736.000000, 85820736.000000, -1597167.625000, -1684901.500000
0.900000, -20310.539062, -20310.539062, 85028008.000000, 85028008.000000, -1601036.000000, -1765324.500000
0.950000, 2586.446045, 2586.446045, 84210280.000000, 84210280.000000, -1492234.375000, -1811868.875000
1.000000, 41562.097656, 41562.097656, 83493768.000000, 83493768.000000, -1401877.125000, -1846250.750000
1.050000, 22752.708984, 22752.708984, 82783992.000000, 82783992.000000, -1282739.375000, -1889163.875000
1.100000, 38585.816406, 38585.816406, 82122776.000000, 82122776.000000, -1158254.875000, -1956463.125000
1.150000, 85477.437500, 85477.437500, 81619136.000000, 81619136.000000, -1102335.875000, -1957693.375000
1.200000, 67154.992188, 67154.992188, 81180128.000000, 81180128.000000, -1086281.000000, -1899822.250000
1.250000, 65275.054688, 65275.054688, 80757480.000000, 80757480.000000, -1100598.000000, -1915010.500000
1.300000, 109322.390625, 109322.390625, 80314600.000000, 80314600.000000, -1102722.125000, -1971383.000000
1.350000, 115895.953125, 115895.953125, 79859064.000000, 79859064.000000, -1107810.375000, -1968638.125000
1.400000, 78250.500000, 78250.500000, 79400560.000000, 79400560.000000, -1112644.125000, -1977809.375000
1.450000, 81946.734375, 81946.734375, 78878096.000000, 78878096.000000, -1083191.000000, -2054753.000000
1.500000, 106391.523438, 106391.523438, 78354008.000000, 78354008.000000, -1067041.875000, -2106162.000000
1.550000, 90526.320312, 90526.320312, 77851200.000000, 77851200.000000, -1040299.875000, -2144865.750000
1.600000, 80838.601562, 80838.601562, 77318368.000000, 77318368.000000, -1013611.062500, -2214749.500000
1.650000, 74769.820312, 74769.820312, 76774968.000000, 76774968.000000, -1009907.750000, -2249283.750000
1.700000, 80355.937500, 80355.937500, 76224744.000000, 76224744.000000, -996480.250000, -2269191.750000
1.750000, 81773.859375, 81773.859375, 75675368.000000, 75675368.000000, -985096.062500, -2296844.000000
1.800000, 33162.550781, 33162.550781, 75148816.000000, 75148816.000000, -972382.687500, -2324343.500000
1.850000, 18946.123047, 18946.123047, 74631248.000000, 74631248.000000, -975754.937500, -2362318.000000
1.900000, 31629.517578, 31629.517578, 74120752.000000, 74120752.000000, -956361.250000, -2349888.500000
1.950000, 22635.707031, 22635.707031, 73644952.000000, 73644952.000000, -900953.125000, -2348613.500000
2.000000, 25616.578125, 25616.578125, 73163016.000000, 73163016.000000, -882986.625000, -2411732.250000
2.050000, 11575.734375, 11575.734375, 72647496.000000, 72647496.000000, -871027.750000, -2412853.500000
2.100000, -6821.496582, -6821.496582, 72164112.000000, 72164112.000000, -862326.812500, -2404122.750000
2.150000, 4811.121582, 4811.121582, 71685400.000000, 71685400.000000, -859478.812500, -2472822.000000
2.200000, 4686.107422, 4686.107422, 71173504.000000, 71173504.000000, -843276.500000, -2495236.250000
2.250000, -24267.185547, -24267.185547, 70658496.000000, 70658496.000000, -832196.375000, -2485278.250000
2.300000, -18334.744141, -18334.744141, 70123216.000000, 70123216.000000, -799415.562500, -2555230.750000
2.350000, 20498.142578, 20498.142578, 69580824.000000, 69580824.000000, -767021.437500, -2623500.250000
2.400000, 6485.831543, 6485.831543, 69056896.000000, 69056896.000000, -736053.375000, -2629039.250000
2.450000, -7137.921387, -7137.921387, 68541584.000000, 68541584.000000, -721804.625000, -2651330.250000
2.500000, 1128.560791, 1128.560791, 68027152.000000, 68027152.000000, -733812.937500, -2699283.250000
2.550000, -21625.626953, -21625.626953, 67516280.000000, 67516280.000000, -692783.687500, -2720814.750000
2.600000, -16995.294922, -16995.294922, 67013708.000000, 67013708.000000, -658955.687500, -2733029.000000
2.650000, -17537.339844, -17537.339844, 66498168.000000, 66498168.000000, -644942.937500, -2777850.250000
2.700000, -40819.152344, -40819.152344, 65979704.000000, 65979704.000000, -605114.125000, -2813066.750000
2.750000, -37824.914062, -37824.914062, 65481020.000000, 65481020.000000, -591219.375000, -2798748.250000
2.800000, -50361.757812, -50361.757812, 64992936.000000, 64992936.000000, -568548.000000, -2808103.000000
2.850000, -43701.273438, -43701.273438, 64482492.000000, 64482492.000000, -545101.812500, -2864565.250000
2.900000, -38018.773438, -38018.773438, 63935064.000000, 63935064.000000, -528543.937500, -2906921.500000
2.950000, -78634.937500, -78634.937500, 63430196.000000, 63430196.000000, -487971.906250, -2921080.000000
3.000000, -67477.898438, -67477.898438, 62974832.000000, 62974832.000000, -479047.468750, -2935811.750000
3.050000, -50198.464844, -50198.464844, 62478532.000000, 62478532.000000, -468623.968750, -2947729.250000
3.100000, -89658.968750, -89658.968750, 61956676.000000, 61956676.000000, -423490.531250, -2937940.250000
3.150000, -85844.585938, -85844.585938, 61459552.000000, 61459552.000000, -400428.343750, -2982559.000000
3.200000, -58047.902344, -58047.902344, 60970020.000000, 60970020.000000, -387755.781250, -3043317.000000
3.250000, -81904.976562, -81904.976562, 60496896.000000, 60496896.000000, -341033.218750, -3061233.250000
3.300000, -96813.796875, -96813.796875, 60140100.000000, 60140100.000000, -310840.093750, -3178595.250000
3.350000, -69155.546875, -69155.546875, 59816804.000000, 59816804.000000, -303062.437500, -3215792.000000
3.400000, -56199.957031, -56199.957031, 59321160.000000, 59321160.000000, -238874.640625, -3049105.500000
3.450000, -67318.757812, -67318.757812, 58778904.000000, 58778904.000000, -223416.500000, -2997968.500000
3.500000, -72876.593750, -72876.593750, 58259980.000000, 58259980.000000, -278932.281250, -2960267.250000
3.550000, -64552.101562, -64552.101562, 57619372.000000, 57619372.000000, -265522.062500, -2720726.500000
3.600000, -53070.851562, -53070.851562, 56916248.000000, 56916248.000000, -223785.062500, -2496977.500000
3.650000, -49910.382812, -49910.382812, 56129880.000000, 56129880.000000, -196068.109375, -2410666.000000
3.700000, -47137.058594, -47137.058594, 55221920.000000, 55221920.000000, -204558.421875, -2341697.000000
3.750000, -44294.335938, -44294.335938, 54437576.000000, 54437576.000000, -211780.640625, -2166180.000000
3.800000, -29259.197266, -29259.197266, 53878168.000000, 53878168.000000, -155447.171875, -1915216.500000
3.850000, -9254.819336, -9254.819336, 53380624.000000, 53380624.000000, -129152.164062, -1638857.250000
3.900000, -15651.077148, -15651.077148, 52896984.000000, 52896984.000000, -86070.093750, -1402293.125000
3.950000, -14345.797852, -14345.797852, 52496368.000000, 52496368.000000, -24403.902344, -1259785.375000
4.000000, -2950.601074, -2950.601074, 52182492.000000, 52182492.000000, 4914.042969, -1114732.750000
4.050000, -11918.380859, -11918.380859, 52013340.000000, 52013340.000000, 84747.562500, -1052845.125000
4.100000, -17995.953125, -17995.953125, 51944168.000000, 51944168.000000, 120908.710938, -1074009.000000
4.150000, -14237.585938, -14237.585938, 51804776.000000, 51804776.000000, 141221.656250, -1068674.375000
4.200000, -6402.473633, -6402.473633, 51603096.000000, 51603096.000000, 186425.281250, -1161189.875000
4.250000, -20676.347656, -20676.347656, 51239896.000000, 51239896.000000, 166347.765625, -1231436.750000
4.300000, -45343.675781, -45343.675781, 50665504.000000, 50665504.000000, 198702.031250, -1243536.000000
4.350000, -24277.429688, -24277.429688, 50018304.000000, 50018304.000000, 212344.968750, -1308833.000000
4.400000, -15916.807617, -15916.807617, 49193620.000000, 49193620.000000, 200616.515625, -1312098.000000
4.450000, -50502.636719, -50502.636719, 48303264.000000, 48303264.000000, 255224.890625, -1363744.750000
4.500000, -52596.453125, -52596.453125, 47610084.000000, 47610084.000000, 205543.250000, -1423061.125000
4.550000, -31205.896484, -31205.896484, 47009512.000000, 47009512.000000, 183597.953125, -1376375.875000
4.600000, -31493.964844, -31493.964844, 46448000.000000, 46448000.000000, 225807.375000, -1412263.500000
4.650000, -41081.027344, -41081.027344, 45846720.000000, 45846720.000000, 170135.562500, -1445179.000000
4.700000, -40832.945312, -40832.945312, 45048792.000000, 45048792.000000, 142225.046875, -1410372.875000
4.750000, -35869.394531, -35869.394531, 44203708.000000, 44203708.000000, 105928.218750, -1397566.125000
4.800000, -40851.460938, -40851.460938, 43458136.000000, 43458136.000000, 44637.828125, -1377358.125000
4.850000, -50832.078125, -50832.078125, 42812860.000000, 42812860.000000, 27595.335938, -1369841.500000
4.900000, -52480.968750, -52480.968750, 42333720.000000, 42333720.000000, -30336.671875, -1338447.000000
4.950000, -49466.167969, -49466.167969, 42032044.000000, 42032044.000000, -90352.101562, -1316581.125000
5.000000, -53480.089844, -53480.089844, 41848384.000000, 41848384.000000, -122954.062500, -1331768.000000
5.050000, -59212.808594, -59212.808594, 41752912.000000, 41752912.000000, -146647.875000, -1288656.375000
5.100000, -55732.203125, -55732.203125, 41646116.000000, 41646116.000000, -105907.468750, -1244357.875000
5.150000, -52506.679688, -52506.679688, 41425400.000000, 41425400.000000, 1924.414062, -1221891.125000
5.200000, -54933.714844, -54933.714844, 41106776.000000, 41106776.000000, 134660.359375, -1182689.125000
5.250000, -58783.113281, -58783.113281, 40680960.000000, 40680960.000000, 319716.625000, -1154868.125000
5.300000, -60380.566406, -60380.566406, 40202228.000000, 40202228.000000, 571766.000000, -1129132.250000
5.350000, -54886.070312, -54886.070312, 39713044.000000, 39713044.000000, 811488.750000, -1099961.125000
5.400000, -60215.976562, -60215.976562, 39014812.000000, 39014812.000000, 1037466.375000, -1075067.625000
5.450000, -70413.109375, -70413.109375, 38139580.000000, 38139580.000000, 1189555.250000, -1070045.000000
5.500000, -54985.617188, -54985.617188, 37319780.000000, 37319780.000000, 1238241.125000, -1051831.875000
5.550000, -44422.539062, -44422.539062, 36540028.000000, 36540028.000000, 1426515.750000, -977467.062500
5.600000, -55071.695312, -55071.695312, 35845068.000000, 35845068.000000, 1691651.125000, -930292.437500
5.650000, -55833.156250, -55833.156250, 35275112.000000, 35275112.000000, 1776570.000000, -965231.187500
5.700000, -50320.949219, -50320.949219, 34693608.000000, 34693608.000000, 1853037.500000, -974903.250000
5.750000, -49025.992188, -49025.992188, 34157392.000000, 34157392.000000, 2008928.000000, -910455.062500
5.800000, -54113.425781, -54113.425781, 33781392.000000, 33781392.000000, 2047571.375000, -897616.062500
5.850000, -58137.390625, -58137.390625, 33455572.000000, 33455572.000000, 1991887.750000, -910087.625000
5.900000, -49565.660156, -49565.660156, 33062256.000000, 33062256.000000, 1948923.750000, -851728.875000
5.950000, -46458.011719, -46458.011719, 32616748.000000, 32616748.000000, 1907825.000000, -822402.750000
6.000000, -50957.820312, -50957.820312, 32137996.000000, 32137996.000000, 1866606.750000, -822120.062500
6.050000, -48072.753906, -48072.753906, 31621926.000000, 31621926.000000, 1825240.250000, -805370.500000
6.100000, -42356.734375, -42356.734375, 31100208.000000, 31100208.000000, 1800054.125000, -789645.375000
6.150000, -43382.984375, -43382.984375, 30607840.000000, 30607840.000000, 1794667.750000, -753243.187500
6.200000, -47054.039062, -47054.039062, 30129448.000000, 30129448.000000, 1780934.375000, -742216.250000
6.250000, -41145.433594, -41145.433594, 29597882.000000, 29597882.000000, 1757190.500000, -715478.187500
6.300000, -36506.781250, -36506.781250, 29038360.000000, 29038360.000000, 1705432.750000, -658712.875000
6.350000, -38982.515625, -38982.515625, 28533816.000000, 28533816.000000, 1659889.250000, -657516.000000
6.400000, -37407.718750, -37407.718750, 28039836.000000, 28039836.000000, 1656186.750000, -643110.937500
6.450000, -36215.925781, -36215.925781, 27528532.000000, 27528532.000000, 1631731.750000, -608681.312500
6.500000, -36787.136719, -36787.136719, 27027692.000000, 27027692.000000, 1582188.125000, -600203.187500
6.550000, -35603.218750, -35603.218750, 26523044.000000, 26523044.000000, 1545276.750000, -584060.687500
6.600000, -31958.158203, -31958.158203, 26022340.000000, 26022340.000000, 1516084.875000, -567501.875000
6.650000, -30696.021484, -30696.021484, 25520624.000000, 25520624.000000, 1495760.125000, -545616.500000
6.700000, -34171.140625, -34171.140625, 25006612.000000, 25006612.000000, 1483896.250000, -528414.187500
6.750000, -31009.974609, -31009.974609, 24491762.000000, 24491762.000000, 1463059.375000, -514247.968750
6.800000, -25999.244141, -25999.244141, 23974396.000000, 23974396.000000, 1418373.250000, -494017.125000
6.850000, -27412.507812, -27412.507812, 23451316.000000, 23451316.000000, 1373721.375000, -491353.406250
6.900000, -30167.582031, -30167.582031, 22932126.000000, 22932126.000000, 1351189.250000, -472352.562500
6.950000, -29419.216797, -29419.216797, 22428404.000000, 22428404.000000, 1327886.000000, -440488.718750
7.000000, -22601.392578, -22601.392578, 21922656.000000, 21922656.000000, 1299338.375000, -418880.375000
7.050000, -20171.884766, -20171.884766, 21419766.000000, 21419766.000000, 1283741.125000, -399022.906250
7.100000, -24869.121094, -24869.121094, 20919554.000000, 20919554.000000, 1262957.625000, -393483.375000
7.150000, -25116.033203, -25116.033203, 20403888.000000, 20403888.000000, 1219771.000000, -376159.250000
7.200000, -19566.638672, -19566.638672, 19900080.000000, 19900080.000000, 1176987.375000, -346166.250000
7.250000, -15811.021484, -15811.021484, 19383614.000000, 19383614.000000, 1142684.375000, -330706.468750
7.300000, -18451.009766, -18451.009766, 18855566.000000, 18855566.000000, 1121527.500000, -318480.593750
7.350000, -19117.242188, -19117.242188, 18351144.000000, 18351144.000000, 1108049.875000, -302255.500000
7.400000, -14630.715820, -14630.715820, 17835636.000000, 17835636.000000, 1070006.500000, -270658.437500
7.450000, -13799.148438, -13799.148438, 17317328.000000, 17317328.000000, 1031555.437500, -238915.250000
7.500000, -15768.975586, -15768.975586, 16789052.000000, 16789052.000000, 1003416.750000, -236918.937500
7.550000, -14081.325195, -14081.325195, 16255748.000000, 16255748.000000, 955316.250000, -237924.031250
7.600000, -10897.777344, -10897.777344, 15752272.000000, 15752272.000000, 916044.812500, -221876.453125
7.650000, -12335.394531, -12335.394531, 15245195.000000, 15245195.000000, 895079.000000, -214074.734375
7.700000, -13481.301758, -13481.301758, 14735414.000000, 14735414.000000, 859925.500000, -210002.500000
7.750000, -10987.371094, -10987.371094, 14206579.000000, 14206579.000000, 829212.625000, -190986.328125
7.800000, -10122.023438, -10122.023438, 13686754.000000, 13686754.000000, 819653.500000, -173694.515625
7.850000, -10200.556641, -10200.556641, 13204713.000000, 13204713.000000, 784477.875000, -168508.234375
7.900000, -10855.523438, -10855.523438, 12675452.000000, 12675452.000000, 728269.875000, -173605.093750
7.950000, -9832.632812, -9832.632812, 12148968.000000, 12148968.000000, 705785.500000, -164755.609375
8.000000, -6736.239258, -6736.239258, 11649938.000000, 11649938.000000, 690159.062500, -137921.796875
8.050000, -6906.771484, -6906.771484, 11127644.000000, 11127644.000000, 654086.687500, -135472.734375
8.100000, -7836.283691, -7836.283691, 10610267.000000, 10610267.000000, 614664.937500, -132595.125000
8.150000, -6638.980469, -6638.980469, 10088044.000000, 10088044.000000, 584123.750000, -109787.296875
8.200000, -4432.892090, -4432.892090, 9589549.000000, 9589549.000000, 565575.687500, -92544.773438
8.250000, -4634.649414, -4634.649414, 9071372.000000, 9071372.000000, 534369.312500, -77906.968750
8.300000, -6475.142578, -6475.142578, 8530449.000000, 8530449.000000, 502056.500000, -84388.453125
8.350000, -4551.235352, -4551.235352, 8041589.000000, 8041589.000000, 472664.812500, -87263.023438
8.400000, -3798.224121, -3798.224121, 7509504.000000, 7509504.000000, 424972.562500, -68625.484375
8.450000, -4978.670410, -4978.670410, 6993356.000000, 6993356.000000, 392763.625000, -68943.085938
8.500000, -2259.075684, -2259.075684, 6518086.000000, 6518086.000000, 371600.593750, -61564.500000
8.550000, -368.057251, -368.057251, 5988974.500000, 5988974.500000, 339750.250000, -42338.878906
8.600000, -2585.999512, -2585.999512, 5472378.000000, 5472378.000000, 318313.625000, -35930.648438
8.650000, -3008.153564, -3008.153564, 4923832.500000, 4923832.500000, 292481.000000, -25024.562500
8.700000, 764.053406, 764.053406, 4390182.500000, 4390182.500000, 242584.781250, -13522.242188
8.750000, 1364.605469, 1364.605469, 3889992.000000, 3889992.000000, 207642.015625, -5571.712891
8.800000, -2358.801758, -2358.801758, 3359471.250000, 3359471.250000, 204543.734375, -8972.728516
8.850000, -1939.494263, -1939.494263, 2904554.000000, 2904554.000000, 166893.203125, -14537.664062
8.900000, 688.308228, 688.308228, 2378481.250000, 2378481.250000, 98352.015625, -1571.072266
8.950000, -205.341644, -205.341644, 1827207.875000, 1827207.875000, 75634.406250, -4617.983398
9.000000, -1388.761475, -1388.761475, 1397967.250000, 1397967.250000, 68370.242188, -23440.226562
9.050000, -750.137939, -750.137939, 798898.000000, 798898.000000, 32992.164062, -18836.457031
9.100000, -116.759727, -116.759727, 204321.765625, 204321.765625, 5522.210449, -4320.109375
