Time 1XX 1ZZ 2XX 2ZZ 1X2Z 1Z2X 
-9.200000, 0.000000, 0.000000, 0.000000, 0.000000, 0.000000, 0.000000
-9.150000, 154.433090, 154.433090, 211144.718750, 211144.718750, -2159.857422, -15097.168945
-9.100000, 65.648102, 65.648102, 821550.625000, 821550.625000, -2709.969727, -46217.402344
-9.050000, -420.108307, -420.108307, 1422134.750000, 1422134.750000, 2841.495605, -47459.179688
-9.000000, 135.391037, 135.391037, 1822682.500000, 1822682.500000, 1147.611328, -36265.847656
-8.950000, 519.982544, 519.982544, 2344770.000000, 2344770.000000, -4098.058594, -61616.777344
-8.900000, -442.926727, -442.926727, 2881580.500000, 2881580.500000, -171.968750, -73138.242188
-8.850000, 138.441223, 138.441223, 3367074.500000, 3367074.500000, -2405.768066, -71970.890625
-8.800000, 620.346313, 620.346313, 3900492.000000, 3900492.000000, -5527.682129, -104148.656250
-8.750000, -292.168213, -292.168213, 4381501.500000, 4381501.500000, -5578.141113, -119760.039062
-8.700000, 29.881737, 29.881737, 4891616.000000, 4891616.000000, -6949.960449, -116810.156250
-8.650000, -528.044556, -528.044556, 5413723.000000, 5413723.000000, 7496.550781, -132509.531250
-8.600000, -588.976135, -588.976135, 5898124.500000, 5898124.500000, 13278.388672, -146262.953125
-8.550000, 434.221375, 434.221375, 6414762.000000, 6414762.000000, 9421.208984, -157635.484375
-8.500000, -1289.384644, -1289.384644, 6922801.000000, 6922801.000000, 24040.714844, -160455.875000
-8.450000, -838.935120, -838.935120, 7444485.000000, 7444485.000000, 28641.773438, -153977.359375
-8.400000, 907.898621, 907.898621, 7956840.000000, 7956840.000000, 23558.638672, -167755.500000
-8.350000, -936.870483, -936.870483, 8458554.000000, 8458554.000000, 19734.033203, -175232.046875
-8.300000, -849.395874, -849.395874, 8973242.000000, 8973242.000000, 14625.050781, -167403.562500
-8.250000, -195.493622, -195.493622, 9455516.000000, 9455516.000000, 23102.263672, -175058.671875
-8.200000, -1465.559204, -1465.559204, 9970343.000000, 9970343.000000, 27712.062500, -176180.406250
-8.150000, -1121.147095, -1121.147095, 10490232.000000, 10490232.000000, 33613.355469, -177550.625000
-8.100000, -1103.375977, -1103.375977, 10990634.000000, 10990634.000000, 42979.210938, -198610.250000
-8.050000, -962.845215, -962.845215, 11516546.000000, 11516546.000000, 42355.976562, -203236.843750
-8.000000, -706.134399, -706.134399, 12023075.000000, 12023075.000000, 56292.660156, -203592.453125
-7.950000, -1583.436401, -1583.436401, 12533427.000000, 12533427.000000, 60447.898438, -219189.625000
-7.900000, -552.965271, -552.965271, 13036092.000000, 13036092.000000, 50917.027344, -225873.312500
-7.850000, -586.699707, -586.699707, 13523296.000000, 13523296.000000, 57504.769531, -228929.312500
-7.800000, -1338.354980, -1338.354980, 14031980.000000, 14031980.000000, 51632.523438, -224990.593750
-7.750000, 351.223022, 351.223022, 14542492.000000, 14542492.000000, 43168.878906, -218235.984375
-7.700000, -834.927063, -834.927063, 15080180.000000, 15080180.000000, 45098.125000, -228482.265625
-7.650000, -1941.666992, -1941.666992, 15604255.000000, 15604255.000000, 41821.191406, -233177.546875
-7.600000, -187.490173, -187.490173, 16096644.000000, 16096644.000000, 48985.976562, -232751.953125
-7.550000, -1279.601807, -1279.601807, 16604747.000000, 16604747.000000, 57921.960938, -242425.468750
-7.500000, -1274.481323, -1274.481323, 17109976.000000, 17109976.000000, 58235.175781, -256690.984375
-7.450000, -462.046661, -462.046661, 17625710.000000, 17625710.000000, 60487.890625, -272212.718750
-7.400000, -1502.782959, -1502.782959, 18128732.000000, 18128732.000000, 62443.503906, -282965.531250
-7.350000, 664.566040, 664.566040, 18625258.000000, 18625258.000000, 58357.281250, -296448.312500
-7.300000, 75.809219, 75.809219, 19144512.000000, 19144512.000000, 55237.109375, -302371.000000
-7.250000, -1789.357788, -1789.357788, 19645962.000000, 19645962.000000, 57871.257812, -300919.625000
-7.200000, 1310.967407, 1310.967407, 20165812.000000, 20165812.000000, 49174.011719, -313647.187500
-7.150000, -255.286926, -255.286926, 20682784.000000, 20682784.000000, 47565.093750, -325008.250000
-7.100000, -2397.689209, -2397.689209, 21172362.000000, 21172362.000000, 63695.554688, -334385.312500
-7.050000, -562.796448, -562.796448, 21697208.000000, 21697208.000000, 67697.265625, -336923.656250
-7.000000, -2076.254150, -2076.254150, 22215380.000000, 22215380.000000, 73767.656250, -331194.312500
-6.950000, -1285.444336, -1285.444336, 22713226.000000, 22713226.000000, 73506.023438, -341925.000000
-6.900000, 384.371582, 384.371582, 23218490.000000, 23218490.000000, 56915.597656, -341430.031250
-6.850000, -1470.537720, -1470.537720, 23717148.000000, 23717148.000000, 59002.609375, -335557.843750
-6.800000, -845.826050, -845.826050, 24226932.000000, 24226932.000000, 62006.875000, -356343.156250
-6.750000, -399.066284, -399.066284, 24746262.000000, 24746262.000000, 57325.441406, -365553.843750
-6.700000, -907.709778, -907.709778, 25272780.000000, 25272780.000000, 59471.058594, -362164.687500
-6.650000, 52.987686, 52.987686, 25791540.000000, 25791540.000000, 57599.855469, -374594.718750
-6.600000, -396.596832, -396.596832, 26282312.000000, 26282312.000000, 59454.800781, -379266.187500
-6.550000, -1426.742920, -1426.742920, 26783010.000000, 26783010.000000, 64277.890625, -378738.875000
-6.500000, -2112.955566, -2112.955566, 27287602.000000, 27287602.000000, 74927.648438, -393021.250000
-6.450000, -2760.530273, -2760.530273, 27771978.000000, 27771978.000000, 100876.414062, -405322.281250
-6.400000, -2020.613159, -2020.613159, 28278054.000000, 28278054.000000, 113957.281250, -417734.468750
-6.350000, -1255.842407, -1255.842407, 28801052.000000, 28801052.000000, 113466.031250, -424237.468750
-6.300000, -3941.656494, -3941.656494, 29296058.000000, 29296058.000000, 142953.531250, -419322.937500
-6.250000, -4869.744629, -4869.744629, 29796138.000000, 29796138.000000, 175725.468750, -426370.343750
-6.200000, -707.567688, -707.567688, 30304880.000000, 30304880.000000, 169630.468750, -433443.281250
-6.150000, -3646.742676, -3646.742676, 30800546.000000, 30800546.000000, 184615.406250, -437714.281250
-6.100000, -7130.957520, -7130.957520, 31330852.000000, 31330852.000000, 214668.562500, -439100.531250
-6.050000, -1651.840332, -1651.840332, 31844978.000000, 31844978.000000, 216154.093750, -437637.656250
-6.000000, -5730.623535, -5730.623535, 32307686.000000, 32307686.000000, 245125.937500, -446010.562500
-5.950000, -10821.699219, -10821.699219, 32800262.000000, 32800262.000000, 287569.718750, -440146.500000
-5.900000, -4385.025879, -4385.025879, 33322746.000000, 33322746.000000, 310989.000000, -440861.968750
-5.850000, -5143.885254, -5143.885254, 33865628.000000, 33865628.000000, 319377.687500, -456009.406250
-5.800000, -8067.876465, -8067.876465, 34388732.000000, 34388732.000000, 328142.718750, -456963.906250
-5.750000, -6238.065918, -6238.065918, 34927800.000000, 34927800.000000, 363995.937500, -474640.031250
-5.700000, -4075.695801, -4075.695801, 35628336.000000, 35628336.000000, 333711.031250, -495615.843750
-5.650000, -4036.471436, -4036.471436, 36285356.000000, 36285356.000000, 322434.156250, -481134.906250
-5.600000, -14994.412109, -14994.412109, 36733964.000000, 36733964.000000, 453739.281250, -469699.781250
-5.550000, -12846.821289, -12846.821289, 37225924.000000, 37225924.000000, 513988.718750, -498093.062500
-5.500000, -1650.579102, -1650.579102, 37781100.000000, 37781100.000000, 510577.250000, -514968.000000
-5.450000, -15047.713867, -15047.713867, 38227500.000000, 38227500.000000, 586867.812500, -505477.156250
-5.400000, -18441.921875, -18441.921875, 38654240.000000, 38654240.000000, 676464.437500, -535074.562500
-5.350000, -9327.937500, -9327.937500, 39180388.000000, 39180388.000000, 781053.125000, -560520.812500
-5.300000, -15731.912109, -15731.912109, 39703460.000000, 39703460.000000, 805495.687500, -542583.687500
-5.250000, -13087.102539, -13087.102539, 40106236.000000, 40106236.000000, 750852.687500, -540909.187500
-5.200000, -14120.299805, -14120.299805, 40429112.000000, 40429112.000000, 823850.750000, -547710.875000
-5.150000, -20483.169922, -20483.169922, 40666428.000000, 40666428.000000, 916344.375000, -539635.062500
-5.100000, -11868.074219, -11868.074219, 40868040.000000, 40868040.000000, 906364.562500, -548481.250000
-5.050000, -16596.929688, -16596.929688, 41181172.000000, 41181172.000000, 881909.000000, -585288.187500
-5.000000, -14173.423828, -14173.423828, 41534196.000000, 41534196.000000, 824090.125000, -597694.875000
-4.950000, -874.274780, -874.274780, 41905508.000000, 41905508.000000, 774937.750000, -597838.125000
-4.900000, -14339.088867, -14339.088867, 42333608.000000, 42333608.000000, 763505.875000, -633125.375000
-4.850000, -9311.332031, -9311.332031, 42759428.000000, 42759428.000000, 638839.937500, -644180.187500
-4.800000, 7684.499023, 7684.499023, 43367608.000000, 43367608.000000, 455126.062500, -653907.437500
-4.750000, -5058.245605, -5058.245605, 44145256.000000, 44145256.000000, 399520.781250, -697089.250000
-4.700000, -1255.689575, -1255.689575, 44838492.000000, 44838492.000000, 419338.656250, -736690.625000
-4.650000, 5973.717773, 5973.717773, 45578044.000000, 45578044.000000, 400743.937500, -774749.000000
-4.600000, -5122.441895, -5122.441895, 46393336.000000, 46393336.000000, 367249.000000, -757854.625000
-4.550000, 3930.337402, 3930.337402, 47156376.000000, 47156376.000000, 378353.500000, -751764.312500
-4.500000, 8965.777344, 8965.777344, 47941384.000000, 47941384.000000, 392325.812500, -806433.062500
-4.450000, 2720.291016, 2720.291016, 48664656.000000, 48664656.000000, 348613.812500, -807855.187500
-4.400000, 2320.437988, 2320.437988, 49329160.000000, 49329160.000000, 302525.687500, -830317.500000
-4.350000, -6627.927734, -6627.927734, 50042496.000000, 50042496.000000, 290695.343750, -956466.625000
-4.300000, -303.019165, -303.019165, 50592228.000000, 50592228.000000, 292171.343750, -1117488.500000
-4.250000, 8406.017578, 8406.017578, 50961104.000000, 50961104.000000, 268469.125000, -1211125.750000
-4.200000, -6068.582520, -6068.582520, 51359548.000000, 51359548.000000, 218402.640625, -1214778.375000
-4.150000, -6857.894531, -6857.894531, 51722256.000000, 51722256.000000, 223898.875000, -1265230.750000
-4.100000, 3222.135986, 3222.135986, 52025872.000000, 52025872.000000, 224278.328125, -1330556.375000
-4.050000, 5532.009766, 5532.009766, 52297508.000000, 52297508.000000, 165534.296875, -1314770.250000
-4.000000, -738.093872, -738.093872, 52476820.000000, 52476820.000000, 166071.359375, -1265778.000000
-3.950000, -9526.859375, -9526.859375, 52744520.000000, 52744520.000000, 197198.656250, -1190014.500000
-3.900000, -514.028687, -514.028687, 53171544.000000, 53171544.000000, 184224.328125, -1153570.375000
-3.850000, -1518.893066, -1518.893066, 53620488.000000, 53620488.000000, 168929.078125, -1170453.750000
-3.800000, -11669.236328, -11669.236328, 54134468.000000, 54134468.000000, 164108.234375, -1114836.875000
-3.750000, -2052.515381, -2052.515381, 54642196.000000, 54642196.000000, 152068.812500, -1003361.625000
-3.700000, -5575.159180, -5575.159180, 55060124.000000, 55060124.000000, 126281.539062, -926453.000000
-3.650000, -12790.418945, -12790.418945, 55544744.000000, 55544744.000000, 111415.343750, -877496.125000
-3.600000, -6441.067383, -6441.067383, 56106652.000000, 56106652.000000, 99651.687500, -845846.125000
-3.550000, -5815.972656, -5815.972656, 56609424.000000, 56609424.000000, 87601.218750, -781472.250000
-3.500000, -3371.366699, -3371.366699, 57124508.000000, 57124508.000000, 107888.835938, -675372.562500
-3.450000, -10799.553711, -10799.553711, 57806244.000000, 57806244.000000, 110087.492188, -684840.687500
-3.400000, -10398.373047, -10398.373047, 58468180.000000, 58468180.000000, 83127.468750, -733135.437500
-3.350000, 6117.181641, 6117.181641, 58956372.000000, 58956372.000000, 76209.976562, -682920.312500
-3.300000, -1106.485352, -1106.485352, 59483568.000000, 59483568.000000, 73696.539062, -667897.375000
-3.250000, 16.115196, 16.115196, 60045156.000000, 60045156.000000, 66408.906250, -659475.687500
-3.200000, 6554.175293, 6554.175293, 60533488.000000, 60533488.000000, 65743.375000, -617181.312500
-3.150000, -2673.161865, -2673.161865, 61029960.000000, 61029960.000000, 62649.550781, -594317.062500
-3.100000, 11910.163086, 11910.163086, 61524160.000000, 61524160.000000, 45891.476562, -564522.000000
-3.050000, 12953.049805, 12953.049805, 62029868.000000, 62029868.000000, 45678.640625, -568514.375000
-3.000000, 358.536926, 358.536926, 62554964.000000, 62554964.000000, 64216.726562, -560346.500000
-2.950000, 9890.623047, 9890.623047, 63045352.000000, 63045352.000000, 54873.492188, -533850.562500
-2.900000, 2166.652832, 2166.652832, 63551440.000000, 63551440.000000, 46682.152344, -537218.312500
-2.850000, 2449.800781, 2449.800781, 64059672.000000, 64059672.000000, 56037.910156, -498921.968750
-2.800000, 10950.050781, 10950.050781, 64547272.000000, 64547272.000000, 57682.703125, -470669.468750
-2.750000, -7397.600098, -7397.600098, 65067780.000000, 65067780.000000, 50484.031250, -478069.343750
-2.700000, -3556.340820, -3556.340820, 65577324.000000, 65577324.000000, 20500.636719, -452056.218750
-2.650000, 7470.490723, 7470.490723, 66062940.000000, 66062940.000000, -999.256348, -430155.312500
-2.600000, -701.167236, -701.167236, 66575368.000000, 66575368.000000, 277.011230, -423469.687500
-2.550000, 5699.346191, 5699.346191, 67079400.000000, 67079400.000000, -973.253906, -407851.968750
-2.500000, 8684.412109, 8684.412109, 67581928.000000, 67581928.000000, -4462.072266, -407751.156250
-2.450000, 6616.271484, 6616.271484, 68121632.000000, 68121632.000000, -23107.705078, -415536.531250
-2.400000, 9981.316406, 9981.316406, 68643048.000000, 68643048.000000, -23138.087891, -409361.968750
-2.350000, 4111.935547, 4111.935547, 69139224.000000, 69139224.000000, -12205.618164, -413977.375000
-2.300000, 4554.650879, 4554.650879, 69641752.000000, 69641752.000000, -40001.218750, -416442.906250
-2.250000, -2613.726562, -2613.726562, 70135936.000000, 70135936.000000, -43680.910156, -406860.687500
-2.200000, -8228.407227, -8228.407227, 70641136.000000, 70641136.000000, -34361.839844, -421010.156250
-2.150000, 15930.267578, 15930.267578, 71158312.000000, 71158312.000000, -54594.722656, -426225.812500
-2.100000, 11058.687500, 11058.687500, 71679712.000000, 71679712.000000, -39774.136719, -419383.281250
-2.050000, -8527.734375, -8527.734375, 72207840.000000, 72207840.000000, -33824.515625, -426735.687500
-2.000000, 3839.520264, 3839.520264, 72705504.000000, 72705504.000000, -69146.070312, -419236.437500
-1.950000, 2416.870117, 2416.870117, 73204552.000000, 73204552.000000, -62535.351562, -426947.343750
-1.900000, -4467.682129, -4467.682129, 73713096.000000, 73713096.000000, -41125.386719, -437360.281250
-1.850000, -8553.474609, -8553.474609, 74189360.000000, 74189360.000000, -41331.648438, -415153.468750
-1.800000, -15811.789062, -15811.789062, 74688248.000000, 74688248.000000, -39139.558594, -419056.593750
-1.750000, -7521.178223, -7521.178223, 75184992.000000, 75184992.000000, -51782.890625, -417772.437500
-1.700000, -11403.896484, -11403.896484, 75659864.000000, 75659864.000000, -67145.734375, -400963.312500
-1.650000, -11494.977539, -11494.977539, 76208992.000000, 76208992.000000, -92504.914062, -424601.593750
-1.600000, -10245.782227, -10245.782227, 76766744.000000, 76766744.000000, -134491.671875, -416671.375000
-1.550000, -26600.138672, -26600.138672, 77270528.000000, 77270528.000000, -136058.593750, -380513.500000
-1.500000, -20036.310547, -20036.310547, 77815488.000000, 77815488.000000, -132876.640625, -389181.781250
-1.450000, -15477.700195, -15477.700195, 78393952.000000, 78393952.000000, -156887.093750, -402276.843750
-1.400000, -20524.404297, -20524.404297, 78929712.000000, 78929712.000000, -155067.437500, -393225.812500
-1.350000, -25564.298828, -25564.298828, 79436944.000000, 79436944.000000, -141108.468750, -389868.875000
-1.300000, -30174.816406, -30174.816406, 79941736.000000, 79941736.000000, -119759.859375, -417462.406250
-1.250000, -4362.804199, -4362.804199, 80448232.000000, 80448232.000000, -106271.835938, -424184.343750
-1.200000, -17914.996094, -17914.996094, 81007640.000000, 81007640.000000, -145070.421875, -380515.656250
-1.150000, -44492.925781, -44492.925781, 81584488.000000, 81584488.000000, -147802.406250, -380268.656250
-1.100000, -3118.614746, -3118.614746, 82103368.000000, 82103368.000000, -104331.914062, -406982.718750
-1.050000, 1140.530884, 1140.530884, 82618288.000000, 82618288.000000, -107175.335938, -386712.375000
-1.000000, -26215.408203, -26215.408203, 83105904.000000, 83105904.000000, -93477.468750, -371873.531250
-0.950000, -7389.415039, -7389.415039, 83540296.000000, 83540296.000000, -68125.437500, -400771.218750
-0.900000, 12545.056641, 12545.056641, 83950472.000000, 83950472.000000, -66981.570312, -444328.187500
-0.850000, 16488.283203, 16488.283203, 84289424.000000, 84289424.000000, -8114.404785, -434325.812500
-0.800000, -6971.246094, -6971.246094, 84661768.000000, 84661768.000000, -2157.792969, -365321.531250
-0.750000, -20645.402344, -20645.402344, 85122776.000000, 85122776.000000, -99408.703125, -354924.656250
-0.700000, 11781.738281, 11781.738281, 85565696.000000, 85565696.000000, -136140.187500, -380156.437500
-0.650000, -733.608032, -733.608032, 86024496.000000, 86024496.000000, -144410.515625, -333919.875000
-0.600000, -27558.527344, -27558.527344, 86533280.000000, 86533280.000000, -197884.125000, -303678.281250
-0.550000, -9411.267578, -9411.267578, 87050248.000000, 87050248.000000, -286294.187500, -318113.781250
-0.500000, -6250.674316, -6250.674316, 87570056.000000, 87570056.000000, -375416.125000, -298082.687500
-0.450000, 31502.136719, 31502.136719, 88153784.000000, 88153784.000000, -373313.093750, -288210.625000
-0.400000, 50379.058594, 50379.058594, 88766184.000000, 88766184.000000, -373417.437500, -265676.656250
-0.350000, -5466.388184, -5466.388184, 89328672.000000, 89328672.000000, -461815.375000, -201382.468750
-0.300000, 23755.722656, 23755.722656, 89940848.000000, 89940848.000000, -499768.843750, -179270.109375
-0.250000, 73634.125000, 73634.125000, 90584640.000000, 90584640.000000, -476544.156250, -178609.203125
-0.200000, 94541.265625, 94541.265625, 91273016.000000, 91273016.000000, -490704.156250, -187197.484375
-0.150000, 121227.289062, 121227.289062, 91948952.000000, 91948952.000000, -486639.187500, -197676.312500
-0.100000, 66047.281250, 66047.281250, 92485760.000000, 92485760.000000, -408328.781250, -185829.609375
-0.050000, 144256.546875, 144256.546875, 93288536.000000, 93288536.000000, -375087.937500, -268830.187500
0.000000, 275471.156250, 275471.156250, 93990376.000000, 93990376.000000, -380358.937500, -380358.937500
0.050000, 144256.546875, 144256.546875, 93288536.000000, 93288536.000000, -268830.187500, -375087.937500
0.100000, 66047.281250, 66047.281250, 92485760.000000, 92485760.000000, -185829.609375, -408328.781250
0.150000, 121227.289062, 121227.289062, 91948952.000000, 91948952.000000, -197676.312500, -486639.187500
0.200000, 94541.265625, 94541.265625, 91273016.000000, 91273016.000000, -187197.484375, -490704.156250
0.250000, 73634.125000, 73634.125000, 90584640.000000, 90584640.000000, -178609.203125, -476544.156250
0.300000, 23755.722656, 23755.722656, 89940848.000000, 89940848.000000, -179270.109375, -499768.843750
0.350000, -5466.388184, -5466.388184, 89328672.000000, 89328672.000000, -201382.468750, -461815.375000
0.400000, 50379.058594, 50379.058594, 88766184.000000, 88766184.000000, -265676.656250, -373417.437500
0.450000, 31502.136719, 31502.136719, 88153784.000000, 88153784.000000, -288210.625000, -373313.093750
0.500000, -6250.674316, -6250.674316, 87570056.000000, 87570056.000000, -298082.687500, -375416.125000
0.550000, -9411.267578, -9411.267578, 87050248.000000, 87050248.000000, -318113.781250, -286294.187500
0.600000, -27558.527344, -27558.527344, 86533280.000000, 86533280.000000, -303678.281250, -197884.125000
0.650000, -733.608032, -733.608032, 86024496.000000, 86024496.000000, -333919.875000, -144410.515625
0.700000, 11781.738281, 11781.738281, 85565696.000000, 85565696.000000, -380156.437500, -136140.187500
0.750000, -20645.402344, -20645.402344, 85122776.000000, 85122776.000000, -354924.656250, -99408.703125
0.800000, -6971.246094, -6971.246094, 84661768.000000, 84661768.000000, -365321.531250, -2157.792969
0.850000, 16488.283203, 16488.283203, 84289424.000000, 84289424.000000, -434325.812500, -8114.404785
0.900000, 12545.056641, 12545.056641, 83950472.000000, 83950472.000000, -444328.187500, -66981.570312
0.950000, -7389.415039, -7389.415039, 83540296.000000, 83540296.000000, -400771.218750, -68125.437500
1.000000, -26215.408203, -26215.408203, 83105904.000000, 83105904.000000, -371873.531250, -93477.468750
1.050000, 1140.530884, 1140.530884, 82618288.000000, 82618288.000000, -386712.375000, -107175.335938
1.100000, -3118.614746, -3118.614746, 82103368.000000, 82103368.000000, -406982.718750, -104331.914062
1.150000, -44492.925781, -44492.925781, 81584488.000000, 81584488.000000, -380268.656250, -147802.406250
1.200000, -17914.996094, -17914.996094, 81007640.000000, 81007640.000000, -380515.656250, -145070.421875
1.250000, -4362.804199, -4362.804199, 80448232.000000, 80448232.000000, -424184.343750, -106271.835938
1.300000, -30174.816406, -30174.816406, 79941736.000000, 79941736.000000, -417462.406250, -119759.859375
1.350000, -25564.298828, -25564.298828, 79436944.000000, 79436944.000000, -389868.875000, -141108.468750
1.400000, -20524.404297, -20524.404297, 78929712.000000, 78929712.000000, -393225.812500, -155067.437500
1.450000, -15477.700195, -15477.700195, 78393952.000000, 78393952.000000, -402276.843750, -156887.093750
1.500000, -20036.310547, -20036.310547, 77815488.000000, 77815488.000000, -389181.781250, -132876.640625
1.550000, -26600.138672, -26600.138672, 77270528.000000, 77270528.000000, -380513.500000, -136058.593750
1.600000, -10245.782227, -10245.782227, 76766744.000000, 76766744.000000, -416671.375000, -134491.671875
1.650000, -11494.977539, -11494.977539, 76208992.000000, 76208992.000000, -424601.593750, -92504.914062
1.700000, -11403.896484, -11403.896484, 75659864.000000, 75659864.000000, -400963.312500, -67145.734375
1.750000, -7521.178223, -7521.178223, 75184992.000000, 75184992.000000, -417772.437500, -51782.890625
1.800000, -15811.789062, -15811.789062, 74688248.000000, 74688248.000000, -419056.593750, -39139.558594
1.850000, -8553.474609, -8553.474609, 74189360.000000, 74189360.000000, -415153.468750, -41331.648438
1.900000, -4467.682129, -4467.682129, 73713096.000000, 73713096.000000, -437360.281250, -41125.386719
1.950000, 2416.870117, 2416.870117, 73204552.000000, 73204552.000000, -426947.343750, -62535.351562
2.000000, 3839.520264, 3839.520264, 72705504.000000, 72705504.000000, -419236.437500, -69146.070312
2.050000, -8527.734375, -8527.734375, 72207840.000000, 72207840.000000, -426735.687500, -33824.515625
2.100000, 11058.687500, 11058.687500, 71679712.000000, 71679712.000000, -419383.281250, -39774.136719
2.150000, 15930.267578, 15930.267578, 71158312.000000, 71158312.000000, -426225.812500, -54594.722656
2.200000, -8228.407227, -8228.407227, 70641136.000000, 70641136.000000, -421010.156250, -34361.839844
2.250000, -2613.726562, -2613.726562, 70135936.000000, 70135936.000000, -406860.687500, -43680.910156
2.300000, 4554.650879, 4554.650879, 69641752.000000, 69641752.000000, -416442.906250, -40001.218750
2.350000, 4111.935547, 4111.935547, 69139224.000000, 69139224.000000, -413977.375000, -12205.618164
2.400000, 9981.316406, 9981.316406, 68643048.000000, 68643048.000000, -409361.968750, -23138.087891
2.450000, 6616.271484, 6616.271484, 68121632.000000, 68121632.000000, -415536.531250, -23107.705078
2.500000, 8684.412109, 8684.412109, 67581928.000000, 67581928.000000, -407751.156250, -4462.072266
2.550000, 5699.346191, 5699.346191, 67079400.000000, 67079400.000000, -407851.968750, -973.253906
2.600000, -701.167236, -701.167236, 66575368.000000, 66575368.000000, -423469.687500, 277.011230
2.650000, 7470.490723, 7470.490723, 66062940.000000, 66062940.000000, -430155.312500, -999.256348
2.700000, -3556.340820, -3556.340820, 65577324.000000, 65577324.000000, -452056.218750, 20500.636719
2.750000, -7397.600098, -7397.600098, 65067780.000000, 65067780.000000, -478069.343750, 50484.031250
2.800000, 10950.050781, 10950.050781, 64547272.000000, 64547272.000000, -470669.468750, 57682.703125
2.850000, 2449.800781, 2449.800781, 64059672.000000, 64059672.000000, -498921.968750, 56037.910156
2.900000, 2166.652832, 2166.652832, 63551440.000000, 63551440.000000, -537218.312500, 46682.152344
2.950000, 9890.623047, 9890.623047, 63045352.000000, 63045352.000000, -533850.562500, 54873.492188
3.000000, 358.536926, 358.536926, 62554964.000000, 62554964.000000, -560346.500000, 64216.726562
3.050000, 12953.049805, 12953.049805, 62029868.000000, 62029868.000000, -568514.375000, 45678.640625
3.100000, 11910.163086, 11910.163086, 61524160.000000, 61524160.000000, -564522.000000, 45891.476562
3.150000, -2673.161865, -2673.161865, 61029960.000000, 61029960.000000, -594317.062500, 62649.550781
3.200000, 6554.175293, 6554.175293, 60533488.000000, 60533488.000000, -617181.312500, 65743.375000
3.250000, 16.115196, 16.115196, 60045156.000000, 60045156.000000, -659475.687500, 66408.906250
3.300000, -1106.485352, -1106.485352, 59483568.000000, 59483568.000000, -667897.375000, 73696.539062
3.350000, 6117.181641, 6117.181641, 58956372.000000, 58956372.000000, -682920.312500, 76209.976562
3.400000, -10398.373047, -10398.373047, 58468180.000000, 58468180.000000, -733135.437500, 83127.468750
3.450000, -10799.553711, -10799.553711, 57806244.000000, 57806244.000000, -684840.687500, 110087.492188
3.500000, -3371.366699, -3371.366699, 57124508.000000, 57124508.000000, -675372.562500, 107888.835938
3.550000, -5815.972656, -5815.972656, 56609424.000000, 56609424.000000, -781472.250000, 87601.218750
3.600000, -6441.067383, -6441.067383, 56106652.000000, 56106652.000000, -845846.125000, 99651.687500
3.650000, -12790.418945, -12790.418945, 55544744.000000, 55544744.000000, -877496.125000, 111415.343750
3.700000, -5575.159180, -5575.159180, 55060124.000000, 55060124.000000, -926453.000000, 126281.539062
3.750000, -2052.515381, -2052.515381, 54642196.000000, 54642196.000000, -1003361.625000, 152068.812500
3.800000, -11669.236328, -11669.236328, 54134468.000000, 54134468.000000, -1114836.875000, 164108.234375
3.850000, -1518.893066, -1518.893066, 53620488.000000, 53620488.000000, -1170453.750000, 168929.078125
3.900000, -514.028687, -514.028687, 53171544.000000, 53171544.000000, -1153570.375000, 184224.328125
3.950000, -9526.859375, -9526.859375, 52744520.000000, 52744520.000000, -1190014.500000, 197198.656250
4.000000, -738.093872, -738.093872, 52476820.000000, 52476820.000000, -1265778.000000, 166071.359375
4.050000, 5532.009766, 5532.009766, 52297508.000000, 52297508.000000, -1314770.250000, 165534.296875
4.100000, 3222.135986, 3222.135986, 52025872.000000, 52025872.000000, -1330556.375000, 224278.328125
4.150000, -6857.894531, -6857.894531, 51722256.000000, 51722256.000000, -1265230.750000, 223898.875000
4.200000, -6068.582520, -6068.582520, 51359548.000000, 51359548.000000, -1214778.375000, 218402.640625
4.250000, 8406.017578, 8406.017578, 50961104.000000, 50961104.000000, -1211125.750000, 268469.125000
4.300000, -303.019165, -303.019165, 50592228.000000, 50592228.000000, -1117488.500000, 292171.343750
4.350000, -6627.927734, -6627.927734, 50042496.000000, 50042496.000000, -956466.625000, 290695.343750
4.400000, 2320.437988, 2320.437988, 49329160.000000, 49329160.000000, -830317.500000, 302525.687500
4.450000, 2720.291016, 2720.291016, 48664656.000000, 48664656.000000, -807855.187500, 348613.812500
4.500000, 8965.777344, 8965.777344, 47941384.000000, 47941384.000000, -806433.062500, 392325.812500
4.550000, 3930.337402, 3930.337402, 47156376.000000, 47156376.000000, -751764.312500, 378353.500000
4.600000, -5122.441895, -5122.441895, 46393336.000000, 46393336.000000, -757854.625000, 367249.000000
4.650000, 5973.717773, 5973.717773, 45578044.000000, 45578044.000000, -774749.000000, 400743.937500
4.700000, -1255.689575, -1255.689575, 44838492.000000, 44838492.000000, -736690.625000, 419338.656250
4.750000, -5058.245605, -5058.245605, 44145256.000000, 44145256.000000, -697089.250000, 399520.781250
4.800000, 7684.499023, 7684.499023, 43367608.000000, 43367608.000000, -653907.437500, 455126.062500
4.850000, -9311.332031, -9311.332031, 42759428.000000, 42759428.000000, -644180.187500, 638839.937500
4.900000, -14339.088867, -14339.088867, 42333608.000000, 42333608.000000, -633125.375000, 763505.875000
4.950000, -874.274780, -874.274780, 41905508.000000, 41905508.000000, -597838.125000, 774937.750000
5.000000, -14173.423828, -14173.423828, 41534196.000000, 41534196.000000, -597694.875000, 824090.125000
5.050000, -16596.929688, -16596.929688, 41181172.000000, 41181172.000000, -585288.187500, 881909.000000
5.100000, -11868.074219, -11868.074219, 40868040.000000, 40868040.000000, -548481.250000, 906364.562500
5.150000, -20483.169922, -20483.169922, 40666428.000000, 40666428.000000, -539635.062500, 916344.375000
5.200000, -14120.299805, -14120.299805, 40429112.000000, 40429112.000000, -547710.875000, 823850.750000
5.250000, -13087.102539, -13087.102539, 40106236.000000, 40106236.000000, -540909.187500, 750852.687500
5.300000, -15731.912109, -15731.912109, 39703460.000000, 39703460.000000, -542583.687500, 805495.687500
5.350000, -9327.937500, -9327.937500, 39180388.000000, 39180388.000000, -560520.812500, 781053.125000
5.400000, -18441.921875, -18441.921875, 38654240.000000, 38654240.000000, -535074.562500, 676464.437500
5.450000, -15047.713867, -15047.713867, 38227500.000000, 38227500.000000, -505477.156250, 586867.812500
5.500000, -1650.579102, -1650.579102, 37781100.000000, 37781100.000000, -514968.000000, 510577.250000
5.550000, -12846.821289, -12846.821289, 37225924.000000, 37225924.000000, -498093.062500, 513988.718750
5.600000, -14994.412109, -14994.412109, 36733964.000000, 36733964.000000, -469699.781250, 453739.281250
5.650000, -4036.471436, -4036.471436, 36285356.000000, 36285356.000000, -481134.906250, 322434.156250
5.700000, -4075.695801, -4075.695801, 35628336.000000, 35628336.000000, -495615.843750, 333711.031250
5.750000, -6238.065918, -6238.065918, 34927800.000000, 34927800.000000, -474640.031250, 363995.937500
5.800000, -8067.876465, -8067.876465, 34388732.000000, 34388732.000000, -456963.906250, 328142.718750
5.850000, -5143.885254, -5143.885254, 33865628.000000, 33865628.000000, -456009.406250, 319377.687500
5.900000, -4385.025879, -4385.025879, 33322746.000000, 33322746.000000, -440861.968750, 310989.000000
5.950000, -10821.699219, -10821.699219, 32800262.000000, 32800262.000000, -440146.500000, 287569.718750
6.000000, -5730.623535, -5730.623535, 32307686.000000, 32307686.000000, -446010.562500, 245125.937500
6.050000, -1651.840332, -1651.840332, 31844978.000000, 31844978.000000, -437637.656250, 216154.093750
6.100000, -7130.957520, -7130.957520, 31330852.000000, 31330852.000000, -439100.531250, 214668.562500
6.150000, -3646.742676, -3646.742676, 30800546.000000, 30800546.000000, -437714.281250, 184615.406250
6.200000, -707.567688, -707.567688, 30304880.000000, 30304880.000000, -433443.281250, 169630.468750
6.250000, -4869.744629, -4869.744629, 29796138.000000, 29796138.000000, -426370.343750, 175725.468750
6.300000, -3941.656494, -3941.656494, 29296058.000000, 29296058.000000, -419322.937500, 142953.531250
6.350000, -1255.842407, -1255.842407, 28801052.000000, 28801052.000000, -424237.468750, 113466.031250
6.400000, -2020.613159, -2020.613159, 28278054.000000, 28278054.000000, -417734.468750, 113957.281250
6.450000, -2760.530273, -2760.530273, 27771978.000000, 27771978.000000, -405322.281250, 100876.414062
6.500000, -2112.955566, -2112.955566, 27287602.000000, 27287602.000000, -393021.250000, 74927.648438
6.550000, -1426.742920, -1426.742920, 26783010.000000, 26783010.000000, -378738.875000, 64277.890625
6.600000, -396.596832, -396.596832, 26282312.000000, 26282312.000000, -379266.187500, 59454.800781
6.650000, 52.987686, 52.987686, 25791540.000000, 25791540.000000, -374594.718750, 57599.855469
6.700000, -907.709778, -907.709778, 25272780.000000, 25272780.000000, -362164.687500, 59471.058594
6.750000, -399.066284, -399.066284, 24746262.000000, 24746262.000000, -365553.843750, 57325.441406
6.800000, -845.826050, -845.826050, 24226932.000000, 24226932.000000, -356343.156250, 62006.875000
6.850000, -1470.537720, -1470.537720, 23717148.000000, 23717148.000000, -335557.843750, 59002.609375
6.900000, 384.371582, 384.371582, 23218490.000000, 23218490.000000, -341430.031250, 56915.597656
6.950000, -1285.444336, -1285.444336, 22713226.000000, 22713226.000000, -341925.000000, 73506.023438
7.000000, -2076.254150, -2076.254150, 22215380.000000, 22215380.000000, -331194.312500, 73767.656250
7.050000, -562.796448, -562.796448, 21697208.000000, 21697208.000000, -336923.656250, 67697.265625
7.100000, -2397.689209, -2397.689209, 21172362.000000, 21172362.000000, -334385.312500, 63695.554688
7.150000, -255.286926, -255.286926, 20682784.000000, 20682784.000000, -325008.250000, 47565.093750
7.200000, 1310.967407, 1310.967407, 20165812.000000, 20165812.000000, -313647.187500, 49174.011719
7.250000, -1789.357788, -1789.357788, 19645962.000000, 19645962.000000, -300919.625000, 57871.257812
7.300000, 75.809219, 75.809219, 19144512.000000, 19144512.000000, -302371.000000, 55237.109375
7.350000, 664.566040, 664.566040, 18625258.000000, 18625258.000000, -296448.312500, 58357.281250
7.400000, -1502.782959, -1502.782959, 18128732.000000, 18128732.000000, -282965.531250, 62443.503906
7.450000, -462.046661, -462.046661, 17625710.000000, 17625710.000000, -272212.718750, 60487.890625
7.500000, -1274.481323, -1274.481323, 17109976.000000, 17109976.000000, -256690.984375, 58235.175781
7.550000, -1279.601807, -1279.601807, 16604747.000000, 16604747.000000, -242425.468750, 57921.960938
7.600000, -187.490173, -187.490173, 16096644.000000, 16096644.000000, -232751.953125, 48985.976562
7.650000, -1941.666992, -1941.666992, 15604255.000000, 15604255.000000, -233177.546875, 41821.191406
7.700000, -834.927063, -834.927063, 15080180.000000, 15080180.000000, -228482.265625, 45098.125000
7.750000, 351.223022, 351.223022, 14542492.000000, 14542492.000000, -218235.984375, 43168.878906
7.800000, -1338.354980, -1338.354980, 14031980.000000, 14031980.000000, -224990.593750, 51632.523438
7.850000, -586.699707, -586.699707, 13523296.000000, 13523296.000000, -228929.312500, 57504.769531
7.900000, -552.965271, -552.965271, 13036092.000000, 13036092.000000, -225873.312500, 50917.027344
7.950000, -1583.436401, -1583.436401, 12533427.000000, 12533427.000000, -219189.625000, 60447.898438
8.000000, -706.134399, -706.134399, 12023075.000000, 12023075.000000, -203592.453125, 56292.660156
8.050000, -962.845215, -962.845215, 11516546.000000, 11516546.000000, -203236.843750, 42355.976562
8.100000, -1103.375977, -1103.375977, 10990634.000000, 10990634.000000, -198610.250000, 42979.210938
8.150000, -1121.147095, -1121.147095, 10490232.000000, 10490232.000000, -177550.625000, 33613.355469
8.200000, -1465.559204, -1465.559204, 9970343.000000, 9970343.000000, -176180.406250, 27712.062500
8.250000, -195.493622, -195.493622, 9455516.000000, 9455516.000000, -175058.671875, 23102.263672
8.300000, -849.395874, -849.395874, 8973242.000000, 8973242.000000, -167403.562500, 14625.050781
8.350000, -936.870483, -936.870483, 8458554.000000, 8458554.000000, -175232.046875, 19734.033203
8.400000, 907.898621, 907.898621, 7956840.000000, 7956840.000000, -167755.500000, 23558.638672
8.450000, -838.935120, -838.935120, 7444485.000000, 7444485.000000, -153977.359375, 28641.773438
8.500000, -1289.384644, -1289.384644, 6922801.000000, 6922801.000000, -160455.875000, 24040.714844
8.550000, 434.221375, 434.221375, 6414762.000000, 6414762.000000, -157635.484375, 9421.208984
8.600000, -588.976135, -588.976135, 5898124.500000, 5898124.500000, -146262.953125, 13278.388672
8.650000, -528.044556, -528.044556, 5413723.000000, 5413723.000000, -132509.531250, 7496.550781
8.700000, 29.881737, 29.881737, 4891616.000000, 4891616.000000, -116810.156250, -6949.960449
8.750000, -292.168213, -292.168213, 4381501.500000, 4381501.500000, -119760.039062, -5578.141113
8.800000, 620.346313, 620.346313, 3900492.000000, 3900492.000000, -104148.656250, -5527.682129
8.850000, 138.441223, 138.441223, 3367074.500000, 3367074.500000, -71970.890625, -2405.768066
8.900000, -442.926727, -442.926727, 2881580.500000, 2881580.500000, -73138.242188, -171.968750
8.950000, 519.982544, 519.982544, 2344770.000000, 2344770.000000, -61616.777344, -4098.058594
9.000000, 135.391037, 135.391037, 1822682.500000, 1822682.500000, -36265.847656, 1147.611328
9.050000, -420.108307, -420.108307, 1422134.750000, 1422134.750000, -47459.179688, 2841.495605
9.100000, 65.648102, 65.648102, 821550.625000, 821550.625000, -46217.402344, -2709.969727
9.150000, 154.433090, 154.433090, 211144.718750, 211144.718750, -15097.168945, -2159.857422
