Time 1XX 1ZZ 2XX 2ZZ 1X2Z 1Z2X 
-9.200000, 0.000000, 0.000000, 0.000000, 0.000000, 0.000000, 0.000000
-9.150000, 420.472412, 420.472412, 194034.234375, 194034.234375, -12003.808594, -6796.679199
-9.100000, 845.253357, 845.253357, 755485.125000, 755485.125000, -36990.250000, -19182.068359
-9.050000, 42.385117, 42.385117, 1292272.000000, 1292272.000000, -41586.468750, -16491.921875
-9.000000, 69.530640, 69.530640, 1630152.875000, 1630152.875000, -43895.093750, -9759.285156
-8.950000, 1355.692505, 1355.692505, 2111091.750000, 2111091.750000, -76682.835938, -18816.923828
-8.900000, 374.181702, 374.181702, 2604064.000000, 2604064.000000, -86474.351562, -20877.996094
-8.850000, -360.675659, -360.675659, 3001212.250000, 3001212.250000, -79485.164062, -15298.306641
-8.800000, 1612.435547, 1612.435547, 3476952.750000, 3476952.750000, -108748.117188, -24276.042969
-8.750000, 1871.743408, 1871.743408, 3947253.750000, 3947253.750000, -129258.437500, -40089.312500
-8.700000, -28.765366, -28.765366, 4408527.500000, 4408527.500000, -122579.015625, -41379.535156
-8.650000, 219.578064, 219.578064, 4869366.500000, 4869366.500000, -134277.421875, -28167.148438
-8.600000, 2067.119141, 2067.119141, 5330810.000000, 5330810.000000, -167253.515625, -24397.359375
-8.550000, 1470.517700, 1470.517700, 5813263.000000, 5813263.000000, -189670.390625, -31377.019531
-8.500000, 573.809570, 573.809570, 6228924.000000, 6228924.000000, -203309.250000, -38507.773438
-8.450000, 1658.064209, 1658.064209, 6682150.000000, 6682150.000000, -228327.640625, -43027.214844
-8.400000, 1646.397705, 1646.397705, 7173821.000000, 7173821.000000, -240843.578125, -42847.089844
-8.350000, 1459.286987, 1459.286987, 7612282.500000, 7612282.500000, -246540.625000, -50902.484375
-8.300000, 1271.877686, 1271.877686, 8070596.000000, 8070596.000000, -267145.562500, -53063.050781
-8.250000, 1131.031372, 1131.031372, 8524023.000000, 8524023.000000, -276596.562500, -46503.550781
-8.200000, 3062.517578, 3062.517578, 8985732.000000, 8985732.000000, -285931.812500, -57426.738281
-8.150000, 2502.487305, 2502.487305, 9459291.000000, 9459291.000000, -304441.937500, -62081.550781
-8.100000, 997.434265, 997.434265, 9903154.000000, 9903154.000000, -323555.375000, -59616.687500
-8.050000, 2683.555420, 2683.555420, 10367129.000000, 10367129.000000, -357874.750000, -67754.070312
-8.000000, 2721.556885, 2721.556885, 10821465.000000, 10821465.000000, -380234.812500, -70909.109375
-7.950000, 2003.829346, 2003.829346, 11268465.000000, 11268465.000000, -387650.343750, -78278.312500
-7.900000, 2507.539795, 2507.539795, 11719705.000000, 11719705.000000, -411629.031250, -75888.460938
-7.850000, 2613.107422, 2613.107422, 12159988.000000, 12159988.000000, -429406.375000, -67120.281250
-7.800000, 3533.793945, 3533.793945, 12623136.000000, 12623136.000000, -443876.031250, -84545.382812
-7.750000, 3342.520752, 3342.520752, 13061371.000000, 13061371.000000, -479989.875000, -87112.640625
-7.700000, 3132.494873, 3132.494873, 13512847.000000, 13512847.000000, -513078.500000, -78046.687500
-7.650000, 4629.221680, 4629.221680, 14003802.000000, 14003802.000000, -535914.375000, -94581.765625
-7.600000, 3590.402344, 3590.402344, 14444419.000000, 14444419.000000, -555471.125000, -104421.796875
-7.550000, 2239.306152, 2239.306152, 14880294.000000, 14880294.000000, -568894.000000, -104309.078125
-7.500000, 3921.718506, 3921.718506, 15331787.000000, 15331787.000000, -588098.375000, -108146.648438
-7.450000, 5465.923340, 5465.923340, 15774738.000000, 15774738.000000, -610217.750000, -111497.492188
-7.400000, 4728.972656, 4728.972656, 16219253.000000, 16219253.000000, -636898.750000, -112974.789062
-7.350000, 4212.383301, 4212.383301, 16652344.000000, 16652344.000000, -663177.312500, -118419.203125
-7.300000, 6452.440918, 6452.440918, 17115330.000000, 17115330.000000, -681591.500000, -141106.750000
-7.250000, 5689.421875, 5689.421875, 17576388.000000, 17576388.000000, -706627.000000, -157391.296875
-7.200000, 2996.703125, 2996.703125, 18006034.000000, 18006034.000000, -717574.562500, -155036.781250
-7.150000, 6328.263672, 6328.263672, 18461962.000000, 18461962.000000, -741809.250000, -151151.390625
-7.100000, 8825.762695, 8825.762695, 18920308.000000, 18920308.000000, -794096.937500, -167323.750000
-7.050000, 6976.706543, 6976.706543, 19371594.000000, 19371594.000000, -811247.625000, -193723.875000
-7.000000, 7433.027344, 7433.027344, 19829776.000000, 19829776.000000, -838857.312500, -193157.031250
-6.950000, 9820.211914, 9820.211914, 20279584.000000, 20279584.000000, -892818.312500, -211244.406250
-6.900000, 10293.400391, 10293.400391, 20722584.000000, 20722584.000000, -922313.875000, -251042.031250
-6.850000, 8207.917969, 8207.917969, 21162768.000000, 21162768.000000, -950329.375000, -270253.562500
-6.800000, 7712.611328, 7712.611328, 21605216.000000, 21605216.000000, -975070.625000, -261730.031250
-6.750000, 11298.223633, 11298.223633, 22028974.000000, 22028974.000000, -1010430.875000, -228575.562500
-6.700000, 13068.352539, 13068.352539, 22482258.000000, 22482258.000000, -1040147.437500, -256765.031250
-6.650000, 8809.063477, 8809.063477, 22994568.000000, 22994568.000000, -1058698.375000, -281777.000000
-6.600000, 9089.075195, 9089.075195, 23460408.000000, 23460408.000000, -1126206.375000, -248979.531250
-6.550000, 14925.572266, 14925.572266, 23877460.000000, 23877460.000000, -1174567.250000, -271085.937500
-6.500000, 11142.064453, 11142.064453, 24303622.000000, 24303622.000000, -1190856.125000, -272732.281250
-6.450000, 6699.856934, 6699.856934, 24741900.000000, 24741900.000000, -1219513.750000, -252196.546875
-6.400000, 12962.965820, 12962.965820, 25194706.000000, 25194706.000000, -1242732.250000, -274210.250000
-6.350000, 17053.078125, 17053.078125, 25638630.000000, 25638630.000000, -1300604.875000, -288994.000000
-6.300000, 13160.496094, 13160.496094, 26087710.000000, 26087710.000000, -1325579.750000, -320979.437500
-6.250000, 12318.453125, 12318.453125, 26553784.000000, 26553784.000000, -1313167.125000, -330903.125000
-6.200000, 17413.509766, 17413.509766, 27007844.000000, 27007844.000000, -1376835.250000, -319565.468750
-6.150000, 14076.220703, 14076.220703, 27442738.000000, 27442738.000000, -1432682.125000, -314795.187500
-6.100000, 9229.948242, 9229.948242, 27877532.000000, 27877532.000000, -1437198.875000, -302360.156250
-6.050000, 14763.296875, 14763.296875, 28322346.000000, 28322346.000000, -1467603.875000, -326466.906250
-6.000000, 17100.865234, 17100.865234, 28751994.000000, 28751994.000000, -1518404.750000, -329931.500000
-5.950000, 15443.099609, 15443.099609, 29200068.000000, 29200068.000000, -1542447.500000, -327675.812500
-5.900000, 15592.123047, 15592.123047, 29674182.000000, 29674182.000000, -1564327.750000, -352205.500000
-5.850000, 18294.835938, 18294.835938, 30125858.000000, 30125858.000000, -1635037.750000, -347834.187500
-5.800000, 21543.656250, 21543.656250, 30594244.000000, 30594244.000000, -1672224.750000, -374368.781250
-5.750000, 17316.435547, 17316.435547, 31041046.000000, 31041046.000000, -1662329.125000, -383131.468750
-5.700000, 13286.394531, 13286.394531, 31345644.000000, 31345644.000000, -1693744.500000, -336950.125000
-5.650000, 20938.287109, 20938.287109, 31554414.000000, 31554414.000000, -1749273.250000, -370032.656250
-5.600000, 24006.687500, 24006.687500, 31836232.000000, 31836232.000000, -1795274.625000, -406310.937500
-5.550000, 8540.800781, 8540.800781, 32227124.000000, 32227124.000000, -1818097.625000, -284574.625000
-5.500000, 10391.665039, 10391.665039, 32609222.000000, 32609222.000000, -1870135.375000, -143411.828125
-5.450000, 23181.181641, 23181.181641, 33045364.000000, 33045364.000000, -1950660.875000, -116555.882812
-5.400000, 6396.427734, 6396.427734, 33709784.000000, 33709784.000000, -2007918.125000, -94379.640625
-5.350000, 3598.561035, 3598.561035, 34495888.000000, 34495888.000000, -2098495.000000, -75866.843750
-5.300000, 20512.685547, 20512.685547, 35282648.000000, 35282648.000000, -2180575.500000, -84143.281250
-5.250000, 14150.142578, 14150.142578, 36082952.000000, 36082952.000000, -2256187.750000, 11674.734375
-5.200000, -58.369141, -58.369141, 36798292.000000, 36798292.000000, -2341569.750000, 186668.593750
-5.150000, 3807.395508, 3807.395508, 37473096.000000, 37473096.000000, -2374597.500000, 248788.156250
-5.100000, 17044.119141, 17044.119141, 38145356.000000, 38145356.000000, -2475959.250000, 190069.718750
-5.050000, 6958.848633, 6958.848633, 38659148.000000, 38659148.000000, -2603029.000000, 179059.843750
-5.000000, 4153.048828, 4153.048828, 39042584.000000, 39042584.000000, -2675448.000000, 184828.000000
-4.950000, 14125.654297, 14125.654297, 39350200.000000, 39350200.000000, -2793151.750000, 139224.109375
-4.900000, 4976.293457, 4976.293457, 39653848.000000, 39653848.000000, -2895298.250000, 100385.601562
-4.850000, 16304.678711, 16304.678711, 40004088.000000, 40004088.000000, -2973641.250000, 38069.031250
-4.800000, 20792.115234, 20792.115234, 40368852.000000, 40368852.000000, -3061981.000000, -51339.382812
-4.750000, 20880.628906, 20880.628906, 40962816.000000, 40962816.000000, -3190423.750000, -155982.562500
-4.700000, 34351.625000, 34351.625000, 41624468.000000, 41624468.000000, -3352905.250000, -223510.406250
-4.650000, 9457.597656, 9457.597656, 41982168.000000, 41982168.000000, -3370604.750000, -196062.312500
-4.600000, 11639.644531, 11639.644531, 42240712.000000, 42240712.000000, -3342911.750000, -183051.250000
-4.550000, 30545.339844, 30545.339844, 42555540.000000, 42555540.000000, -3372299.750000, -205641.078125
-4.500000, 15185.800781, 15185.800781, 42918856.000000, 42918856.000000, -3342138.500000, -217677.656250
-4.450000, 22350.835938, 22350.835938, 43467532.000000, 43467532.000000, -3369616.750000, -312912.656250
-4.400000, 34312.246094, 34312.246094, 44198148.000000, 44198148.000000, -3476805.500000, -518154.250000
-4.350000, 43926.398438, 43926.398438, 44794236.000000, 44794236.000000, -3549359.750000, -652707.875000
-4.300000, 44926.039062, 44926.039062, 45095652.000000, 45095652.000000, -3622956.250000, -690630.875000
-4.250000, 36507.269531, 36507.269531, 45423604.000000, 45423604.000000, -3680156.500000, -790957.687500
-4.200000, 46359.500000, 46359.500000, 45801076.000000, 45801076.000000, -3699053.000000, -925238.187500
-4.150000, 38895.648438, 38895.648438, 46115216.000000, 46115216.000000, -3723079.000000, -1054287.625000
-4.100000, 43727.058594, 43727.058594, 46575748.000000, 46575748.000000, -3743713.250000, -1174377.875000
-4.050000, 56705.453125, 56705.453125, 47178828.000000, 47178828.000000, -3758738.500000, -1291556.375000
-4.000000, 44647.628906, 44647.628906, 47858620.000000, 47858620.000000, -3764424.750000, -1412377.625000
-3.950000, 57389.253906, 57389.253906, 48550028.000000, 48550028.000000, -3678842.250000, -1452468.750000
-3.900000, 62074.691406, 62074.691406, 49248836.000000, 49248836.000000, -3542090.500000, -1518280.000000
-3.850000, 51007.648438, 51007.648438, 50051664.000000, 50051664.000000, -3513937.250000, -1624518.000000
-3.800000, 69795.640625, 69795.640625, 50797012.000000, 50797012.000000, -3546735.000000, -1691868.500000
-3.750000, 78505.679688, 78505.679688, 51471484.000000, 51471484.000000, -3517681.500000, -1788263.375000
-3.700000, 69686.226562, 69686.226562, 52043708.000000, 52043708.000000, -3465372.000000, -1840141.500000
-3.650000, 82766.109375, 82766.109375, 52386592.000000, 52386592.000000, -3396193.250000, -1901888.125000
-3.600000, 90007.421875, 90007.421875, 52757260.000000, 52757260.000000, -3258637.000000, -1975339.875000
-3.550000, 68236.070312, 68236.070312, 53157764.000000, 53157764.000000, -3185870.250000, -1979849.500000
-3.500000, 71909.921875, 71909.921875, 53421524.000000, 53421524.000000, -3255296.250000, -2056568.750000
-3.450000, 91843.195312, 91843.195312, 53713112.000000, 53713112.000000, -3263726.000000, -2110824.750000
-3.400000, 90254.632812, 90254.632812, 54116176.000000, 54116176.000000, -3225961.750000, -2118203.000000
-3.350000, 93293.632812, 93293.632812, 54618100.000000, 54618100.000000, -3296017.250000, -2167487.000000
-3.300000, 93513.554688, 93513.554688, 55119164.000000, 55119164.000000, -3333795.000000, -2195188.250000
-3.250000, 92906.335938, 92906.335938, 55546972.000000, 55546972.000000, -3313386.750000, -2269055.500000
-3.200000, 90297.726562, 90297.726562, 56003068.000000, 56003068.000000, -3341006.500000, -2307551.000000
-3.150000, 91390.554688, 91390.554688, 56445020.000000, 56445020.000000, -3342229.250000, -2307192.250000
-3.100000, 117045.273438, 117045.273438, 56871672.000000, 56871672.000000, -3338754.500000, -2375546.000000
-3.050000, 105569.921875, 105569.921875, 57344668.000000, 57344668.000000, -3391169.250000, -2401170.500000
-3.000000, 87356.992188, 87356.992188, 57791484.000000, 57791484.000000, -3399357.500000, -2435408.750000
-2.950000, 108001.414062, 108001.414062, 58248080.000000, 58248080.000000, -3365296.750000, -2511167.500000
-2.900000, 113747.101562, 113747.101562, 58732176.000000, 58732176.000000, -3370861.750000, -2552353.250000
-2.850000, 127365.085938, 127365.085938, 59191988.000000, 59191988.000000, -3402999.500000, -2558832.000000
-2.800000, 126212.492188, 126212.492188, 59637672.000000, 59637672.000000, -3438455.500000, -2558236.750000
-2.750000, 111518.265625, 111518.265625, 60066056.000000, 60066056.000000, -3440811.000000, -2625735.750000
-2.700000, 138407.453125, 138407.453125, 60515636.000000, 60515636.000000, -3419860.250000, -2671423.500000
-2.650000, 132021.140625, 132021.140625, 60973864.000000, 60973864.000000, -3433089.000000, -2680342.500000
-2.600000, 118983.335938, 118983.335938, 61400344.000000, 61400344.000000, -3449203.250000, -2744954.000000
-2.550000, 149087.953125, 149087.953125, 61847428.000000, 61847428.000000, -3439854.750000, -2798907.500000
-2.500000, 141385.359375, 141385.359375, 62340496.000000, 62340496.000000, -3419152.250000, -2850458.000000
-2.450000, 122039.632812, 122039.632812, 62841268.000000, 62841268.000000, -3435114.250000, -2872174.500000
-2.400000, 133117.625000, 133117.625000, 63288892.000000, 63288892.000000, -3472676.500000, -2864422.250000
-2.350000, 145748.250000, 145748.250000, 63728376.000000, 63728376.000000, -3442764.750000, -2893823.750000
-2.300000, 145054.734375, 145054.734375, 64213788.000000, 64213788.000000, -3462051.500000, -2925048.750000
-2.250000, 139653.843750, 139653.843750, 64676228.000000, 64676228.000000, -3554917.750000, -2993877.000000
-2.200000, 174081.953125, 174081.953125, 65115036.000000, 65115036.000000, -3557461.250000, -3031364.750000
-2.150000, 187977.734375, 187977.734375, 65550892.000000, 65550892.000000, -3543601.000000, -3044436.000000
-2.100000, 140504.484375, 140504.484375, 65999168.000000, 65999168.000000, -3565854.750000, -3113306.000000
-2.050000, 149307.921875, 149307.921875, 66480776.000000, 66480776.000000, -3572482.750000, -3125896.750000
-2.000000, 172114.812500, 172114.812500, 66953480.000000, 66953480.000000, -3575976.500000, -3185183.000000
-1.950000, 146571.921875, 146571.921875, 67428456.000000, 67428456.000000, -3568797.250000, -3274234.000000
-1.900000, 167456.656250, 167456.656250, 67898496.000000, 67898496.000000, -3605332.500000, -3266964.250000
-1.850000, 180397.312500, 180397.312500, 68345544.000000, 68345544.000000, -3659601.250000, -3296968.000000
-1.800000, 148821.453125, 148821.453125, 68773928.000000, 68773928.000000, -3655618.000000, -3311994.250000
-1.750000, 131363.328125, 131363.328125, 69186768.000000, 69186768.000000, -3645560.250000, -3306606.000000
-1.700000, 122013.531250, 122013.531250, 69646992.000000, 69646992.000000, -3674439.250000, -3343894.500000
-1.650000, 154638.203125, 154638.203125, 70090944.000000, 70090944.000000, -3715936.000000, -3362829.000000
-1.600000, 173888.906250, 173888.906250, 70527336.000000, 70527336.000000, -3698772.000000, -3391404.750000
-1.550000, 151544.046875, 151544.046875, 71063832.000000, 71063832.000000, -3709174.250000, -3403074.750000
-1.500000, 152673.000000, 152673.000000, 71561760.000000, 71561760.000000, -3784995.000000, -3418404.000000
-1.450000, 132495.578125, 132495.578125, 72013208.000000, 72013208.000000, -3762585.750000, -3433104.750000
-1.400000, 112539.593750, 112539.593750, 72492120.000000, 72492120.000000, -3752023.250000, -3433389.500000
-1.350000, 110781.875000, 110781.875000, 72884024.000000, 72884024.000000, -3828125.000000, -3487986.000000
-1.300000, 132509.343750, 132509.343750, 73208600.000000, 73208600.000000, -3839696.000000, -3491932.000000
-1.250000, 186879.375000, 186879.375000, 73553896.000000, 73553896.000000, -3825892.500000, -3491127.000000
-1.200000, 149916.453125, 149916.453125, 74020216.000000, 74020216.000000, -3864998.250000, -3534117.750000
-1.150000, 99149.242188, 99149.242188, 74627592.000000, 74627592.000000, -3956581.250000, -3471132.750000
-1.100000, 140786.328125, 140786.328125, 75236296.000000, 75236296.000000, -4002906.250000, -3449293.500000
-1.050000, 161362.828125, 161362.828125, 75890176.000000, 75890176.000000, -4007058.250000, -3568224.250000
-1.000000, 175450.734375, 175450.734375, 76621976.000000, 76621976.000000, -4074613.250000, -3642340.500000
-0.950000, 242839.031250, 242839.031250, 77302520.000000, 77302520.000000, -4060875.500000, -3667736.750000
-0.900000, 261753.921875, 261753.921875, 77854512.000000, 77854512.000000, -3968995.500000, -3711648.750000
-0.850000, 193812.390625, 193812.390625, 78257824.000000, 78257824.000000, -3905397.500000, -3674641.250000
-0.800000, 188259.156250, 188259.156250, 78580784.000000, 78580784.000000, -3819829.250000, -3609102.250000
-0.750000, 249091.828125, 249091.828125, 78852344.000000, 78852344.000000, -3791596.000000, -3718182.250000
-0.700000, 293689.906250, 293689.906250, 79068736.000000, 79068736.000000, -3797593.750000, -3900090.250000
-0.650000, 338636.968750, 338636.968750, 79201336.000000, 79201336.000000, -3792151.500000, -3965204.750000
-0.600000, 342522.562500, 342522.562500, 79268096.000000, 79268096.000000, -3833078.000000, -4017295.250000
-0.550000, 361485.187500, 361485.187500, 79453456.000000, 79453456.000000, -3877477.500000, -4107109.250000
-0.500000, 356593.281250, 356593.281250, 79718368.000000, 79718368.000000, -3949804.750000, -4100587.750000
-0.450000, 301244.218750, 301244.218750, 80037760.000000, 80037760.000000, -4040422.000000, -4037394.250000
-0.400000, 365327.218750, 365327.218750, 80538824.000000, 80538824.000000, -4107649.250000, -4024243.000000
-0.350000, 442067.031250, 442067.031250, 81147712.000000, 81147712.000000, -4159841.250000, -3994626.000000
-0.300000, 457627.312500, 457627.312500, 81847696.000000, 81847696.000000, -4138382.500000, -3902645.250000
-0.250000, 438619.343750, 438619.343750, 82660600.000000, 82660600.000000, -4088684.250000, -3772982.250000
-0.200000, 425028.500000, 425028.500000, 83685312.000000, 83685312.000000, -4055857.000000, -3664160.750000
-0.150000, 469234.437500, 469234.437500, 84758328.000000, 84758328.000000, -3979288.500000, -3641849.250000
-0.100000, 437774.187500, 437774.187500, 85643768.000000, 85643768.000000, -3916036.250000, -3699013.500000
-0.050000, 568660.000000, 568660.000000, 86803472.000000, 86803472.000000, -3947484.750000, -3845507.500000
0.000000, 754225.625000, 754225.625000, 87684112.000000, 87684112.000000, -3975526.250000, -3975526.250000
0.050000, 568660.000000, 568660.000000, 86803472.000000, 86803472.000000, -3845507.500000, -3947484.750000
0.100000, 437774.187500, 437774.187500, 85643768.000000, 85643768.000000, -3699013.500000, -3916036.250000
0.150000, 469234.437500, 469234.437500, 84758328.000000, 84758328.000000, -3641849.250000, -3979288.500000
0.200000, 425028.500000, 425028.500000, 83685312.000000, 83685312.000000, -3664160.750000, -4055857.000000
0.250000, 438619.343750, 438619.343750, 82660600.000000, 82660600.000000, -3772982.250000, -4088684.250000
0.300000, 457627.312500, 457627.312500, 81847696.000000, 81847696.000000, -3902645.250000, -4138382.500000
0.350000, 442067.031250, 442067.031250, 81147712.000000, 81147712.000000, -3994626.000000, -4159841.250000
0.400000, 365327.218750, 365327.218750, 80538824.000000, 80538824.000000, -4024243.000000, -4107649.250000
0.450000, 301244.218750, 301244.218750, 80037760.000000, 80037760.000000, -4037394.250000, -4040422.000000
0.500000, 356593.281250, 356593.281250, 79718368.000000, 79718368.000000, -4100587.750000, -3949804.750000
0.550000, 361485.187500, 361485.187500, 79453456.000000, 79453456.000000, -4107109.250000, -3877477.500000
0.600000, 342522.562500, 342522.562500, 79268096.000000, 79268096.000000, -4017295.250000, -3833078.000000
0.650000, 338636.968750, 338636.968750, 79201336.000000, 79201336.000000, -3965204.750000, -3792151.500000
0.700000, 293689.906250, 293689.906250, 79068736.000000, 79068736.000000, -3900090.250000, -3797593.750000
0.750000, 249091.828125, 249091.828125, 78852344.000000, 78852344.000000, -3718182.250000, -3791596.000000
0.800000, 188259.156250, 188259.156250, 78580784.000000, 78580784.000000, -3609102.250000, -3819829.250000
0.850000, 193812.390625, 193812.390625, 78257824.000000, 78257824.000000, -3674641.250000, -3905397.500000
0.900000, 261753.921875, 261753.921875, 77854512.000000, 77854512.000000, -3711648.750000, -3968995.500000
0.950000, 242839.031250, 242839.031250, 77302520.000000, 77302520.000000, -3667736.750000, -4060875.500000
1.000000, 175450.734375, 175450.734375, 76621976.000000, 76621976.000000, -3642340.500000, -4074613.250000
1.050000, 161362.828125, 161362.828125, 75890176.000000, 75890176.000000, -3568224.250000, -4007058.250000
1.100000, 140786.328125, 140786.328125, 75236296.000000, 75236296.000000, -3449293.500000, -4002906.250000
1.150000, 99149.242188, 99149.242188, 74627592.000000, 74627592.000000, -3471132.750000, -3956581.250000
1.200000, 149916.453125, 149916.453125, 74020216.000000, 74020216.000000, -3534117.750000, -3864998.250000
1.250000, 186879.375000, 186879.375000, 73553896.000000, 73553896.000000, -3491127.000000, -3825892.500000
1.300000, 132509.343750, 132509.343750, 73208600.000000, 73208600.000000, -3491932.000000, -3839696.000000
1.350000, 110781.875000, 110781.875000, 72884024.000000, 72884024.000000, -3487986.000000, -3828125.000000
1.400000, 112539.593750, 112539.593750, 72492120.000000, 72492120.000000, -3433389.500000, -3752023.250000
1.450000, 132495.578125, 132495.578125, 72013208.000000, 72013208.000000, -3433104.750000, -3762585.750000
1.500000, 152673.000000, 152673.000000, 71561760.000000, 71561760.000000, -3418404.000000, -3784995.000000
1.550000, 151544.046875, 151544.046875, 71063832.000000, 71063832.000000, -3403074.750000, -3709174.250000
1.600000, 173888.906250, 173888.906250, 70527336.000000, 70527336.000000, -3391404.750000, -3698772.000000
1.650000, 154638.203125, 154638.203125, 70090944.000000, 70090944.000000, -3362829.000000, -3715936.000000
1.700000, 122013.531250, 122013.531250, 69646992.000000, 69646992.000000, -3343894.500000, -3674439.250000
1.750000, 131363.328125, 131363.328125, 69186768.000000, 69186768.000000, -3306606.000000, -3645560.250000
1.800000, 148821.453125, 148821.453125, 68773928.000000, 68773928.000000, -3311994.250000, -3655618.000000
1.850000, 180397.312500, 180397.312500, 68345544.000000, 68345544.000000, -3296968.000000, -3659601.250000
1.900000, 167456.656250, 167456.656250, 67898496.000000, 67898496.000000, -3266964.250000, -3605332.500000
1.950000, 146571.921875, 146571.921875, 67428456.000000, 67428456.000000, -3274234.000000, -3568797.250000
2.000000, 172114.812500, 172114.812500, 66953480.000000, 66953480.000000, -3185183.000000, -3575976.500000
2.050000, 149307.921875, 149307.921875, 66480776.000000, 66480776.000000, -3125896.750000, -3572482.750000
2.100000, 140504.484375, 140504.484375, 65999168.000000, 65999168.000000, -3113306.000000, -3565854.750000
2.150000, 187977.734375, 187977.734375, 65550892.000000, 65550892.000000, -3044436.000000, -3543601.000000
2.200000, 174081.953125, 174081.953125, 65115036.000000, 65115036.000000, -3031364.750000, -3557461.250000
2.250000, 139653.843750, 139653.843750, 64676228.000000, 64676228.000000, -2993877.000000, -3554917.750000
2.300000, 145054.734375, 145054.734375, 64213788.000000, 64213788.000000, -2925048.750000, -3462051.500000
2.350000, 145748.250000, 145748.250000, 63728376.000000, 63728376.000000, -2893823.750000, -3442764.750000
2.400000, 133117.625000, 133117.625000, 63288892.000000, 63288892.000000, -2864422.250000, -3472676.500000
2.450000, 122039.632812, 122039.632812, 62841268.000000, 62841268.000000, -2872174.500000, -3435114.250000
2.500000, 141385.359375, 141385.359375, 62340496.000000, 62340496.000000, -2850458.000000, -3419152.250000
2.550000, 149087.953125, 149087.953125, 61847428.000000, 61847428.000000, -2798907.500000, -3439854.750000
2.600000, 118983.335938, 118983.335938, 61400344.000000, 61400344.000000, -2744954.000000, -3449203.250000
2.650000, 132021.140625, 132021.140625, 60973864.000000, 60973864.000000, -2680342.500000, -3433089.000000
2.700000, 138407.453125, 138407.453125, 60515636.000000, 60515636.000000, -2671423.500000, -3419860.250000
2.750000, 111518.265625, 111518.265625, 60066056.000000, 60066056.000000, -2625735.750000, -3440811.000000
2.800000, 126212.492188, 126212.492188, 59637672.000000, 59637672.000000, -2558236.750000, -3438455.500000
2.850000, 127365.085938, 127365.085938, 59191988.000000, 59191988.000000, -2558832.000000, -3402999.500000
2.900000, 113747.101562, 113747.101562, 58732176.000000, 58732176.000000, -2552353.250000, -3370861.750000
2.950000, 108001.414062, 108001.414062, 58248080.000000, 58248080.000000, -2511167.500000, -3365296.750000
3.000000, 87356.992188, 87356.992188, 57791484.000000, 57791484.000000, -2435408.750000, -3399357.500000
3.050000, 105569.921875, 105569.921875, 57344668.000000, 57344668.000000, -2401170.500000, -3391169.250000
3.100000, 117045.273438, 117045.273438, 56871672.000000, 56871672.000000, -2375546.000000, -3338754.500000
3.150000, 91390.554688, 91390.554688, 56445020.000000, 56445020.000000, -2307192.250000, -3342229.250000
3.200000, 90297.726562, 90297.726562, 56003068.000000, 56003068.000000, -2307551.000000, -3341006.500000
3.250000, 92906.335938, 92906.335938, 55546972.000000, 55546972.000000, -2269055.500000, -3313386.750000
3.300000, 93513.554688, 93513.554688, 55119164.000000, 55119164.000000, -2195188.250000, -3333795.000000
3.350000, 93293.632812, 93293.632812, 54618100.000000, 54618100.000000, -2167487.000000, -3296017.250000
3.400000, 90254.632812, 90254.632812, 54116176.000000, 54116176.000000, -2118203.000000, -3225961.750000
3.450000, 91843.195312, 91843.195312, 53713112.000000, 53713112.000000, -2110824.750000, -3263726.000000
3.500000, 71909.921875, 71909.921875, 53421524.000000, 53421524.000000, -2056568.750000, -3255296.250000
3.550000, 68236.070312, 68236.070312, 53157764.000000, 53157764.000000, -1979849.500000, -3185870.250000
3.600000, 90007.421875, 90007.421875, 52757260.000000, 52757260.000000, -1975339.875000, -3258637.000000
3.650000, 82766.109375, 82766.109375, 52386592.000000, 52386592.000000, -1901888.125000, -3396193.250000
3.700000, 69686.226562, 69686.226562, 52043708.000000, 52043708.000000, -1840141.500000, -3465372.000000
3.750000, 78505.679688, 78505.679688, 51471484.000000, 51471484.000000, -1788263.375000, -3517681.500000
3.800000, 69795.640625, 69795.640625, 50797012.000000, 50797012.000000, -1691868.500000, -3546735.000000
3.850000, 51007.648438, 51007.648438, 50051664.000000, 50051664.000000, -1624518.000000, -3513937.250000
3.900000, 62074.691406, 62074.691406, 49248836.000000, 49248836.000000, -1518280.000000, -3542090.500000
3.950000, 57389.253906, 57389.253906, 48550028.000000, 48550028.000000, -1452468.750000, -3678842.250000
4.000000, 44647.628906, 44647.628906, 47858620.000000, 47858620.000000, -1412377.625000, -3764424.750000
4.050000, 56705.453125, 56705.453125, 47178828.000000, 47178828.000000, -1291556.375000, -3758738.500000
4.100000, 43727.058594, 43727.058594, 46575748.000000, 46575748.000000, -1174377.875000, -3743713.250000
4.150000, 38895.648438, 38895.648438, 46115216.000000, 46115216.000000, -1054287.625000, -3723079.000000
4.200000, 46359.500000, 46359.500000, 45801076.000000, 45801076.000000, -925238.187500, -3699053.000000
4.250000, 36507.269531, 36507.269531, 45423604.000000, 45423604.000000, -790957.687500, -3680156.500000
4.300000, 44926.039062, 44926.039062, 45095652.000000, 45095652.000000, -690630.875000, -3622956.250000
4.350000, 43926.398438, 43926.398438, 44794236.000000, 44794236.000000, -652707.875000, -3549359.750000
4.400000, 34312.246094, 34312.246094, 44198148.000000, 44198148.000000, -518154.250000, -3476805.500000
4.450000, 22350.835938, 22350.835938, 43467532.000000, 43467532.000000, -312912.656250, -3369616.750000
4.500000, 15185.800781, 15185.800781, 42918856.000000, 42918856.000000, -217677.656250, -3342138.500000
4.550000, 30545.339844, 30545.339844, 42555540.000000, 42555540.000000, -205641.078125, -3372299.750000
4.600000, 11639.644531, 11639.644531, 42240712.000000, 42240712.000000, -183051.250000, -3342911.750000
4.650000, 9457.597656, 9457.597656, 41982168.000000, 41982168.000000, -196062.312500, -3370604.750000
4.700000, 34351.625000, 34351.625000, 41624468.000000, 41624468.000000, -223510.406250, -3352905.250000
4.750000, 20880.628906, 20880.628906, 40962816.000000, 40962816.000000, -155982.562500, -3190423.750000
4.800000, 20792.115234, 20792.115234, 40368852.000000, 40368852.000000, -51339.382812, -3061981.000000
4.850000, 16304.678711, 16304.678711, 40004088.000000, 40004088.000000, 38069.031250, -2973641.250000
4.900000, 4976.293457, 4976.293457, 39653848.000000, 39653848.000000, 100385.601562, -2895298.250000
4.950000, 14125.654297, 14125.654297, 39350200.000000, 39350200.000000, 139224.109375, -2793151.750000
5.000000, 4153.048828, 4153.048828, 39042584.000000, 39042584.000000, 184828.000000, -2675448.000000
5.050000, 6958.848633, 6958.848633, 38659148.000000, 38659148.000000, 179059.843750, -2603029.000000
5.100000, 17044.119141, 17044.119141, 38145356.000000, 38145356.000000, 190069.718750, -2475959.250000
5.150000, 3807.395508, 3807.395508, 37473096.000000, 37473096.000000, 248788.156250, -2374597.500000
5.200000, -58.369141, -58.369141, 36798292.000000, 36798292.000000, 186668.593750, -2341569.750000
5.250000, 14150.142578, 14150.142578, 36082952.000000, 36082952.000000, 11674.734375, -2256187.750000
5.300000, 20512.685547, 20512.685547, 35282648.000000, 35282648.000000, -84143.281250, -2180575.500000
5.350000, 3598.561035, 3598.561035, 34495888.000000, 34495888.000000, -75866.843750, -2098495.000000
5.400000, 6396.427734, 6396.427734, 33709784.000000, 33709784.000000, -94379.640625, -2007918.125000
5.450000, 23181.181641, 23181.181641, 33045364.000000, 33045364.000000, -116555.882812, -1950660.875000
5.500000, 10391.665039, 10391.665039, 32609222.000000, 32609222.000000, -143411.828125, -1870135.375000
5.550000, 8540.800781, 8540.800781, 32227124.000000, 32227124.000000, -284574.625000, -1818097.625000
5.600000, 24006.687500, 24006.687500, 31836232.000000, 31836232.000000, -406310.937500, -1795274.625000
5.650000, 20938.287109, 20938.287109, 31554414.000000, 31554414.000000, -370032.656250, -1749273.250000
5.700000, 13286.394531, 13286.394531, 31345644.000000, 31345644.000000, -336950.125000, -1693744.500000
5.750000, 17316.435547, 17316.435547, 31041046.000000, 31041046.000000, -383131.468750, -1662329.125000
5.800000, 21543.656250, 21543.656250, 30594244.000000, 30594244.000000, -374368.781250, -1672224.750000
5.850000, 18294.835938, 18294.835938, 30125858.000000, 30125858.000000, -347834.187500, -1635037.750000
5.900000, 15592.123047, 15592.123047, 29674182.000000, 29674182.000000, -352205.500000, -1564327.750000
5.950000, 15443.099609, 15443.099609, 29200068.000000, 29200068.000000, -327675.812500, -1542447.500000
6.000000, 17100.865234, 17100.865234, 28751994.000000, 28751994.000000, -329931.500000, -1518404.750000
6.050000, 14763.296875, 14763.296875, 28322346.000000, 28322346.000000, -326466.906250, -1467603.875000
6.100000, 9229.948242, 9229.948242, 27877532.000000, 27877532.000000, -302360.156250, -1437198.875000
6.150000, 14076.220703, 14076.220703, 27442738.000000, 27442738.000000, -314795.187500, -1432682.125000
6.200000, 17413.509766, 17413.509766, 27007844.000000, 27007844.000000, -319565.468750, -1376835.250000
6.250000, 12318.453125, 12318.453125, 26553784.000000, 26553784.000000, -330903.125000, -1313167.125000
6.300000, 13160.496094, 13160.496094, 26087710.000000, 26087710.000000, -320979.437500, -1325579.750000
6.350000, 17053.078125, 17053.078125, 25638630.000000, 25638630.000000, -288994.000000, -1300604.875000
6.400000, 12962.965820, 12962.965820, 25194706.000000, 25194706.000000, -274210.250000, -1242732.250000
6.450000, 6699.856934, 6699.856934, 24741900.000000, 24741900.000000, -252196.546875, -1219513.750000
6.500000, 11142.064453, 11142.064453, 24303622.000000, 24303622.000000, -272732.281250, -1190856.125000
6.550000, 14925.572266, 14925.572266, 23877460.000000, 23877460.000000, -271085.937500, -1174567.250000
6.600000, 9089.075195, 9089.075195, 23460408.000000, 23460408.000000, -248979.531250, -1126206.375000
6.650000, 8809.063477, 8809.063477, 22994568.000000, 22994568.000000, -281777.000000, -1058698.375000
6.700000, 13068.352539, 13068.352539, 22482258.000000, 22482258.000000, -256765.031250, -1040147.437500
6.750000, 11298.223633, 11298.223633, 22028974.000000, 22028974.000000, -228575.562500, -1010430.875000
6.800000, 7712.611328, 7712.611328, 21605216.000000, 21605216.000000, -261730.031250, -975070.625000
6.850000, 8207.917969, 8207.917969, 21162768.000000, 21162768.000000, -270253.562500, -950329.375000
6.900000, 10293.400391, 10293.400391, 20722584.000000, 20722584.000000, -251042.031250, -922313.875000
6.950000, 9820.211914, 9820.211914, 20279584.000000, 20279584.000000, -211244.406250, -892818.312500
7.000000, 7433.027344, 7433.027344, 19829776.000000, 19829776.000000, -193157.031250, -838857.312500
7.050000, 6976.706543, 6976.706543, 19371594.000000, 19371594.000000, -193723.875000, -811247.625000
7.100000, 8825.762695, 8825.762695, 18920308.000000, 18920308.000000, -167323.750000, -794096.937500
7.150000, 6328.263672, 6328.263672, 18461962.000000, 18461962.000000, -151151.390625, -741809.250000
7.200000, 2996.703125, 2996.703125, 18006034.000000, 18006034.000000, -155036.781250, -717574.562500
7.250000, 5689.421875, 5689.421875, 17576388.000000, 17576388.000000, -157391.296875, -706627.000000
7.300000, 6452.440918, 6452.440918, 17115330.000000, 17115330.000000, -141106.750000, -681591.500000
7.350000, 4212.383301, 4212.383301, 16652344.000000, 16652344.000000, -118419.203125, -663177.312500
7.400000, 4728.972656, 4728.972656, 16219253.000000, 16219253.000000, -112974.789062, -636898.750000
7.450000, 5465.923340, 5465.923340, 15774738.000000, 15774738.000000, -111497.492188, -610217.750000
7.500000, 3921.718506, 3921.718506, 15331787.000000, 15331787.000000, -108146.648438, -588098.375000
7.550000, 2239.306152, 2239.306152, 14880294.000000, 14880294.000000, -104309.078125, -568894.000000
7.600000, 3590.402344, 3590.402344, 14444419.000000, 14444419.000000, -104421.796875, -555471.125000
7.650000, 4629.221680, 4629.221680, 14003802.000000, 14003802.000000, -94581.765625, -535914.375000
7.700000, 3132.494873, 3132.494873, 13512847.000000, 13512847.000000, -78046.687500, -513078.500000
7.750000, 3342.520752, 3342.520752, 13061371.000000, 13061371.000000, -87112.640625, -479989.875000
7.800000, 3533.793945, 3533.793945, 12623136.000000, 12623136.000000, -84545.382812, -443876.031250
7.850000, 2613.107422, 2613.107422, 12159988.000000, 12159988.000000, -67120.281250, -429406.375000
7.900000, 2507.539795, 2507.539795, 11719705.000000, 11719705.000000, -75888.460938, -411629.031250
7.950000, 2003.829346, 2003.829346, 11268465.000000, 11268465.000000, -78278.312500, -387650.343750
8.000000, 2721.556885, 2721.556885, 10821465.000000, 10821465.000000, -70909.109375, -380234.812500
8.050000, 2683.555420, 2683.555420, 10367129.000000, 10367129.000000, -67754.070312, -357874.750000
8.100000, 997.434265, 997.434265, 9903154.000000, 9903154.000000, -59616.687500, -323555.375000
8.150000, 2502.487305, 2502.487305, 9459291.000000, 9459291.000000, -62081.550781, -304441.937500
8.200000, 3062.517578, 3062.517578, 8985732.000000, 8985732.000000, -57426.738281, -285931.812500
8.250000, 1131.031372, 1131.031372, 8524023.000000, 8524023.000000, -46503.550781, -276596.562500
8.300000, 1271.877686, 1271.877686, 8070596.000000, 8070596.000000, -53063.050781, -267145.562500
8.350000, 1459.286987, 1459.286987, 7612282.500000, 7612282.500000, -50902.484375, -246540.625000
8.400000, 1646.397705, 1646.397705, 7173821.000000, 7173821.000000, -42847.089844, -240843.578125
8.450000, 1658.064209, 1658.064209, 6682150.000000, 6682150.000000, -43027.214844, -228327.640625
8.500000, 573.809570, 573.809570, 6228924.000000, 6228924.000000, -38507.773438, -203309.250000
8.550000, 1470.517700, 1470.517700, 5813263.000000, 5813263.000000, -31377.019531, -189670.390625
8.600000, 2067.119141, 2067.119141, 5330810.000000, 5330810.000000, -24397.359375, -167253.515625
8.650000, 219.578064, 219.578064, 4869366.500000, 4869366.500000, -28167.148438, -134277.421875
8.700000, -28.765366, -28.765366, 4408527.500000, 4408527.500000, -41379.535156, -122579.015625
8.750000, 1871.743408, 1871.743408, 3947253.750000, 3947253.750000, -40089.312500, -129258.437500
8.800000, 1612.435547, 1612.435547, 3476952.750000, 3476952.750000, -24276.042969, -108748.117188
8.850000, -360.675659, -360.675659, 3001212.250000, 3001212.250000, -15298.306641, -79485.164062
8.900000, 374.181702, 374.181702, 2604064.000000, 2604064.000000, -20877.996094, -86474.351562
8.950000, 1355.692505, 1355.692505, 2111091.750000, 2111091.750000, -18816.923828, -76682.835938
9.000000, 69.530640, 69.530640, 1630152.875000, 1630152.875000, -9759.285156, -43895.093750
9.050000, 42.385117, 42.385117, 1292272.000000, 1292272.000000, -16491.921875, -41586.468750
9.100000, 845.253357, 845.253357, 755485.125000, 755485.125000, -19182.068359, -36990.250000
9.150000, 420.472412, 420.472412, 194034.234375, 194034.234375, -6796.679199, -12003.808594
