Time 1XX 1ZZ 2XX 2ZZ 1X2Z 1Z2X 
-9.450000, 0.000000, 0.000000, 0.000000, 0.000000, 0.000000, 0.000000
-9.400000, -822.619141, -822.619141, 202000.218750, 202000.218750, -16692.314453, 9954.835938
-9.350000, -3597.089844, -3597.089844, 785102.125000, 785102.125000, -71411.406250, 39632.863281
-9.300000, -6772.693848, -6772.693848, 1348890.375000, 1348890.375000, -127044.296875, 72299.632812
-9.250000, -7665.771484, -7665.771484, 1724879.000000, 1724879.000000, -142787.078125, 90890.515625
-9.200000, -7990.662109, -7990.662109, 2256651.250000, 2256651.250000, -162127.843750, 112636.750000
-9.150000, -10826.125977, -10826.125977, 2798226.000000, 2798226.000000, -205031.250000, 151040.406250
-9.100000, -12645.449219, -12645.449219, 3244777.000000, 3244777.000000, -231639.500000, 170485.640625
-9.050000, -11469.307617, -11469.307617, 3758414.000000, 3758414.000000, -248212.609375, 178969.656250
-9.000000, -13636.325195, -13636.325195, 4252404.500000, 4252404.500000, -271212.781250, 226347.515625
-8.950000, -18027.955078, -18027.955078, 4753227.500000, 4753227.500000, -297027.875000, 265042.781250
-8.900000, -17853.839844, -17853.839844, 5261407.500000, 5261407.500000, -329070.875000, 274306.937500
-8.850000, -17083.605469, -17083.605469, 5752357.000000, 5752357.000000, -351318.968750, 300812.718750
-8.800000, -20484.730469, -20484.730469, 6262775.000000, 6262775.000000, -375216.562500, 339427.375000
-8.750000, -23362.396484, -23362.396484, 6739577.000000, 6739577.000000, -415281.562500, 365185.625000
-8.700000, -22561.031250, -22561.031250, 7258819.500000, 7258819.500000, -444237.687500, 369022.562500
-8.650000, -24031.992188, -24031.992188, 7783818.000000, 7783818.000000, -477048.312500, 413835.125000
-8.600000, -30345.402344, -30345.402344, 8251698.500000, 8251698.500000, -515593.031250, 474686.062500
-8.550000, -32660.109375, -32660.109375, 8733843.000000, 8733843.000000, -543708.625000, 478069.562500
-8.500000, -31069.253906, -31069.253906, 9207118.000000, 9207118.000000, -581637.437500, 514583.187500
-8.450000, -35221.171875, -35221.171875, 9716815.000000, 9716815.000000, -616747.937500, 564192.750000
-8.400000, -39488.632812, -39488.632812, 10252129.000000, 10252129.000000, -657400.375000, 582851.500000
-8.350000, -39212.378906, -39212.378906, 10748412.000000, 10748412.000000, -689406.312500, 621660.750000
-8.300000, -39606.667969, -39606.667969, 11226945.000000, 11226945.000000, -693608.312500, 639014.062500
-8.250000, -40336.734375, -40336.734375, 11683058.000000, 11683058.000000, -735397.875000, 667949.687500
-8.200000, -45711.937500, -45711.937500, 12185318.000000, 12185318.000000, -790067.375000, 706093.187500
-8.150000, -48615.734375, -48615.734375, 12702645.000000, 12702645.000000, -840563.000000, 710910.125000
-8.100000, -46004.652344, -46004.652344, 13178732.000000, 13178732.000000, -899555.812500, 745654.062500
-8.050000, -52421.367188, -52421.367188, 13683018.000000, 13683018.000000, -905082.125000, 775819.000000
-8.000000, -53492.453125, -53492.453125, 14174241.000000, 14174241.000000, -918179.687500, 798268.437500
-7.950000, -51379.746094, -51379.746094, 14670186.000000, 14670186.000000, -960436.687500, 840654.687500
-7.900000, -57153.042969, -57153.042969, 15179401.000000, 15179401.000000, -984319.937500, 850815.812500
-7.850000, -54928.441406, -54928.441406, 15641715.000000, 15641715.000000, -1023276.000000, 873604.562500
-7.800000, -60077.855469, -60077.855469, 16134458.000000, 16134458.000000, -1052153.750000, 917906.500000
-7.750000, -64232.699219, -64232.699219, 16644532.000000, 16644532.000000, -1085245.625000, 927375.437500
-7.700000, -57765.496094, -57765.496094, 17135546.000000, 17135546.000000, -1120550.000000, 936795.125000
-7.650000, -64087.500000, -64087.500000, 17625380.000000, 17625380.000000, -1135006.125000, 970095.437500
-7.600000, -64959.343750, -64959.343750, 18097442.000000, 18097442.000000, -1178933.625000, 1008972.750000
-7.550000, -67300.695312, -67300.695312, 18596928.000000, 18596928.000000, -1213813.000000, 1037902.812500
-7.500000, -72590.234375, -72590.234375, 19091720.000000, 19091720.000000, -1254046.375000, 1057546.625000
-7.450000, -67802.234375, -67802.234375, 19563736.000000, 19563736.000000, -1303977.750000, 1089584.750000
-7.400000, -78604.093750, -78604.093750, 20063856.000000, 20063856.000000, -1326143.500000, 1117696.875000
-7.350000, -78146.968750, -78146.968750, 20554478.000000, 20554478.000000, -1377392.375000, 1128349.250000
-7.300000, -70819.890625, -70819.890625, 21045016.000000, 21045016.000000, -1401135.750000, 1144192.125000
-7.250000, -80265.828125, -80265.828125, 21543944.000000, 21543944.000000, -1418190.125000, 1168613.000000
-7.200000, -78440.328125, -78440.328125, 22031732.000000, 22031732.000000, -1485639.250000, 1198168.000000
-7.150000, -82568.351562, -82568.351562, 22533166.000000, 22533166.000000, -1523356.875000, 1210034.625000
-7.100000, -82626.523438, -82626.523438, 23020250.000000, 23020250.000000, -1554227.375000, 1212348.500000
-7.050000, -77906.500000, -77906.500000, 23503418.000000, 23503418.000000, -1579048.000000, 1242085.125000
-7.000000, -90477.968750, -90477.968750, 24007082.000000, 24007082.000000, -1621983.750000, 1259806.250000
-6.950000, -86090.375000, -86090.375000, 24478150.000000, 24478150.000000, -1688273.375000, 1268740.625000
-6.900000, -85774.593750, -85774.593750, 24951296.000000, 24951296.000000, -1712831.875000, 1301273.875000
-6.850000, -95069.757812, -95069.757812, 25484880.000000, 25484880.000000, -1768324.250000, 1322012.375000
-6.800000, -92157.890625, -92157.890625, 26008114.000000, 26008114.000000, -1792470.000000, 1336208.375000
-6.750000, -94972.398438, -94972.398438, 26466664.000000, 26466664.000000, -1780304.500000, 1355845.125000
-6.700000, -92156.031250, -92156.031250, 26926658.000000, 26926658.000000, -1838190.000000, 1381314.000000
-6.650000, -98345.398438, -98345.398438, 27447374.000000, 27447374.000000, -1874903.375000, 1412588.500000
-6.600000, -104967.953125, -104967.953125, 27969578.000000, 27969578.000000, -1907330.125000, 1440127.125000
-6.550000, -95848.218750, -95848.218750, 28455398.000000, 28455398.000000, -1943409.250000, 1473489.125000
-6.500000, -103000.382812, -103000.382812, 28938136.000000, 28938136.000000, -1970270.125000, 1485360.500000
-6.450000, -106258.445312, -106258.445312, 29410756.000000, 29410756.000000, -2029971.000000, 1508375.500000
-6.400000, -107165.054688, -107165.054688, 29906942.000000, 29906942.000000, -2044223.250000, 1564651.875000
-6.350000, -111966.898438, -111966.898438, 30407354.000000, 30407354.000000, -2074350.250000, 1584131.250000
-6.300000, -108878.687500, -108878.687500, 30861350.000000, 30861350.000000, -2122068.000000, 1608470.250000
-6.250000, -116563.171875, -116563.171875, 31362808.000000, 31362808.000000, -2143685.000000, 1644829.500000
-6.200000, -112490.359375, -112490.359375, 31886388.000000, 31886388.000000, -2209916.000000, 1649798.375000
-6.150000, -111980.304688, -111980.304688, 32375846.000000, 32375846.000000, -2236931.000000, 1675290.875000
-6.100000, -122681.023438, -122681.023438, 32876242.000000, 32876242.000000, -2241158.750000, 1707225.500000
-6.050000, -113800.085938, -113800.085938, 33345166.000000, 33345166.000000, -2274433.750000, 1723137.125000
-6.000000, -118883.515625, -118883.515625, 33821992.000000, 33821992.000000, -2325812.000000, 1739840.125000
-5.950000, -123906.273438, -123906.273438, 34319352.000000, 34319352.000000, -2388434.250000, 1751011.500000
-5.900000, -116303.687500, -116303.687500, 34799748.000000, 34799748.000000, -2387016.750000, 1762648.500000
-5.850000, -121403.351562, -121403.351562, 35335432.000000, 35335432.000000, -2433251.000000, 1776184.875000
-5.800000, -124715.335938, -124715.335938, 35850144.000000, 35850144.000000, -2498399.500000, 1799965.125000
-5.750000, -130103.406250, -130103.406250, 36297556.000000, 36297556.000000, -2503964.750000, 1826730.125000
-5.700000, -128417.609375, -128417.609375, 36768084.000000, 36768084.000000, -2558619.250000, 1855156.125000
-5.650000, -130448.312500, -130448.312500, 37217192.000000, 37217192.000000, -2560763.500000, 1899627.875000
-5.600000, -144835.406250, -144835.406250, 37561112.000000, 37561112.000000, -2560526.000000, 1972751.250000
-5.550000, -142376.375000, -142376.375000, 37778176.000000, 37778176.000000, -2597500.250000, 2070416.875000
-5.500000, -140002.390625, -140002.390625, 38023892.000000, 38023892.000000, -2598473.500000, 2016403.375000
-5.450000, -119821.031250, -119821.031250, 38483904.000000, 38483904.000000, -2672626.750000, 1754734.000000
-5.400000, -89466.195312, -89466.195312, 39054240.000000, 39054240.000000, -2732550.750000, 1545039.375000
-5.350000, -84367.335938, -84367.335938, 39701968.000000, 39701968.000000, -2807899.750000, 1354543.750000
-5.300000, -68577.242188, -68577.242188, 40559760.000000, 40559760.000000, -2883863.000000, 1081945.625000
-5.250000, -57571.738281, -57571.738281, 41477928.000000, 41477928.000000, -2884977.750000, 952039.875000
-5.200000, -59829.687500, -59829.687500, 42351264.000000, 42351264.000000, -3036151.250000, 854698.625000
-5.150000, -66025.992188, -66025.992188, 43409060.000000, 43409060.000000, -3204745.000000, 700758.500000
-5.100000, -76964.234375, -76964.234375, 44530100.000000, 44530100.000000, -3329607.750000, 664827.500000
-5.050000, -57839.882812, -57839.882812, 45238828.000000, 45238828.000000, -3374855.750000, 518447.437500
-5.000000, -39467.144531, -39467.144531, 45630380.000000, 45630380.000000, -3218393.500000, 262110.812500
-4.950000, -31630.867188, -31630.867188, 46156460.000000, 46156460.000000, -3282836.750000, 123698.609375
-4.900000, -24798.312500, -24798.312500, 46616388.000000, 46616388.000000, -3342609.000000, 3996.476562
-4.850000, -19494.751953, -19494.751953, 46640448.000000, 46640448.000000, -3056649.500000, -64962.246094
-4.800000, 2900.990234, 2900.990234, 46616232.000000, 46616232.000000, -2917452.750000, -121214.320312
-4.750000, -6592.163086, -6592.163086, 46811352.000000, 46811352.000000, -2955859.000000, -200250.968750
-4.700000, -5710.399414, -5710.399414, 46864460.000000, 46864460.000000, -2969260.750000, -212558.109375
-4.650000, 20079.187500, 20079.187500, 46835120.000000, 46835120.000000, -2990479.750000, -255659.328125
-4.600000, -4518.763672, -4518.763672, 46946708.000000, 46946708.000000, -3043098.500000, -222526.562500
-4.550000, -20135.857422, -20135.857422, 47002004.000000, 47002004.000000, -3100333.250000, -43238.265625
-4.500000, -15964.912109, -15964.912109, 47189696.000000, 47189696.000000, -3143422.500000, 43101.125000
-4.450000, -11467.723633, -11467.723633, 47724192.000000, 47724192.000000, -3333128.500000, -52243.632812
-4.400000, -26710.281250, -26710.281250, 48224552.000000, 48224552.000000, -3529916.250000, -35558.097656
-4.350000, -64738.890625, -64738.890625, 48728920.000000, 48728920.000000, -3651877.000000, 130496.859375
-4.300000, -20803.535156, -20803.535156, 49652936.000000, 49652936.000000, -3811314.250000, -10579.187500
-4.250000, 21516.541016, 21516.541016, 50789968.000000, 50789968.000000, -3932431.750000, -209558.375000
-4.200000, 4352.228516, 4352.228516, 51733964.000000, 51733964.000000, -4123303.750000, -220091.531250
-4.150000, 19062.236328, 19062.236328, 52582648.000000, 52582648.000000, -4244851.000000, -337322.437500
-4.100000, 13257.554688, 13257.554688, 53499944.000000, 53499944.000000, -4348619.500000, -343608.156250
-4.050000, -18309.457031, -18309.457031, 54261540.000000, 54261540.000000, -4670075.500000, -346866.843750
-4.000000, -31454.882812, -31454.882812, 54806376.000000, 54806376.000000, -4834861.000000, -472413.250000
-3.950000, -37329.898438, -37329.898438, 55337980.000000, 55337980.000000, -4985639.000000, -473633.593750
-3.900000, -41347.933594, -41347.933594, 55727504.000000, 55727504.000000, -5229647.500000, -540189.437500
-3.850000, -40580.464844, -40580.464844, 55907696.000000, 55907696.000000, -5146339.000000, -609510.375000
-3.800000, -23217.390625, -23217.390625, 56183160.000000, 56183160.000000, -4987930.500000, -635774.125000
-3.750000, -16687.740234, -16687.740234, 56650800.000000, 56650800.000000, -4964466.500000, -702357.125000
-3.700000, -29221.490234, -29221.490234, 57144312.000000, 57144312.000000, -4958143.000000, -698238.625000
-3.650000, -42040.035156, -42040.035156, 57593160.000000, 57593160.000000, -4925903.500000, -760175.250000
-3.600000, -26700.287109, -26700.287109, 58069968.000000, 58069968.000000, -4863400.000000, -793415.312500
-3.550000, -10001.882812, -10001.882812, 58604948.000000, 58604948.000000, -4896515.500000, -780636.625000
-3.500000, -3320.704102, -3320.704102, 59106472.000000, 59106472.000000, -4914724.000000, -881677.875000
-3.450000, 43756.078125, 43756.078125, 59551548.000000, 59551548.000000, -4886168.000000, -920645.250000
-3.400000, 12570.089844, 12570.089844, 60023692.000000, 60023692.000000, -4897863.000000, -919947.687500
-3.350000, -38513.992188, -38513.992188, 60528068.000000, 60528068.000000, -4873097.500000, -947008.187500
-3.300000, 28085.050781, 28085.050781, 61032016.000000, 61032016.000000, -4865546.000000, -1002551.687500
-3.250000, 41504.843750, 41504.843750, 61537604.000000, 61537604.000000, -4842456.500000, -1075149.750000
-3.200000, 15724.181641, 15724.181641, 62017300.000000, 62017300.000000, -4807642.000000, -1046248.875000
-3.150000, 33293.660156, 33293.660156, 62513652.000000, 62513652.000000, -4803271.500000, -1092613.000000
-3.100000, 68101.156250, 68101.156250, 63038024.000000, 63038024.000000, -4769957.000000, -1202741.250000
-3.050000, 107302.414062, 107302.414062, 63512592.000000, 63512592.000000, -4788252.000000, -1207685.750000
-3.000000, 92956.593750, 92956.593750, 64001044.000000, 64001044.000000, -4766890.000000, -1248182.375000
-2.950000, 108849.734375, 108849.734375, 64508868.000000, 64508868.000000, -4687306.500000, -1309421.375000
-2.900000, 115230.515625, 115230.515625, 64969816.000000, 64969816.000000, -4675532.000000, -1362653.000000
-2.850000, 82886.984375, 82886.984375, 65467148.000000, 65467148.000000, -4640245.000000, -1410498.000000
-2.800000, 105852.343750, 105852.343750, 65997640.000000, 65997640.000000, -4612680.000000, -1407469.875000
-2.750000, 99070.601562, 99070.601562, 66496308.000000, 66496308.000000, -4592107.000000, -1446435.250000
-2.700000, 108934.101562, 108934.101562, 66968272.000000, 66968272.000000, -4533800.500000, -1490981.500000
-2.650000, 107827.695312, 107827.695312, 67414408.000000, 67414408.000000, -4502522.500000, -1508595.625000
-2.600000, 83341.906250, 83341.906250, 67911376.000000, 67911376.000000, -4473717.500000, -1517798.875000
-2.550000, 136909.000000, 136909.000000, 68478352.000000, 68478352.000000, -4486720.000000, -1536804.375000
-2.500000, 119324.031250, 119324.031250, 68984216.000000, 68984216.000000, -4477197.000000, -1617174.750000
-2.450000, 120833.906250, 120833.906250, 69422256.000000, 69422256.000000, -4419978.500000, -1636428.625000
-2.400000, 159263.687500, 159263.687500, 69901888.000000, 69901888.000000, -4438743.500000, -1637984.125000
-2.350000, 118666.664062, 118666.664062, 70400696.000000, 70400696.000000, -4429768.500000, -1689994.125000
-2.300000, 164943.328125, 164943.328125, 70856048.000000, 70856048.000000, -4404132.000000, -1697149.000000
-2.250000, 189965.328125, 189965.328125, 71339728.000000, 71339728.000000, -4422283.500000, -1781101.750000
-2.200000, 147957.156250, 147957.156250, 71882760.000000, 71882760.000000, -4388297.500000, -1876105.875000
-2.150000, 141329.156250, 141329.156250, 72395912.000000, 72395912.000000, -4351181.500000, -1872373.625000
-2.100000, 165223.468750, 165223.468750, 72886792.000000, 72886792.000000, -4352707.500000, -1938877.125000
-2.050000, 231880.218750, 231880.218750, 73364000.000000, 73364000.000000, -4362783.500000, -1991570.000000
-2.000000, 202472.500000, 202472.500000, 73821224.000000, 73821224.000000, -4333589.000000, -1991110.625000
-1.950000, 215911.609375, 215911.609375, 74357216.000000, 74357216.000000, -4300726.500000, -2102968.000000
-1.900000, 277527.031250, 277527.031250, 74867792.000000, 74867792.000000, -4308198.000000, -2196905.000000
-1.850000, 224997.734375, 224997.734375, 75289616.000000, 75289616.000000, -4266885.500000, -2183866.250000
-1.800000, 267730.000000, 267730.000000, 75798904.000000, 75798904.000000, -4248369.000000, -2218802.500000
-1.750000, 260944.171875, 260944.171875, 76346072.000000, 76346072.000000, -4230209.000000, -2300199.500000
-1.700000, 204473.546875, 204473.546875, 76855304.000000, 76855304.000000, -4157611.250000, -2343038.750000
-1.650000, 240426.921875, 240426.921875, 77346552.000000, 77346552.000000, -4163244.000000, -2359841.500000
-1.600000, 202648.578125, 202648.578125, 77810200.000000, 77810200.000000, -4133371.000000, -2357854.250000
-1.550000, 247460.046875, 247460.046875, 78300248.000000, 78300248.000000, -4074266.000000, -2362606.250000
-1.500000, 271455.812500, 271455.812500, 78771784.000000, 78771784.000000, -4083390.000000, -2404600.500000
-1.450000, 230112.796875, 230112.796875, 79209264.000000, 79209264.000000, -4057832.750000, -2428559.250000
-1.400000, 260741.750000, 260741.750000, 79622656.000000, 79622656.000000, -4025690.500000, -2414158.750000
-1.350000, 205091.218750, 205091.218750, 79981336.000000, 79981336.000000, -3965383.250000, -2406376.000000
-1.300000, 262146.781250, 262146.781250, 80394704.000000, 80394704.000000, -3932225.000000, -2468940.750000
-1.250000, 359876.531250, 359876.531250, 80976544.000000, 80976544.000000, -3988341.750000, -2733600.500000
-1.200000, 398548.250000, 398548.250000, 81753896.000000, 81753896.000000, -4035698.250000, -3048138.250000
-1.150000, 442206.937500, 442206.937500, 82497912.000000, 82497912.000000, -4096059.250000, -3079424.500000
-1.100000, 341715.218750, 341715.218750, 83119584.000000, 83119584.000000, -4123798.000000, -3060514.500000
-1.050000, 433838.812500, 433838.812500, 83898096.000000, 83898096.000000, -4189367.750000, -3180876.500000
-1.000000, 422405.531250, 422405.531250, 84633104.000000, 84633104.000000, -4239850.000000, -3120087.750000
-0.950000, 148852.406250, 148852.406250, 85079672.000000, 85079672.000000, -4049809.500000, -2981499.000000
-0.900000, 205319.562500, 205319.562500, 85453664.000000, 85453664.000000, -3873563.750000, -2978977.750000
-0.850000, 197638.937500, 197638.937500, 85800864.000000, 85800864.000000, -3766914.750000, -2933559.250000
-0.800000, 143937.765625, 143937.765625, 86074664.000000, 86074664.000000, -3561211.000000, -2866776.000000
-0.750000, 269825.812500, 269825.812500, 86270112.000000, 86270112.000000, -3364825.250000, -2862737.000000
-0.700000, 226039.968750, 226039.968750, 86443512.000000, 86443512.000000, -3230763.500000, -2793483.750000
-0.650000, 205295.890625, 205295.890625, 86605560.000000, 86605560.000000, -3195361.500000, -2606161.750000
-0.600000, 212493.531250, 212493.531250, 86709488.000000, 86709488.000000, -3138845.750000, -2471048.500000
-0.550000, 269711.781250, 269711.781250, 86956888.000000, 86956888.000000, -3075690.500000, -2476538.500000
-0.500000, 358633.718750, 358633.718750, 87328976.000000, 87328976.000000, -3213582.000000, -2482030.750000
-0.450000, 374928.375000, 374928.375000, 87758144.000000, 87758144.000000, -3393151.000000, -2510387.250000
-0.400000, 454986.468750, 454986.468750, 88387288.000000, 88387288.000000, -3506338.750000, -2583453.750000
-0.350000, 417951.718750, 417951.718750, 89088392.000000, 89088392.000000, -3622647.000000, -2634503.500000
-0.300000, 502712.218750, 502712.218750, 89857984.000000, 89857984.000000, -3745215.750000, -2755900.500000
-0.250000, 595330.687500, 595330.687500, 90893320.000000, 90893320.000000, -3802268.500000, -3027052.750000
-0.200000, 607058.625000, 607058.625000, 92173904.000000, 92173904.000000, -3780194.750000, -3458874.750000
-0.150000, 848451.437500, 848451.437500, 93238600.000000, 93238600.000000, -3792579.250000, -3704064.250000
-0.100000, 796733.750000, 796733.750000, 94032408.000000, 94032408.000000, -3804488.000000, -3706711.750000
-0.050000, 1043668.812500, 1043668.812500, 95347256.000000, 95347256.000000, -4013992.250000, -4038703.000000
0.000000, 1493293.000000, 1493293.000000, 96366144.000000, 96366144.000000, -4302546.500000, -4302546.500000
0.050000, 1043668.812500, 1043668.812500, 95347256.000000, 95347256.000000, -4038703.000000, -4013992.250000
0.100000, 796733.750000, 796733.750000, 94032408.000000, 94032408.000000, -3706711.750000, -3804488.000000
0.150000, 848451.437500, 848451.437500, 93238600.000000, 93238600.000000, -3704064.250000, -3792579.250000
0.200000, 607058.625000, 607058.625000, 92173904.000000, 92173904.000000, -3458874.750000, -3780194.750000
0.250000, 595330.687500, 595330.687500, 90893320.000000, 90893320.000000, -3027052.750000, -3802268.500000
0.300000, 502712.218750, 502712.218750, 89857984.000000, 89857984.000000, -2755900.500000, -3745215.750000
0.350000, 417951.718750, 417951.718750, 89088392.000000, 89088392.000000, -2634503.500000, -3622647.000000
0.400000, 454986.468750, 454986.468750, 88387288.000000, 88387288.000000, -2583453.750000, -3506338.750000
0.450000, 374928.375000, 374928.375000, 87758144.000000, 87758144.000000, -2510387.250000, -3393151.000000
0.500000, 358633.718750, 358633.718750, 87328976.000000, 87328976.000000, -2482030.750000, -3213582.000000
0.550000, 269711.781250, 269711.781250, 86956888.000000, 86956888.000000, -2476538.500000, -3075690.500000
0.600000, 212493.531250, 212493.531250, 86709488.000000, 86709488.000000, -2471048.500000, -3138845.750000
0.650000, 205295.890625, 205295.890625, 86605560.000000, 86605560.000000, -2606161.750000, -3195361.500000
0.700000, 226039.968750, 226039.968750, 86443512.000000, 86443512.000000, -2793483.750000, -3230763.500000
0.750000, 269825.812500, 269825.812500, 86270112.000000, 86270112.000000, -2862737.000000, -3364825.250000
0.800000, 143937.765625, 143937.765625, 86074664.000000, 86074664.000000, -2866776.000000, -3561211.000000
0.850000, 197638.937500, 197638.937500, 85800864.000000, 85800864.000000, -2933559.250000, -3766914.750000
0.900000, 205319.562500, 205319.562500, 85453664.000000, 85453664.000000, -2978977.750000, -3873563.750000
0.950000, 148852.406250, 148852.406250, 85079672.000000, 85079672.000000, -2981499.000000, -4049809.500000
1.000000, 422405.531250, 422405.531250, 84633104.000000, 84633104.000000, -3120087.750000, -4239850.000000
1.050000, 433838.812500, 433838.812500, 83898096.000000, 83898096.000000, -3180876.500000, -4189367.750000
1.100000, 341715.218750, 341715.218750, 83119584.000000, 83119584.000000, -3060514.500000, -4123798.000000
1.150000, 442206.937500, 442206.937500, 82497912.000000, 82497912.000000, -3079424.500000, -4096059.250000
1.200000, 398548.250000, 398548.250000, 81753896.000000, 81753896.000000, -3048138.250000, -4035698.250000
1.250000, 359876.531250, 359876.531250, 80976544.000000, 80976544.000000, -2733600.500000, -3988341.750000
1.300000, 262146.781250, 262146.781250, 80394704.000000, 80394704.000000, -2468940.750000, -3932225.000000
1.350000, 205091.218750, 205091.218750, 79981336.000000, 79981336.000000, -2406376.000000, -3965383.250000
1.400000, 260741.750000, 260741.750000, 79622656.000000, 79622656.000000, -2414158.750000, -4025690.500000
1.450000, 230112.796875, 230112.796875, 79209264.000000, 79209264.000000, -2428559.250000, -4057832.750000
1.500000, 271455.812500, 271455.812500, 78771784.000000, 78771784.000000, -2404600.500000, -4083390.000000
1.550000, 247460.046875, 247460.046875, 78300248.000000, 78300248.000000, -2362606.250000, -4074266.000000
1.600000, 202648.578125, 202648.578125, 77810200.000000, 77810200.000000, -2357854.250000, -4133371.000000
1.650000, 240426.921875, 240426.921875, 77346552.000000, 77346552.000000, -2359841.500000, -4163244.000000
1.700000, 204473.546875, 204473.546875, 76855304.000000, 76855304.000000, -2343038.750000, -4157611.250000
1.750000, 260944.171875, 260944.171875, 76346072.000000, 76346072.000000, -2300199.500000, -4230209.000000
1.800000, 267730.000000, 267730.000000, 75798904.000000, 75798904.000000, -2218802.500000, -4248369.000000
1.850000, 224997.734375, 224997.734375, 75289616.000000, 75289616.000000, -2183866.250000, -4266885.500000
1.900000, 277527.031250, 277527.031250, 74867792.000000, 74867792.000000, -2196905.000000, -4308198.000000
1.950000, 215911.609375, 215911.609375, 74357216.000000, 74357216.000000, -2102968.000000, -4300726.500000
2.000000, 202472.500000, 202472.500000, 73821224.000000, 73821224.000000, -1991110.625000, -4333589.000000
2.050000, 231880.218750, 231880.218750, 73364000.000000, 73364000.000000, -1991570.000000, -4362783.500000
2.100000, 165223.468750, 165223.468750, 72886792.000000, 72886792.000000, -1938877.125000, -4352707.500000
2.150000, 141329.156250, 141329.156250, 72395912.000000, 72395912.000000, -1872373.625000, -4351181.500000
2.200000, 147957.156250, 147957.156250, 71882760.000000, 71882760.000000, -1876105.875000, -4388297.500000
2.250000, 189965.328125, 189965.328125, 71339728.000000, 71339728.000000, -1781101.750000, -4422283.500000
2.300000, 164943.328125, 164943.328125, 70856048.000000, 70856048.000000, -1697149.000000, -4404132.000000
2.350000, 118666.664062, 118666.664062, 70400696.000000, 70400696.000000, -1689994.125000, -4429768.500000
2.400000, 159263.687500, 159263.687500, 69901888.000000, 69901888.000000, -1637984.125000, -4438743.500000
2.450000, 120833.906250, 120833.906250, 69422256.000000, 69422256.000000, -1636428.625000, -4419978.500000
2.500000, 119324.031250, 119324.031250, 68984216.000000, 68984216.000000, -1617174.750000, -4477197.000000
2.550000, 136909.000000, 136909.000000, 68478352.000000, 68478352.000000, -1536804.375000, -4486720.000000
2.600000, 83341.906250, 83341.906250, 67911376.000000, 67911376.000000, -1517798.875000, -4473717.500000
2.650000, 107827.695312, 107827.695312, 67414408.000000, 67414408.000000, -1508595.625000, -4502522.500000
2.700000, 108934.101562, 108934.101562, 66968272.000000, 66968272.000000, -1490981.500000, -4533800.500000
2.750000, 99070.601562, 99070.601562, 66496308.000000, 66496308.000000, -1446435.250000, -4592107.000000
2.800000, 105852.343750, 105852.343750, 65997640.000000, 65997640.000000, -1407469.875000, -4612680.000000
2.850000, 82886.984375, 82886.984375, 65467148.000000, 65467148.000000, -1410498.000000, -4640245.000000
2.900000, 115230.515625, 115230.515625, 64969816.000000, 64969816.000000, -1362653.000000, -4675532.000000
2.950000, 108849.734375, 108849.734375, 64508868.000000, 64508868.000000, -1309421.375000, -4687306.500000
3.000000, 92956.593750, 92956.593750, 64001044.000000, 64001044.000000, -1248182.375000, -4766890.000000
3.050000, 107302.414062, 107302.414062, 63512592.000000, 63512592.000000, -1207685.750000, -4788252.000000
3.100000, 68101.156250, 68101.156250, 63038024.000000, 63038024.000000, -1202741.250000, -4769957.000000
3.150000, 33293.660156, 33293.660156, 62513652.000000, 62513652.000000, -1092613.000000, -4803271.500000
3.200000, 15724.181641, 15724.181641, 62017300.000000, 62017300.000000, -1046248.875000, -4807642.000000
3.250000, 41504.843750, 41504.843750, 61537604.000000, 61537604.000000, -1075149.750000, -4842456.500000
3.300000, 28085.050781, 28085.050781, 61032016.000000, 61032016.000000, -1002551.687500, -4865546.000000
3.350000, -38513.992188, -38513.992188, 60528068.000000, 60528068.000000, -947008.187500, -4873097.500000
3.400000, 12570.089844, 12570.089844, 60023692.000000, 60023692.000000, -919947.687500, -4897863.000000
3.450000, 43756.078125, 43756.078125, 59551548.000000, 59551548.000000, -920645.250000, -4886168.000000
3.500000, -3320.704102, -3320.704102, 59106472.000000, 59106472.000000, -881677.875000, -4914724.000000
3.550000, -10001.882812, -10001.882812, 58604948.000000, 58604948.000000, -780636.625000, -4896515.500000
3.600000, -26700.287109, -26700.287109, 58069968.000000, 58069968.000000, -793415.312500, -4863400.000000
3.650000, -42040.035156, -42040.035156, 57593160.000000, 57593160.000000, -760175.250000, -4925903.500000
3.700000, -29221.490234, -29221.490234, 57144312.000000, 57144312.000000, -698238.625000, -4958143.000000
3.750000, -16687.740234, -16687.740234, 56650800.000000, 56650800.000000, -702357.125000, -4964466.500000
3.800000, -23217.390625, -23217.390625, 56183160.000000, 56183160.000000, -635774.125000, -4987930.500000
3.850000, -40580.464844, -40580.464844, 55907696.000000, 55907696.000000, -609510.375000, -5146339.000000
3.900000, -41347.933594, -41347.933594, 55727504.000000, 55727504.000000, -540189.437500, -5229647.500000
3.950000, -37329.898438, -37329.898438, 55337980.000000, 55337980.000000, -473633.593750, -4985639.000000
4.000000, -31454.882812, -31454.882812, 54806376.000000, 54806376.000000, -472413.250000, -4834861.000000
4.050000, -18309.457031, -18309.457031, 54261540.000000, 54261540.000000, -346866.843750, -4670075.500000
4.100000, 13257.554688, 13257.554688, 53499944.000000, 53499944.000000, -343608.156250, -4348619.500000
4.150000, 19062.236328, 19062.236328, 52582648.000000, 52582648.000000, -337322.437500, -4244851.000000
4.200000, 4352.228516, 4352.228516, 51733964.000000, 51733964.000000, -220091.531250, -4123303.750000
4.250000, 21516.541016, 21516.541016, 50789968.000000, 50789968.000000, -209558.375000, -3932431.750000
4.300000, -20803.535156, -20803.535156, 49652936.000000, 49652936.000000, -10579.187500, -3811314.250000
4.350000, -64738.890625, -64738.890625, 48728920.000000, 48728920.000000, 130496.859375, -3651877.000000
4.400000, -26710.281250, -26710.281250, 48224552.000000, 48224552.000000, -35558.097656, -3529916.250000
4.450000, -11467.723633, -11467.723633, 47724192.000000, 47724192.000000, -52243.632812, -3333128.500000
4.500000, -15964.912109, -15964.912109, 47189696.000000, 47189696.000000, 43101.125000, -3143422.500000
4.550000, -20135.857422, -20135.857422, 47002004.000000, 47002004.000000, -43238.265625, -3100333.250000
4.600000, -4518.763672, -4518.763672, 46946708.000000, 46946708.000000, -222526.562500, -3043098.500000
4.650000, 20079.187500, 20079.187500, 46835120.000000, 46835120.000000, -255659.328125, -2990479.750000
4.700000, -5710.399414, -5710.399414, 46864460.000000, 46864460.000000, -212558.109375, -2969260.750000
4.750000, -6592.163086, -6592.163086, 46811352.000000, 46811352.000000, -200250.968750, -2955859.000000
4.800000, 2900.990234, 2900.990234, 46616232.000000, 46616232.000000, -121214.320312, -2917452.750000
4.850000, -19494.751953, -19494.751953, 46640448.000000, 46640448.000000, -64962.246094, -3056649.500000
4.900000, -24798.312500, -24798.312500, 46616388.000000, 46616388.000000, 3996.476562, -3342609.000000
4.950000, -31630.867188, -31630.867188, 46156460.000000, 46156460.000000, 123698.609375, -3282836.750000
5.000000, -39467.144531, -39467.144531, 45630380.000000, 45630380.000000, 262110.812500, -3218393.500000
5.050000, -57839.882812, -57839.882812, 45238828.000000, 45238828.000000, 518447.437500, -3374855.750000
5.100000, -76964.234375, -76964.234375, 44530100.000000, 44530100.000000, 664827.500000, -3329607.750000
5.150000, -66025.992188, -66025.992188, 43409060.000000, 43409060.000000, 700758.500000, -3204745.000000
5.200000, -59829.687500, -59829.687500, 42351264.000000, 42351264.000000, 854698.625000, -3036151.250000
5.250000, -57571.738281, -57571.738281, 41477928.000000, 41477928.000000, 952039.875000, -2884977.750000
5.300000, -68577.242188, -68577.242188, 40559760.000000, 40559760.000000, 1081945.625000, -2883863.000000
5.350000, -84367.335938, -84367.335938, 39701968.000000, 39701968.000000, 1354543.750000, -2807899.750000
5.400000, -89466.195312, -89466.195312, 39054240.000000, 39054240.000000, 1545039.375000, -2732550.750000
5.450000, -119821.031250, -119821.031250, 38483904.000000, 38483904.000000, 1754734.000000, -2672626.750000
5.500000, -140002.390625, -140002.390625, 38023892.000000, 38023892.000000, 2016403.375000, -2598473.500000
5.550000, -142376.375000, -142376.375000, 37778176.000000, 37778176.000000, 2070416.875000, -2597500.250000
5.600000, -144835.406250, -144835.406250, 37561112.000000, 37561112.000000, 1972751.250000, -2560526.000000
5.650000, -130448.312500, -130448.312500, 37217192.000000, 37217192.000000, 1899627.875000, -2560763.500000
5.700000, -128417.609375, -128417.609375, 36768084.000000, 36768084.000000, 1855156.125000, -2558619.250000
5.750000, -130103.406250, -130103.406250, 36297556.000000, 36297556.000000, 1826730.125000, -2503964.750000
5.800000, -124715.335938, -124715.335938, 35850144.000000, 35850144.000000, 1799965.125000, -2498399.500000
5.850000, -121403.351562, -121403.351562, 35335432.000000, 35335432.000000, 1776184.875000, -2433251.000000
5.900000, -116303.687500, -116303.687500, 34799748.000000, 34799748.000000, 1762648.500000, -2387016.750000
5.950000, -123906.273438, -123906.273438, 34319352.000000, 34319352.000000, 1751011.500000, -2388434.250000
6.000000, -118883.515625, -118883.515625, 33821992.000000, 33821992.000000, 1739840.125000, -2325812.000000
6.050000, -113800.085938, -113800.085938, 33345166.000000, 33345166.000000, 1723137.125000, -2274433.750000
6.100000, -122681.023438, -122681.023438, 32876242.000000, 32876242.000000, 1707225.500000, -2241158.750000
6.150000, -111980.304688, -111980.304688, 32375846.000000, 32375846.000000, 1675290.875000, -2236931.000000
6.200000, -112490.359375, -112490.359375, 31886388.000000, 31886388.000000, 1649798.375000, -2209916.000000
6.250000, -116563.171875, -116563.171875, 31362808.000000, 31362808.000000, 1644829.500000, -2143685.000000
6.300000, -108878.687500, -108878.687500, 30861350.000000, 30861350.000000, 1608470.250000, -2122068.000000
6.350000, -111966.898438, -111966.898438, 30407354.000000, 30407354.000000, 1584131.250000, -2074350.250000
6.400000, -107165.054688, -107165.054688, 29906942.000000, 29906942.000000, 1564651.875000, -2044223.250000
6.450000, -106258.445312, -106258.445312, 29410756.000000, 29410756.000000, 1508375.500000, -2029971.000000
6.500000, -103000.382812, -103000.382812, 28938136.000000, 28938136.000000, 1485360.500000, -1970270.125000
6.550000, -95848.218750, -95848.218750, 28455398.000000, 28455398.000000, 1473489.125000, -1943409.250000
6.600000, -104967.953125, -104967.953125, 27969578.000000, 27969578.000000, 1440127.125000, -1907330.125000
6.650000, -98345.398438, -98345.398438, 27447374.000000, 27447374.000000, 1412588.500000, -1874903.375000
6.700000, -92156.031250, -92156.031250, 26926658.000000, 26926658.000000, 1381314.000000, -1838190.000000
6.750000, -94972.398438, -94972.398438, 26466664.000000, 26466664.000000, 1355845.125000, -1780304.500000
6.800000, -92157.890625, -92157.890625, 26008114.000000, 26008114.000000, 1336208.375000, -1792470.000000
6.850000, -95069.757812, -95069.757812, 25484880.000000, 25484880.000000, 1322012.375000, -1768324.250000
6.900000, -85774.593750, -85774.593750, 24951296.000000, 24951296.000000, 1301273.875000, -1712831.875000
6.950000, -86090.375000, -86090.375000, 24478150.000000, 24478150.000000, 1268740.625000, -1688273.375000
7.000000, -90477.968750, -90477.968750, 24007082.000000, 24007082.000000, 1259806.250000, -1621983.750000
7.050000, -77906.500000, -77906.500000, 23503418.000000, 23503418.000000, 1242085.125000, -1579048.000000
7.100000, -82626.523438, -82626.523438, 23020250.000000, 23020250.000000, 1212348.500000, -1554227.375000
7.150000, -82568.351562, -82568.351562, 22533166.000000, 22533166.000000, 1210034.625000, -1523356.875000
7.200000, -78440.328125, -78440.328125, 22031732.000000, 22031732.000000, 1198168.000000, -1485639.250000
7.250000, -80265.828125, -80265.828125, 21543944.000000, 21543944.000000, 1168613.000000, -1418190.125000
7.300000, -70819.890625, -70819.890625, 21045016.000000, 21045016.000000, 1144192.125000, -1401135.750000
7.350000, -78146.968750, -78146.968750, 20554478.000000, 20554478.000000, 1128349.250000, -1377392.375000
7.400000, -78604.093750, -78604.093750, 20063856.000000, 20063856.000000, 1117696.875000, -1326143.500000
7.450000, -67802.234375, -67802.234375, 19563736.000000, 19563736.000000, 1089584.750000, -1303977.750000
7.500000, -72590.234375, -72590.234375, 19091720.000000, 19091720.000000, 1057546.625000, -1254046.375000
7.550000, -67300.695312, -67300.695312, 18596928.000000, 18596928.000000, 1037902.812500, -1213813.000000
7.600000, -64959.343750, -64959.343750, 18097442.000000, 18097442.000000, 1008972.750000, -1178933.625000
7.650000, -64087.500000, -64087.500000, 17625380.000000, 17625380.000000, 970095.437500, -1135006.125000
7.700000, -57765.496094, -57765.496094, 17135546.000000, 17135546.000000, 936795.125000, -1120550.000000
7.750000, -64232.699219, -64232.699219, 16644532.000000, 16644532.000000, 927375.437500, -1085245.625000
7.800000, -60077.855469, -60077.855469, 16134458.000000, 16134458.000000, 917906.500000, -1052153.750000
7.850000, -54928.441406, -54928.441406, 15641715.000000, 15641715.000000, 873604.562500, -1023276.000000
7.900000, -57153.042969, -57153.042969, 15179401.000000, 15179401.000000, 850815.812500, -984319.937500
7.950000, -51379.746094, -51379.746094, 14670186.000000, 14670186.000000, 840654.687500, -960436.687500
8.000000, -53492.453125, -53492.453125, 14174241.000000, 14174241.000000, 798268.437500, -918179.687500
8.050000, -52421.367188, -52421.367188, 13683018.000000, 13683018.000000, 775819.000000, -905082.125000
8.100000, -46004.652344, -46004.652344, 13178732.000000, 13178732.000000, 745654.062500, -899555.812500
8.150000, -48615.734375, -48615.734375, 12702645.000000, 12702645.000000, 710910.125000, -840563.000000
8.200000, -45711.937500, -45711.937500, 12185318.000000, 12185318.000000, 706093.187500, -790067.375000
8.250000, -40336.734375, -40336.734375, 11683058.000000, 11683058.000000, 667949.687500, -735397.875000
8.300000, -39606.667969, -39606.667969, 11226945.000000, 11226945.000000, 639014.062500, -693608.312500
8.350000, -39212.378906, -39212.378906, 10748412.000000, 10748412.000000, 621660.750000, -689406.312500
8.400000, -39488.632812, -39488.632812, 10252129.000000, 10252129.000000, 582851.500000, -657400.375000
8.450000, -35221.171875, -35221.171875, 9716815.000000, 9716815.000000, 564192.750000, -616747.937500
8.500000, -31069.253906, -31069.253906, 9207118.000000, 9207118.000000, 514583.187500, -581637.437500
8.550000, -32660.109375, -32660.109375, 8733843.000000, 8733843.000000, 478069.562500, -543708.625000
8.600000, -30345.402344, -30345.402344, 8251698.500000, 8251698.500000, 474686.062500, -515593.031250
8.650000, -24031.992188, -24031.992188, 7783818.000000, 7783818.000000, 413835.125000, -477048.312500
8.700000, -22561.031250, -22561.031250, 7258819.500000, 7258819.500000, 369022.562500, -444237.687500
8.750000, -23362.396484, -23362.396484, 6739577.000000, 6739577.000000, 365185.625000, -415281.562500
8.800000, -20484.730469, -20484.730469, 6262775.000000, 6262775.000000, 339427.375000, -375216.562500
8.850000, -17083.605469, -17083.605469, 5752357.000000, 5752357.000000, 300812.718750, -351318.968750
8.900000, -17853.839844, -17853.839844, 5261407.500000, 5261407.500000, 274306.937500, -329070.875000
8.950000, -18027.955078, -18027.955078, 4753227.500000, 4753227.500000, 265042.781250, -297027.875000
9.000000, -13636.325195, -13636.325195, 4252404.500000, 4252404.500000, 226347.515625, -271212.781250
9.050000, -11469.307617, -11469.307617, 3758414.000000, 3758414.000000, 178969.656250, -248212.609375
9.100000, -12645.449219, -12645.449219, 3244777.000000, 3244777.000000, 170485.640625, -231639.500000
9.150000, -10826.125977, -10826.125977, 2798226.000000, 2798226.000000, 151040.406250, -205031.250000
9.200000, -7990.662109, -7990.662109, 2256651.250000, 2256651.250000, 112636.750000, -162127.843750
9.250000, -7665.771484, -7665.771484, 1724879.000000, 1724879.000000, 90890.515625, -142787.078125
9.300000, -6772.693848, -6772.693848, 1348890.375000, 1348890.375000, 72299.632812, -127044.296875
9.350000, -3597.089844, -3597.089844, 785102.125000, 785102.125000, 39632.863281, -71411.406250
9.400000, -822.619141, -822.619141, 202000.218750, 202000.218750, 9954.835938, -16692.314453
