Peak-Trough-X-1000.0
-4.100000,  1214752.000000
-3.750000,  -1795357.625000 
-3.450000,  1688672.500000
-1.600000,  -41870.191406 
-1.400000,  3140940.500000
-1.100000,  -4687978.500000 
-0.750000,  10058906.000000
-0.450000,  -10908686.000000 
-0.150000,  10165039.000000
0.150000,  -6691176.500000 
0.450000,  4996992.500000
0.700000,  -1111852.750000 
0.950000,  1245888.125000
1.200000,  163401.281250 
4.800000,  1513346.750000
5.150000,  -423223.656250 
5.450000,  2491443.250000
5.800000,  -961581.500000 
