Peak-Trough-X-1000.0
-2.200000,  637417.500000
-2.400000,  -1992070.875000 
-1.650000,  514110.843750
-1.900000,  -3007966.000000 
-1.050000,  4263846.000000
-1.200000,  -1634126.375000 
-0.600000,  10933966.000000
-0.850000,  -9121991.000000 
-0.100000,  13275926.000000
-0.350000,  -15917764.000000 
0.400000,  5178854.000000
0.100000,  -12737666.000000 
0.800000,  -74506.875000
0.600000,  -3519115.000000 
1.150000,  101570.015625
1.050000,  -1184016.875000 
6.500000,  1250549.500000
1.300000,  -907942.937500 
6.950000,  2279334.750000
6.700000,  -1355241.000000 
,,,7.250000,  -1308184.750000 
