Peak-Trough-X-1000.0
-4.550000,  -875277.625000
-4.950000,  -2213363.000000 
-3.800000,  314843.156250
-4.200000,  -3098018.000000 
-1.600000,  573813.562500
-1.850000,  -942571.250000 
-0.950000,  3265277.750000
-1.250000,  -3122517.000000 
-0.200000,  5563317.500000
-0.500000,  -7024055.000000 
0.600000,  2601630.250000
0.150000,  -5422451.000000 
1.250000,  268336.406250
0.900000,  -1739417.500000 
4.500000,  1578692.125000
1.400000,  -316542.406250 
5.300000,  2446822.250000
4.900000,  203984.406250 
,,,5.750000,  -941921.375000 
