Peak-Trough-X-1000.0
-4.400000,  -301576.718750
-4.750000,  -2175498.750000 
-3.700000,  403095.562500
-4.050000,  -2803226.500000 
-1.400000,  1926224.125000
-1.650000,  -1714703.250000 
-0.850000,  6124013.500000
-1.150000,  -6136401.500000 
-0.150000,  7577097.000000
-0.500000,  -10811991.000000 
0.500000,  2724614.750000
0.150000,  -7673179.500000 
1.100000,  -236956.781250
0.800000,  -2423139.500000 
4.500000,  1080169.250000
1.350000,  -1210060.625000 
5.150000,  1852660.750000
4.800000,  -798332.437500 
,,,5.500000,  -1443227.250000 
