Time 1XX 1ZZ 2XX 2ZZ 1X2Z 1Z2X 
-9.450000, 0.000000, 0.000000, 0.000000, 0.000000, 0.000000, 0.000000
-9.400000, -130.031555, -130.031555, 135705.281250, 135705.281250, 1593.344238, -11074.800781
-9.350000, -1292.653320, -1292.653320, 492980.781250, 492980.781250, 13751.670898, -54743.929688
-9.300000, -4297.530273, -4297.530273, 777870.250000, 777870.250000, 33864.960938, -121587.187500
-9.250000, -7358.990234, -7358.990234, 949578.500000, 949578.500000, 35920.050781, -202410.625000
-9.200000, -9266.837891, -9266.837891, 1251891.500000, 1251891.500000, 24236.000000, -302971.562500
-9.150000, -10544.494141, -10544.494141, 1539886.750000, 1539886.750000, 26777.056641, -383631.812500
-9.100000, -10209.817383, -10209.817383, 1778167.250000, 1778167.250000, 38842.835938, -459881.875000
-9.050000, -10971.649414, -10971.649414, 2028461.250000, 2028461.250000, 49152.886719, -556040.625000
-9.000000, -14224.053711, -14224.053711, 2239062.000000, 2239062.000000, 54673.140625, -627334.000000
-8.950000, -17044.455078, -17044.455078, 2489502.250000, 2489502.250000, 65098.937500, -694783.437500
-8.900000, -20329.791016, -20329.791016, 2628812.250000, 2628812.250000, 89569.437500, -715520.312500
-8.850000, -21304.888672, -21304.888672, 2676439.500000, 2676439.500000, 99876.375000, -708032.062500
-8.800000, -22667.156250, -22667.156250, 2832809.750000, 2832809.750000, 87166.257812, -763624.375000
-8.750000, -27965.648438, -27965.648438, 2974566.000000, 2974566.000000, 83205.820312, -752677.000000
-8.700000, -27306.929688, -27306.929688, 3128771.750000, 3128771.750000, 98237.648438, -750236.750000
-8.650000, -26022.841797, -26022.841797, 3311509.500000, 3311509.500000, 105356.625000, -864012.875000
-8.600000, -31160.072266, -31160.072266, 3322972.000000, 3322972.000000, 103056.085938, -906359.312500
-8.550000, -35348.074219, -35348.074219, 3081984.750000, 3081984.750000, 112665.171875, -1048814.875000
-8.500000, -46133.457031, -46133.457031, 3130813.250000, 3130813.250000, 110480.859375, -1503099.250000
-8.450000, -67490.921875, -67490.921875, 4045239.750000, 4045239.750000, 128758.835938, -1768892.250000
-8.400000, -64621.367188, -64621.367188, 4940227.000000, 4940227.000000, 201415.687500, -1603608.000000
-8.350000, -30749.474609, -30749.474609, 5413952.000000, 5413952.000000, 236347.718750, -1607766.625000
-8.300000, -28093.810547, -28093.810547, 6133118.000000, 6133118.000000, 219873.046875, -1734489.875000
-8.250000, -54614.625000, -54614.625000, 6663055.000000, 6663055.000000, 208123.828125, -1654068.250000
-8.200000, -70349.078125, -70349.078125, 7076311.500000, 7076311.500000, 209932.281250, -1733174.125000
-8.150000, -85052.125000, -85052.125000, 7768405.000000, 7768405.000000, 232660.234375, -1916678.750000
-8.100000, -89637.484375, -89637.484375, 8335796.500000, 8335796.500000, 248104.828125, -2187235.750000
-8.050000, -108546.859375, -108546.859375, 8945249.000000, 8945249.000000, 267680.187500, -2491830.250000
-8.000000, -119551.945312, -119551.945312, 9306504.000000, 9306504.000000, 317003.656250, -2374972.250000
-7.950000, -58666.515625, -58666.515625, 9255387.000000, 9255387.000000, 376721.375000, -2187792.500000
-7.900000, -12013.471680, -12013.471680, 9361477.000000, 9361477.000000, 394407.531250, -2038486.750000
-7.850000, -33621.328125, -33621.328125, 9443473.000000, 9443473.000000, 333335.312500, -1807037.000000
-7.800000, -68876.359375, -68876.359375, 9579191.000000, 9579191.000000, 323238.875000, -1804242.125000
-7.750000, -91430.562500, -91430.562500, 9907412.000000, 9907412.000000, 358196.125000, -1781654.375000
-7.700000, -120593.320312, -120593.320312, 10182340.000000, 10182340.000000, 353176.781250, -1764114.625000
-7.650000, -154780.921875, -154780.921875, 10505617.000000, 10505617.000000, 426403.593750, -1852846.375000
-7.600000, -125959.046875, -125959.046875, 10770979.000000, 10770979.000000, 498611.250000, -1774876.875000
-7.550000, -72952.101562, -72952.101562, 11005175.000000, 11005175.000000, 496952.625000, -1727203.250000
-7.500000, -49856.046875, -49856.046875, 11308311.000000, 11308311.000000, 477570.468750, -1720806.000000
-7.450000, -36458.976562, -36458.976562, 11597841.000000, 11597841.000000, 422652.343750, -1703944.750000
-7.400000, -70066.515625, -70066.515625, 11953323.000000, 11953323.000000, 465603.718750, -1712557.125000
-7.350000, -98790.500000, -98790.500000, 12188920.000000, 12188920.000000, 557753.937500, -1604837.500000
-7.300000, -91902.078125, -91902.078125, 12388800.000000, 12388800.000000, 586102.187500, -1614349.250000
-7.250000, -117385.546875, -117385.546875, 12806687.000000, 12806687.000000, 612534.750000, -1669445.375000
-7.200000, -134591.828125, -134591.828125, 13121904.000000, 13121904.000000, 602819.812500, -1547653.750000
-7.150000, -78110.656250, -78110.656250, 13215191.000000, 13215191.000000, 574762.812500, -1531549.125000
-7.100000, -36174.250000, -36174.250000, 13396995.000000, 13396995.000000, 473623.218750, -1614005.625000
-7.050000, -118282.375000, -118282.375000, 13802339.000000, 13802339.000000, 474222.187500, -1604898.125000
-7.000000, -122755.875000, -122755.875000, 14168108.000000, 14168108.000000, 703183.000000, -1534705.250000
-6.950000, -17800.623047, -17800.623047, 14321483.000000, 14321483.000000, 684011.250000, -1495801.875000
-6.900000, -78333.531250, -78333.531250, 14475422.000000, 14475422.000000, 565137.937500, -1499146.375000
-6.850000, -121628.546875, -121628.546875, 14739012.000000, 14739012.000000, 666588.375000, -1474857.375000
-6.800000, -54209.324219, -54209.324219, 15124406.000000, 15124406.000000, 689075.812500, -1453004.000000
-6.750000, -77032.367188, -77032.367188, 15501471.000000, 15501471.000000, 715536.437500, -1382404.500000
-6.700000, -101226.054688, -101226.054688, 15665189.000000, 15665189.000000, 774158.875000, -1332608.500000
-6.650000, -130279.132812, -130279.132812, 15835818.000000, 15835818.000000, 772341.500000, -1432771.375000
-6.600000, -144084.890625, -144084.890625, 16182296.000000, 16182296.000000, 820154.437500, -1461829.875000
-6.550000, -90309.773438, -90309.773438, 16555349.000000, 16555349.000000, 809723.750000, -1371288.875000
-6.500000, -81401.984375, -81401.984375, 16828442.000000, 16828442.000000, 809966.625000, -1295995.875000
-6.450000, -73913.492188, -73913.492188, 16971338.000000, 16971338.000000, 839943.937500, -1283803.875000
-6.400000, -97347.320312, -97347.320312, 17193032.000000, 17193032.000000, 840786.437500, -1350881.250000
-6.350000, -104672.882812, -104672.882812, 17574362.000000, 17574362.000000, 903281.250000, -1327913.750000
-6.300000, -47280.015625, -47280.015625, 17875272.000000, 17875272.000000, 899616.625000, -1210597.500000
-6.250000, -90422.968750, -90422.968750, 18034798.000000, 18034798.000000, 903990.812500, -1182497.500000
-6.200000, -98346.601562, -98346.601562, 18235050.000000, 18235050.000000, 930332.562500, -1270940.125000
-6.150000, -72500.078125, -72500.078125, 18612862.000000, 18612862.000000, 869251.750000, -1338671.750000
-6.100000, -121302.625000, -121302.625000, 18990598.000000, 18990598.000000, 944684.937500, -1200922.625000
-6.050000, -78140.898438, -78140.898438, 19168836.000000, 19168836.000000, 1001530.562500, -1049978.500000
-6.000000, -61945.417969, -61945.417969, 19338698.000000, 19338698.000000, 914189.375000, -1111188.625000
-5.950000, -106587.687500, -106587.687500, 19602692.000000, 19602692.000000, 936161.375000, -1170581.125000
-5.900000, -90641.976562, -90641.976562, 19844402.000000, 19844402.000000, 996752.625000, -1117320.125000
-5.850000, -94901.695312, -94901.695312, 20115426.000000, 20115426.000000, 1044891.062500, -1041080.937500
-5.800000, -71378.609375, -71378.609375, 20437550.000000, 20437550.000000, 1091777.250000, -1016208.625000
-5.750000, -60918.710938, -60918.710938, 20697002.000000, 20697002.000000, 1100728.000000, -1053605.875000
-5.700000, -100156.492188, -100156.492188, 20932498.000000, 20932498.000000, 1134624.000000, -1051472.750000
-5.650000, -85657.539062, -85657.539062, 21244120.000000, 21244120.000000, 1126718.125000, -991494.750000
-5.600000, -88732.843750, -88732.843750, 21540762.000000, 21540762.000000, 1137518.750000, -930622.937500
-5.550000, -99894.929688, -99894.929688, 21781934.000000, 21781934.000000, 1219551.000000, -938517.375000
-5.500000, -83931.460938, -83931.460938, 22074588.000000, 22074588.000000, 1216682.500000, -980017.687500
-5.450000, -108593.171875, -108593.171875, 22357358.000000, 22357358.000000, 1162254.125000, -946068.562500
-5.400000, -131754.031250, -131754.031250, 22574346.000000, 22574346.000000, 1166631.375000, -927341.062500
-5.350000, -94966.515625, -94966.515625, 22853338.000000, 22853338.000000, 1246114.375000, -936476.250000
-5.300000, -36094.343750, -36094.343750, 23197580.000000, 23197580.000000, 1290703.750000, -899310.062500
-5.250000, -56068.359375, -56068.359375, 23493520.000000, 23493520.000000, 1271118.875000, -862412.437500
-5.200000, -91539.375000, -91539.375000, 23714292.000000, 23714292.000000, 1334981.500000, -811133.000000
-5.150000, -49431.328125, -49431.328125, 23937700.000000, 23937700.000000, 1346620.500000, -794734.875000
-5.100000, -52735.277344, -52735.277344, 24253678.000000, 24253678.000000, 1275758.125000, -810567.812500
-5.050000, -96679.265625, -96679.265625, 24551130.000000, 24551130.000000, 1323717.875000, -744005.062500
-5.000000, -104413.148438, -104413.148438, 24711732.000000, 24711732.000000, 1390525.750000, -711349.687500
-4.950000, -92448.164062, -92448.164062, 24945230.000000, 24945230.000000, 1435062.250000, -778082.437500
-4.900000, -58932.796875, -58932.796875, 25313786.000000, 25313786.000000, 1419962.250000, -784139.875000
-4.850000, -75763.937500, -75763.937500, 25532696.000000, 25532696.000000, 1343973.125000, -712751.937500
-4.800000, -89808.664062, -89808.664062, 25673538.000000, 25673538.000000, 1437807.500000, -681635.562500
-4.750000, -28957.750000, -28957.750000, 26024260.000000, 26024260.000000, 1499248.625000, -686795.000000
-4.700000, -35374.492188, -35374.492188, 26427790.000000, 26427790.000000, 1425222.125000, -645055.750000
-4.650000, -89242.531250, -89242.531250, 26638622.000000, 26638622.000000, 1492130.000000, -587613.187500
-4.600000, -97106.406250, -97106.406250, 26773760.000000, 26773760.000000, 1583035.000000, -600909.187500
-4.550000, -74836.289062, -74836.289062, 27055228.000000, 27055228.000000, 1599241.125000, -652191.312500
-4.500000, -28501.662109, -28501.662109, 27453620.000000, 27453620.000000, 1562431.375000, -627524.312500
-4.450000, -45607.121094, -45607.121094, 27727780.000000, 27727780.000000, 1503951.750000, -550395.875000
-4.400000, -89040.117188, -89040.117188, 27848444.000000, 27848444.000000, 1560869.500000, -572356.250000
-4.350000, -63621.867188, -63621.867188, 28082822.000000, 28082822.000000, 1597609.375000, -637552.562500
-4.300000, -47315.988281, -47315.988281, 28498126.000000, 28498126.000000, 1595242.875000, -576801.375000
-4.250000, -46902.324219, -46902.324219, 28862288.000000, 28862288.000000, 1633902.125000, -456182.656250
-4.200000, -58141.406250, -58141.406250, 29088698.000000, 29088698.000000, 1659114.375000, -415033.093750
-4.150000, -49659.371094, -49659.371094, 29290590.000000, 29290590.000000, 1707692.500000, -453147.875000
-4.100000, -7330.142578, -7330.142578, 29581176.000000, 29581176.000000, 1665916.625000, -496084.281250
-4.050000, -58212.066406, -58212.066406, 29974274.000000, 29974274.000000, 1661236.500000, -475241.468750
-4.000000, -78262.304688, -78262.304688, 30286350.000000, 30286350.000000, 1780062.125000, -401048.593750
-3.950000, -38459.984375, -38459.984375, 30411472.000000, 30411472.000000, 1760104.000000, -388376.968750
-3.900000, -83149.406250, -83149.406250, 30554878.000000, 30554878.000000, 1793999.375000, -470980.437500
-3.850000, -53449.132812, -53449.132812, 30880864.000000, 30880864.000000, 1860124.500000, -472588.406250
-3.800000, -18606.730469, -18606.730469, 31258404.000000, 31258404.000000, 1767009.125000, -331689.281250
-3.750000, -58302.976562, -58302.976562, 31523048.000000, 31523048.000000, 1784905.375000, -228980.156250
-3.700000, -10576.210938, -10576.210938, 31680716.000000, 31680716.000000, 1857812.375000, -231588.875000
-3.650000, -6191.581543, -6191.581543, 31860430.000000, 31860430.000000, 1867630.375000, -287283.187500
-3.600000, -32148.835938, -32148.835938, 32231070.000000, 32231070.000000, 1860594.000000, -328533.250000
-3.550000, -11469.091797, -11469.091797, 32639516.000000, 32639516.000000, 1831247.125000, -246232.921875
-3.500000, -44955.113281, -44955.113281, 32804056.000000, 32804056.000000, 1852259.125000, -164974.687500
-3.450000, -43388.250000, -43388.250000, 32946784.000000, 32946784.000000, 1865723.375000, -256099.875000
-3.400000, -24697.712891, -24697.712891, 33298540.000000, 33298540.000000, 1893406.750000, -334066.906250
-3.350000, -38470.296875, -38470.296875, 33675312.000000, 33675312.000000, 1935749.375000, -238989.703125
-3.300000, -36646.968750, -36646.968750, 33887456.000000, 33887456.000000, 1989578.875000, -90994.625000
-3.250000, -28092.416016, -28092.416016, 34006972.000000, 34006972.000000, 2058442.000000, -90327.335938
-3.200000, -7447.452637, -7447.452637, 34310100.000000, 34310100.000000, 2003798.625000, -222644.437500
-3.150000, -29697.859375, -29697.859375, 34755644.000000, 34755644.000000, 2063603.500000, -192658.578125
-3.100000, -27701.222656, -27701.222656, 35043516.000000, 35043516.000000, 2147255.500000, -31696.507812
-3.050000, -18130.634766, -18130.634766, 35191096.000000, 35191096.000000, 2044368.750000, -10296.232422
-3.000000, -76692.125000, -76692.125000, 35367160.000000, 35367160.000000, 2110546.500000, -73980.375000
-2.950000, -45677.390625, -45677.390625, 35642808.000000, 35642808.000000, 2184284.250000, -106384.234375
-2.900000, -8222.390625, -8222.390625, 35966324.000000, 35966324.000000, 2154465.250000, -37732.886719
-2.850000, -15565.423828, -15565.423828, 36238824.000000, 36238824.000000, 2155514.000000, 70965.640625
-2.800000, -3021.517090, -3021.517090, 36450164.000000, 36450164.000000, 2109528.250000, 40140.078125
-2.750000, -28800.859375, -28800.859375, 36683884.000000, 36683884.000000, 2149418.000000, -29339.142578
-2.700000, -11844.643555, -11844.643555, 37032944.000000, 37032944.000000, 2127755.500000, 13333.262695
-2.650000, -30838.582031, -30838.582031, 37404352.000000, 37404352.000000, 2175030.000000, 134167.578125
-2.600000, -34071.433594, -34071.433594, 37695748.000000, 37695748.000000, 2358442.500000, 194234.812500
-2.550000, 23921.474609, 23921.474609, 37906012.000000, 37906012.000000, 2301355.000000, 129397.312500
-2.500000, -46374.152344, -46374.152344, 38089360.000000, 38089360.000000, 2269294.750000, 64853.789062
-2.450000, -55421.636719, -55421.636719, 38408100.000000, 38408100.000000, 2262460.000000, 71547.984375
-2.400000, -37599.734375, -37599.734375, 38789004.000000, 38789004.000000, 2312674.750000, 180437.125000
-2.350000, -46878.574219, -46878.574219, 39042772.000000, 39042772.000000, 2516054.250000, 260875.046875
-2.300000, 9344.895508, 9344.895508, 39158372.000000, 39158372.000000, 2453118.750000, 177375.906250
-2.250000, -58383.226562, -58383.226562, 39336080.000000, 39336080.000000, 2442849.000000, 143078.890625
-2.200000, -26600.095703, -26600.095703, 39726376.000000, 39726376.000000, 2461146.750000, 253662.421875
-2.150000, 27234.322266, 27234.322266, 40020424.000000, 40020424.000000, 2363041.000000, 386073.250000
-2.100000, -54137.136719, -54137.136719, 40177588.000000, 40177588.000000, 2485056.750000, 370063.906250
-2.050000, 2315.443115, 2315.443115, 40348964.000000, 40348964.000000, 2493151.250000, 236949.390625
-2.000000, -44395.964844, -44395.964844, 40549580.000000, 40549580.000000, 2506238.500000, 234985.500000
-1.950000, -85764.734375, -85764.734375, 40995620.000000, 40995620.000000, 2566073.250000, 293645.156250
-1.900000, 10226.894531, 10226.894531, 41382944.000000, 41382944.000000, 2555119.250000, 353442.468750
-1.850000, 23703.421875, 23703.421875, 41568260.000000, 41568260.000000, 2667453.250000, 374474.281250
-1.800000, 53791.414062, 53791.414062, 41771180.000000, 41771180.000000, 2564696.000000, 282800.281250
-1.750000, -45437.437500, -45437.437500, 41978508.000000, 41978508.000000, 2559638.250000, 281438.031250
-1.700000, -78832.781250, -78832.781250, 42493824.000000, 42493824.000000, 2639281.750000, 326109.468750
-1.650000, -16962.341797, -16962.341797, 42991372.000000, 42991372.000000, 2633813.500000, 376754.593750
-1.600000, -60958.355469, -60958.355469, 43159252.000000, 43159252.000000, 2878500.250000, 423588.968750
-1.550000, 49860.851562, 49860.851562, 43212596.000000, 43212596.000000, 2811288.000000, 337196.968750
-1.500000, -16711.642578, -16711.642578, 43086452.000000, 43086452.000000, 2900035.750000, 335260.531250
-1.450000, -103936.742188, -103936.742188, 43229452.000000, 43229452.000000, 3291046.500000, 473148.531250
-1.400000, -22057.085938, -22057.085938, 43535792.000000, 43535792.000000, 3243284.250000, 628865.625000
-1.350000, -148874.906250, -148874.906250, 43932972.000000, 43932972.000000, 3122467.750000, 621248.000000
-1.300000, -111755.562500, -111755.562500, 44661488.000000, 44661488.000000, 2697646.750000, 472360.593750
-1.250000, -80047.679688, -80047.679688, 45085428.000000, 45085428.000000, 2501056.000000, 491573.500000
-1.200000, -35460.257812, -35460.257812, 45598028.000000, 45598028.000000, 2670820.500000, 439883.625000
-1.150000, 176245.468750, 176245.468750, 46206012.000000, 46206012.000000, 2406705.000000, 316395.843750
-1.100000, 104500.500000, 104500.500000, 46771916.000000, 46771916.000000, 2457132.500000, 204805.109375
-1.050000, 218054.234375, 218054.234375, 47775656.000000, 47775656.000000, 2321112.500000, 6656.457031
-1.000000, 298734.593750, 298734.593750, 48384896.000000, 48384896.000000, 2161924.250000, -57792.652344
-0.950000, 181108.796875, 181108.796875, 49322836.000000, 49322836.000000, 2427594.000000, -317724.625000
-0.900000, 329283.187500, 329283.187500, 50078908.000000, 50078908.000000, 1869870.375000, -460546.156250
-0.850000, 299932.968750, 299932.968750, 49127908.000000, 49127908.000000, 1675188.625000, -250161.593750
-0.800000, 329192.281250, 329192.281250, 48843152.000000, 48843152.000000, 1963864.000000, -230977.421875
-0.750000, 322402.406250, 322402.406250, 49361924.000000, 49361924.000000, 1779537.500000, 133446.515625
-0.700000, 134338.453125, 134338.453125, 49540920.000000, 49540920.000000, 1663553.125000, 511442.281250
-0.650000, 138325.562500, 138325.562500, 49715740.000000, 49715740.000000, 1230802.375000, 627369.000000
-0.600000, -89452.757812, -89452.757812, 48821448.000000, 48821448.000000, 1563196.875000, 1061950.125000
-0.550000, 25671.513672, 25671.513672, 47578512.000000, 47578512.000000, 2794296.250000, 960413.750000
-0.500000, 620988.062500, 620988.062500, 46844288.000000, 46844288.000000, 3572329.000000, 380329.218750
-0.450000, 1074841.750000, 1074841.750000, 47083404.000000, 47083404.000000, 3583400.000000, 27313.304688
-0.400000, 1173646.125000, 1173646.125000, 48559096.000000, 48559096.000000, 2183455.250000, -149689.109375
-0.350000, 616052.000000, 616052.000000, 49900096.000000, 49900096.000000, 1204853.875000, -78423.960938
-0.300000, 314776.468750, 314776.468750, 51394680.000000, 51394680.000000, 1244585.750000, 212521.609375
-0.250000, 113072.898438, 113072.898438, 52006508.000000, 52006508.000000, 1062697.875000, 556450.750000
-0.200000, -40860.566406, -40860.566406, 51804392.000000, 51804392.000000, 1275846.000000, 270115.437500
-0.150000, 398207.343750, 398207.343750, 52629340.000000, 52629340.000000, 730228.125000, -84410.039062
-0.100000, 416246.625000, 416246.625000, 53803560.000000, 53803560.000000, 641655.500000, -620216.125000
-0.050000, 1591967.875000, 1591967.875000, 57679820.000000, 57679820.000000, 1418952.375000, -1665729.875000
0.000000, 3003260.750000, 3003260.750000, 61086972.000000, 61086972.000000, -321665.750000, -321665.750000
0.050000, 1591967.875000, 1591967.875000, 57679820.000000, 57679820.000000, -1665729.875000, 1418952.375000
0.100000, 416246.625000, 416246.625000, 53803560.000000, 53803560.000000, -620216.125000, 641655.500000
0.150000, 398207.343750, 398207.343750, 52629340.000000, 52629340.000000, -84410.039062, 730228.125000
0.200000, -40860.566406, -40860.566406, 51804392.000000, 51804392.000000, 270115.437500, 1275846.000000
0.250000, 113072.898438, 113072.898438, 52006508.000000, 52006508.000000, 556450.750000, 1062697.875000
0.300000, 314776.468750, 314776.468750, 51394680.000000, 51394680.000000, 212521.609375, 1244585.750000
0.350000, 616052.000000, 616052.000000, 49900096.000000, 49900096.000000, -78423.960938, 1204853.875000
0.400000, 1173646.125000, 1173646.125000, 48559096.000000, 48559096.000000, -149689.109375, 2183455.250000
0.450000, 1074841.750000, 1074841.750000, 47083404.000000, 47083404.000000, 27313.304688, 3583400.000000
0.500000, 620988.062500, 620988.062500, 46844288.000000, 46844288.000000, 380329.218750, 3572329.000000
0.550000, 25671.513672, 25671.513672, 47578512.000000, 47578512.000000, 960413.750000, 2794296.250000
0.600000, -89452.757812, -89452.757812, 48821448.000000, 48821448.000000, 1061950.125000, 1563196.875000
0.650000, 138325.562500, 138325.562500, 49715740.000000, 49715740.000000, 627369.000000, 1230802.375000
0.700000, 134338.453125, 134338.453125, 49540920.000000, 49540920.000000, 511442.281250, 1663553.125000
0.750000, 322402.406250, 322402.406250, 49361924.000000, 49361924.000000, 133446.515625, 1779537.500000
0.800000, 329192.281250, 329192.281250, 48843152.000000, 48843152.000000, -230977.421875, 1963864.000000
0.850000, 299932.968750, 299932.968750, 49127908.000000, 49127908.000000, -250161.593750, 1675188.625000
0.900000, 329283.187500, 329283.187500, 50078908.000000, 50078908.000000, -460546.156250, 1869870.375000
0.950000, 181108.796875, 181108.796875, 49322836.000000, 49322836.000000, -317724.625000, 2427594.000000
1.000000, 298734.593750, 298734.593750, 48384896.000000, 48384896.000000, -57792.652344, 2161924.250000
1.050000, 218054.234375, 218054.234375, 47775656.000000, 47775656.000000, 6656.457031, 2321112.500000
1.100000, 104500.500000, 104500.500000, 46771916.000000, 46771916.000000, 204805.109375, 2457132.500000
1.150000, 176245.468750, 176245.468750, 46206012.000000, 46206012.000000, 316395.843750, 2406705.000000
1.200000, -35460.257812, -35460.257812, 45598028.000000, 45598028.000000, 439883.625000, 2670820.500000
1.250000, -80047.679688, -80047.679688, 45085428.000000, 45085428.000000, 491573.500000, 2501056.000000
1.300000, -111755.562500, -111755.562500, 44661488.000000, 44661488.000000, 472360.593750, 2697646.750000
1.350000, -148874.906250, -148874.906250, 43932972.000000, 43932972.000000, 621248.000000, 3122467.750000
1.400000, -22057.085938, -22057.085938, 43535792.000000, 43535792.000000, 628865.625000, 3243284.250000
1.450000, -103936.742188, -103936.742188, 43229452.000000, 43229452.000000, 473148.531250, 3291046.500000
1.500000, -16711.642578, -16711.642578, 43086452.000000, 43086452.000000, 335260.531250, 2900035.750000
1.550000, 49860.851562, 49860.851562, 43212596.000000, 43212596.000000, 337196.968750, 2811288.000000
1.600000, -60958.355469, -60958.355469, 43159252.000000, 43159252.000000, 423588.968750, 2878500.250000
1.650000, -16962.341797, -16962.341797, 42991372.000000, 42991372.000000, 376754.593750, 2633813.500000
1.700000, -78832.781250, -78832.781250, 42493824.000000, 42493824.000000, 326109.468750, 2639281.750000
1.750000, -45437.437500, -45437.437500, 41978508.000000, 41978508.000000, 281438.031250, 2559638.250000
1.800000, 53791.414062, 53791.414062, 41771180.000000, 41771180.000000, 282800.281250, 2564696.000000
1.850000, 23703.421875, 23703.421875, 41568260.000000, 41568260.000000, 374474.281250, 2667453.250000
1.900000, 10226.894531, 10226.894531, 41382944.000000, 41382944.000000, 353442.468750, 2555119.250000
1.950000, -85764.734375, -85764.734375, 40995620.000000, 40995620.000000, 293645.156250, 2566073.250000
2.000000, -44395.964844, -44395.964844, 40549580.000000, 40549580.000000, 234985.500000, 2506238.500000
2.050000, 2315.443115, 2315.443115, 40348964.000000, 40348964.000000, 236949.390625, 2493151.250000
2.100000, -54137.136719, -54137.136719, 40177588.000000, 40177588.000000, 370063.906250, 2485056.750000
2.150000, 27234.322266, 27234.322266, 40020424.000000, 40020424.000000, 386073.250000, 2363041.000000
2.200000, -26600.095703, -26600.095703, 39726376.000000, 39726376.000000, 253662.421875, 2461146.750000
2.250000, -58383.226562, -58383.226562, 39336080.000000, 39336080.000000, 143078.890625, 2442849.000000
2.300000, 9344.895508, 9344.895508, 39158372.000000, 39158372.000000, 177375.906250, 2453118.750000
2.350000, -46878.574219, -46878.574219, 39042772.000000, 39042772.000000, 260875.046875, 2516054.250000
2.400000, -37599.734375, -37599.734375, 38789004.000000, 38789004.000000, 180437.125000, 2312674.750000
2.450000, -55421.636719, -55421.636719, 38408100.000000, 38408100.000000, 71547.984375, 2262460.000000
2.500000, -46374.152344, -46374.152344, 38089360.000000, 38089360.000000, 64853.789062, 2269294.750000
2.550000, 23921.474609, 23921.474609, 37906012.000000, 37906012.000000, 129397.312500, 2301355.000000
2.600000, -34071.433594, -34071.433594, 37695748.000000, 37695748.000000, 194234.812500, 2358442.500000
2.650000, -30838.582031, -30838.582031, 37404352.000000, 37404352.000000, 134167.578125, 2175030.000000
2.700000, -11844.643555, -11844.643555, 37032944.000000, 37032944.000000, 13333.262695, 2127755.500000
2.750000, -28800.859375, -28800.859375, 36683884.000000, 36683884.000000, -29339.142578, 2149418.000000
2.800000, -3021.517090, -3021.517090, 36450164.000000, 36450164.000000, 40140.078125, 2109528.250000
2.850000, -15565.423828, -15565.423828, 36238824.000000, 36238824.000000, 70965.640625, 2155514.000000
2.900000, -8222.390625, -8222.390625, 35966324.000000, 35966324.000000, -37732.886719, 2154465.250000
2.950000, -45677.390625, -45677.390625, 35642808.000000, 35642808.000000, -106384.234375, 2184284.250000
3.000000, -76692.125000, -76692.125000, 35367160.000000, 35367160.000000, -73980.375000, 2110546.500000
3.050000, -18130.634766, -18130.634766, 35191096.000000, 35191096.000000, -10296.232422, 2044368.750000
3.100000, -27701.222656, -27701.222656, 35043516.000000, 35043516.000000, -31696.507812, 2147255.500000
3.150000, -29697.859375, -29697.859375, 34755644.000000, 34755644.000000, -192658.578125, 2063603.500000
3.200000, -7447.452637, -7447.452637, 34310100.000000, 34310100.000000, -222644.437500, 2003798.625000
3.250000, -28092.416016, -28092.416016, 34006972.000000, 34006972.000000, -90327.335938, 2058442.000000
3.300000, -36646.968750, -36646.968750, 33887456.000000, 33887456.000000, -90994.625000, 1989578.875000
3.350000, -38470.296875, -38470.296875, 33675312.000000, 33675312.000000, -238989.703125, 1935749.375000
3.400000, -24697.712891, -24697.712891, 33298540.000000, 33298540.000000, -334066.906250, 1893406.750000
3.450000, -43388.250000, -43388.250000, 32946784.000000, 32946784.000000, -256099.875000, 1865723.375000
3.500000, -44955.113281, -44955.113281, 32804056.000000, 32804056.000000, -164974.687500, 1852259.125000
3.550000, -11469.091797, -11469.091797, 32639516.000000, 32639516.000000, -246232.921875, 1831247.125000
3.600000, -32148.835938, -32148.835938, 32231070.000000, 32231070.000000, -328533.250000, 1860594.000000
3.650000, -6191.581543, -6191.581543, 31860430.000000, 31860430.000000, -287283.187500, 1867630.375000
3.700000, -10576.210938, -10576.210938, 31680716.000000, 31680716.000000, -231588.875000, 1857812.375000
3.750000, -58302.976562, -58302.976562, 31523048.000000, 31523048.000000, -228980.156250, 1784905.375000
3.800000, -18606.730469, -18606.730469, 31258404.000000, 31258404.000000, -331689.281250, 1767009.125000
3.850000, -53449.132812, -53449.132812, 30880864.000000, 30880864.000000, -472588.406250, 1860124.500000
3.900000, -83149.406250, -83149.406250, 30554878.000000, 30554878.000000, -470980.437500, 1793999.375000
3.950000, -38459.984375, -38459.984375, 30411472.000000, 30411472.000000, -388376.968750, 1760104.000000
4.000000, -78262.304688, -78262.304688, 30286350.000000, 30286350.000000, -401048.593750, 1780062.125000
4.050000, -58212.066406, -58212.066406, 29974274.000000, 29974274.000000, -475241.468750, 1661236.500000
4.100000, -7330.142578, -7330.142578, 29581176.000000, 29581176.000000, -496084.281250, 1665916.625000
4.150000, -49659.371094, -49659.371094, 29290590.000000, 29290590.000000, -453147.875000, 1707692.500000
4.200000, -58141.406250, -58141.406250, 29088698.000000, 29088698.000000, -415033.093750, 1659114.375000
4.250000, -46902.324219, -46902.324219, 28862288.000000, 28862288.000000, -456182.656250, 1633902.125000
4.300000, -47315.988281, -47315.988281, 28498126.000000, 28498126.000000, -576801.375000, 1595242.875000
4.350000, -63621.867188, -63621.867188, 28082822.000000, 28082822.000000, -637552.562500, 1597609.375000
4.400000, -89040.117188, -89040.117188, 27848444.000000, 27848444.000000, -572356.250000, 1560869.500000
4.450000, -45607.121094, -45607.121094, 27727780.000000, 27727780.000000, -550395.875000, 1503951.750000
4.500000, -28501.662109, -28501.662109, 27453620.000000, 27453620.000000, -627524.312500, 1562431.375000
4.550000, -74836.289062, -74836.289062, 27055228.000000, 27055228.000000, -652191.312500, 1599241.125000
4.600000, -97106.406250, -97106.406250, 26773760.000000, 26773760.000000, -600909.187500, 1583035.000000
4.650000, -89242.531250, -89242.531250, 26638622.000000, 26638622.000000, -587613.187500, 1492130.000000
4.700000, -35374.492188, -35374.492188, 26427790.000000, 26427790.000000, -645055.750000, 1425222.125000
4.750000, -28957.750000, -28957.750000, 26024260.000000, 26024260.000000, -686795.000000, 1499248.625000
4.800000, -89808.664062, -89808.664062, 25673538.000000, 25673538.000000, -681635.562500, 1437807.500000
4.850000, -75763.937500, -75763.937500, 25532696.000000, 25532696.000000, -712751.937500, 1343973.125000
4.900000, -58932.796875, -58932.796875, 25313786.000000, 25313786.000000, -784139.875000, 1419962.250000
4.950000, -92448.164062, -92448.164062, 24945230.000000, 24945230.000000, -778082.437500, 1435062.250000
5.000000, -104413.148438, -104413.148438, 24711732.000000, 24711732.000000, -711349.687500, 1390525.750000
5.050000, -96679.265625, -96679.265625, 24551130.000000, 24551130.000000, -744005.062500, 1323717.875000
5.100000, -52735.277344, -52735.277344, 24253678.000000, 24253678.000000, -810567.812500, 1275758.125000
5.150000, -49431.328125, -49431.328125, 23937700.000000, 23937700.000000, -794734.875000, 1346620.500000
5.200000, -91539.375000, -91539.375000, 23714292.000000, 23714292.000000, -811133.000000, 1334981.500000
5.250000, -56068.359375, -56068.359375, 23493520.000000, 23493520.000000, -862412.437500, 1271118.875000
5.300000, -36094.343750, -36094.343750, 23197580.000000, 23197580.000000, -899310.062500, 1290703.750000
5.350000, -94966.515625, -94966.515625, 22853338.000000, 22853338.000000, -936476.250000, 1246114.375000
5.400000, -131754.031250, -131754.031250, 22574346.000000, 22574346.000000, -927341.062500, 1166631.375000
5.450000, -108593.171875, -108593.171875, 22357358.000000, 22357358.000000, -946068.562500, 1162254.125000
5.500000, -83931.460938, -83931.460938, 22074588.000000, 22074588.000000, -980017.687500, 1216682.500000
5.550000, -99894.929688, -99894.929688, 21781934.000000, 21781934.000000, -938517.375000, 1219551.000000
5.600000, -88732.843750, -88732.843750, 21540762.000000, 21540762.000000, -930622.937500, 1137518.750000
5.650000, -85657.539062, -85657.539062, 21244120.000000, 21244120.000000, -991494.750000, 1126718.125000
5.700000, -100156.492188, -100156.492188, 20932498.000000, 20932498.000000, -1051472.750000, 1134624.000000
5.750000, -60918.710938, -60918.710938, 20697002.000000, 20697002.000000, -1053605.875000, 1100728.000000
5.800000, -71378.609375, -71378.609375, 20437550.000000, 20437550.000000, -1016208.625000, 1091777.250000
5.850000, -94901.695312, -94901.695312, 20115426.000000, 20115426.000000, -1041080.937500, 1044891.062500
5.900000, -90641.976562, -90641.976562, 19844402.000000, 19844402.000000, -1117320.125000, 996752.625000
5.950000, -106587.687500, -106587.687500, 19602692.000000, 19602692.000000, -1170581.125000, 936161.375000
6.000000, -61945.417969, -61945.417969, 19338698.000000, 19338698.000000, -1111188.625000, 914189.375000
6.050000, -78140.898438, -78140.898438, 19168836.000000, 19168836.000000, -1049978.500000, 1001530.562500
6.100000, -121302.625000, -121302.625000, 18990598.000000, 18990598.000000, -1200922.625000, 944684.937500
6.150000, -72500.078125, -72500.078125, 18612862.000000, 18612862.000000, -1338671.750000, 869251.750000
6.200000, -98346.601562, -98346.601562, 18235050.000000, 18235050.000000, -1270940.125000, 930332.562500
6.250000, -90422.968750, -90422.968750, 18034798.000000, 18034798.000000, -1182497.500000, 903990.812500
6.300000, -47280.015625, -47280.015625, 17875272.000000, 17875272.000000, -1210597.500000, 899616.625000
6.350000, -104672.882812, -104672.882812, 17574362.000000, 17574362.000000, -1327913.750000, 903281.250000
6.400000, -97347.320312, -97347.320312, 17193032.000000, 17193032.000000, -1350881.250000, 840786.437500
6.450000, -73913.492188, -73913.492188, 16971338.000000, 16971338.000000, -1283803.875000, 839943.937500
6.500000, -81401.984375, -81401.984375, 16828442.000000, 16828442.000000, -1295995.875000, 809966.625000
6.550000, -90309.773438, -90309.773438, 16555349.000000, 16555349.000000, -1371288.875000, 809723.750000
6.600000, -144084.890625, -144084.890625, 16182296.000000, 16182296.000000, -1461829.875000, 820154.437500
6.650000, -130279.132812, -130279.132812, 15835818.000000, 15835818.000000, -1432771.375000, 772341.500000
6.700000, -101226.054688, -101226.054688, 15665189.000000, 15665189.000000, -1332608.500000, 774158.875000
6.750000, -77032.367188, -77032.367188, 15501471.000000, 15501471.000000, -1382404.500000, 715536.437500
6.800000, -54209.324219, -54209.324219, 15124406.000000, 15124406.000000, -1453004.000000, 689075.812500
6.850000, -121628.546875, -121628.546875, 14739012.000000, 14739012.000000, -1474857.375000, 666588.375000
6.900000, -78333.531250, -78333.531250, 14475422.000000, 14475422.000000, -1499146.375000, 565137.937500
6.950000, -17800.623047, -17800.623047, 14321483.000000, 14321483.000000, -1495801.875000, 684011.250000
7.000000, -122755.875000, -122755.875000, 14168108.000000, 14168108.000000, -1534705.250000, 703183.000000
7.050000, -118282.375000, -118282.375000, 13802339.000000, 13802339.000000, -1604898.125000, 474222.187500
7.100000, -36174.250000, -36174.250000, 13396995.000000, 13396995.000000, -1614005.625000, 473623.218750
7.150000, -78110.656250, -78110.656250, 13215191.000000, 13215191.000000, -1531549.125000, 574762.812500
7.200000, -134591.828125, -134591.828125, 13121904.000000, 13121904.000000, -1547653.750000, 602819.812500
7.250000, -117385.546875, -117385.546875, 12806687.000000, 12806687.000000, -1669445.375000, 612534.750000
7.300000, -91902.078125, -91902.078125, 12388800.000000, 12388800.000000, -1614349.250000, 586102.187500
7.350000, -98790.500000, -98790.500000, 12188920.000000, 12188920.000000, -1604837.500000, 557753.937500
7.400000, -70066.515625, -70066.515625, 11953323.000000, 11953323.000000, -1712557.125000, 465603.718750
7.450000, -36458.976562, -36458.976562, 11597841.000000, 11597841.000000, -1703944.750000, 422652.343750
7.500000, -49856.046875, -49856.046875, 11308311.000000, 11308311.000000, -1720806.000000, 477570.468750
7.550000, -72952.101562, -72952.101562, 11005175.000000, 11005175.000000, -1727203.250000, 496952.625000
7.600000, -125959.046875, -125959.046875, 10770979.000000, 10770979.000000, -1774876.875000, 498611.250000
7.650000, -154780.921875, -154780.921875, 10505617.000000, 10505617.000000, -1852846.375000, 426403.593750
7.700000, -120593.320312, -120593.320312, 10182340.000000, 10182340.000000, -1764114.625000, 353176.781250
7.750000, -91430.562500, -91430.562500, 9907412.000000, 9907412.000000, -1781654.375000, 358196.125000
7.800000, -68876.359375, -68876.359375, 9579191.000000, 9579191.000000, -1804242.125000, 323238.875000
7.850000, -33621.328125, -33621.328125, 9443473.000000, 9443473.000000, -1807037.000000, 333335.312500
7.900000, -12013.471680, -12013.471680, 9361477.000000, 9361477.000000, -2038486.750000, 394407.531250
7.950000, -58666.515625, -58666.515625, 9255387.000000, 9255387.000000, -2187792.500000, 376721.375000
8.000000, -119551.945312, -119551.945312, 9306504.000000, 9306504.000000, -2374972.250000, 317003.656250
8.050000, -108546.859375, -108546.859375, 8945249.000000, 8945249.000000, -2491830.250000, 267680.187500
8.100000, -89637.484375, -89637.484375, 8335796.500000, 8335796.500000, -2187235.750000, 248104.828125
8.150000, -85052.125000, -85052.125000, 7768405.000000, 7768405.000000, -1916678.750000, 232660.234375
8.200000, -70349.078125, -70349.078125, 7076311.500000, 7076311.500000, -1733174.125000, 209932.281250
8.250000, -54614.625000, -54614.625000, 6663055.000000, 6663055.000000, -1654068.250000, 208123.828125
8.300000, -28093.810547, -28093.810547, 6133118.000000, 6133118.000000, -1734489.875000, 219873.046875
8.350000, -30749.474609, -30749.474609, 5413952.000000, 5413952.000000, -1607766.625000, 236347.718750
8.400000, -64621.367188, -64621.367188, 4940227.000000, 4940227.000000, -1603608.000000, 201415.687500
8.450000, -67490.921875, -67490.921875, 4045239.750000, 4045239.750000, -1768892.250000, 128758.835938
8.500000, -46133.457031, -46133.457031, 3130813.250000, 3130813.250000, -1503099.250000, 110480.859375
8.550000, -35348.074219, -35348.074219, 3081984.750000, 3081984.750000, -1048814.875000, 112665.171875
8.600000, -31160.072266, -31160.072266, 3322972.000000, 3322972.000000, -906359.312500, 103056.085938
8.650000, -26022.841797, -26022.841797, 3311509.500000, 3311509.500000, -864012.875000, 105356.625000
8.700000, -27306.929688, -27306.929688, 3128771.750000, 3128771.750000, -750236.750000, 98237.648438
8.750000, -27965.648438, -27965.648438, 2974566.000000, 2974566.000000, -752677.000000, 83205.820312
8.800000, -22667.156250, -22667.156250, 2832809.750000, 2832809.750000, -763624.375000, 87166.257812
8.850000, -21304.888672, -21304.888672, 2676439.500000, 2676439.500000, -708032.062500, 99876.375000
8.900000, -20329.791016, -20329.791016, 2628812.250000, 2628812.250000, -715520.312500, 89569.437500
8.950000, -17044.455078, -17044.455078, 2489502.250000, 2489502.250000, -694783.437500, 65098.937500
9.000000, -14224.053711, -14224.053711, 2239062.000000, 2239062.000000, -627334.000000, 54673.140625
9.050000, -10971.649414, -10971.649414, 2028461.250000, 2028461.250000, -556040.625000, 49152.886719
9.100000, -10209.817383, -10209.817383, 1778167.250000, 1778167.250000, -459881.875000, 38842.835938
9.150000, -10544.494141, -10544.494141, 1539886.750000, 1539886.750000, -383631.812500, 26777.056641
9.200000, -9266.837891, -9266.837891, 1251891.500000, 1251891.500000, -302971.562500, 24236.000000
9.250000, -7358.990234, -7358.990234, 949578.500000, 949578.500000, -202410.625000, 35920.050781
9.300000, -4297.530273, -4297.530273, 777870.250000, 777870.250000, -121587.187500, 33864.960938
9.350000, -1292.653320, -1292.653320, 492980.781250, 492980.781250, -54743.929688, 13751.670898
9.400000, -130.031555, -130.031555, 135705.281250, 135705.281250, -11074.800781, 1593.344238
