Time 1XX 1ZZ 2XX 2ZZ 1X2Z 1Z2X 
-9.550000, 0.000000, 0.000000, 0.000000, 0.000000, 0.000000, 0.000000
-9.500000, -1221.497925, -1221.497925, 82868.640625, 82868.640625, 29785.755859, -3398.398438
-9.450000, -7302.236328, -7302.236328, 329164.625000, 329164.625000, 124529.523438, -19606.666016
-9.400000, -14998.849609, -14998.849609, 576383.375000, 576383.375000, 226831.906250, -38211.203125
-9.350000, -16729.996094, -16729.996094, 746353.187500, 746353.187500, 292447.250000, -41776.597656
-9.300000, -22404.382812, -22404.382812, 979000.375000, 979000.375000, 383059.406250, -58715.402344
-9.250000, -36932.515625, -36932.515625, 1210708.125000, 1210708.125000, 485941.437500, -93185.812500
-9.200000, -47591.460938, -47591.460938, 1406540.250000, 1406540.250000, 552124.500000, -119587.500000
-9.150000, -59931.179688, -59931.179688, 1622643.875000, 1622643.875000, 621967.750000, -158477.343750
-9.100000, -77580.085938, -77580.085938, 1785853.750000, 1785853.750000, 701614.875000, -197593.921875
-9.050000, -89154.187500, -89154.187500, 1951746.750000, 1951746.750000, 771499.125000, -221548.421875
-9.000000, -92077.617188, -92077.617188, 2143236.500000, 2143236.500000, 840647.125000, -235056.281250
-8.950000, -89366.164062, -89366.164062, 2298873.750000, 2298873.750000, 902572.375000, -227174.875000
-8.900000, -93403.335938, -93403.335938, 2466487.000000, 2466487.000000, 967347.187500, -239636.046875
-8.850000, -101917.507812, -101917.507812, 2663454.750000, 2663454.750000, 1049005.125000, -259828.765625
-8.800000, -102045.117188, -102045.117188, 2895927.000000, 2895927.000000, 1139823.500000, -259885.437500
-8.750000, -105909.179688, -105909.179688, 3121388.500000, 3121388.500000, 1230153.500000, -274201.562500
-8.700000, -111773.210938, -111773.210938, 3325866.500000, 3325866.500000, 1313454.000000, -275601.937500
-8.650000, -109246.890625, -109246.890625, 3542214.250000, 3542214.250000, 1397626.000000, -272548.812500
-8.600000, -114296.367188, -114296.367188, 3708110.250000, 3708110.250000, 1477334.000000, -295150.468750
-8.550000, -131319.734375, -131319.734375, 3875578.500000, 3875578.500000, 1543656.375000, -329254.718750
-8.500000, -150216.921875, -150216.921875, 4058646.500000, 4058646.500000, 1603574.125000, -381584.375000
-8.450000, -189366.875000, -189366.875000, 4128794.250000, 4128794.250000, 1638031.625000, -485380.875000
-8.400000, -277262.625000, -277262.625000, 4068529.500000, 4068529.500000, 1623645.000000, -705958.187500
-8.350000, -347560.375000, -347560.375000, 4142360.500000, 4142360.500000, 1635469.250000, -869435.625000
-8.300000, -301065.531250, -301065.531250, 4660121.500000, 4660121.500000, 1812845.750000, -747238.125000
-8.250000, -238946.937500, -238946.937500, 5292398.000000, 5292398.000000, 2086638.125000, -612177.375000
-8.200000, -251831.250000, -251831.250000, 5787530.000000, 5787530.000000, 2293130.000000, -616691.687500
-8.150000, -200557.812500, -200557.812500, 6292197.000000, 6292197.000000, 2482575.500000, -492653.687500
-8.100000, -126427.828125, -126427.828125, 6586020.000000, 6586020.000000, 2646360.750000, -391205.625000
-8.050000, -177135.281250, -177135.281250, 6901088.000000, 6901088.000000, 2748719.750000, -473008.218750
-8.000000, -216357.187500, -216357.187500, 7517403.000000, 7517403.000000, 2947176.750000, -474018.687500
-7.950000, -194829.562500, -194829.562500, 8110697.000000, 8110697.000000, 3226522.500000, -486599.968750
-7.900000, -224358.187500, -224358.187500, 8648921.000000, 8648921.000000, 3448732.250000, -594877.625000
-7.850000, -234598.359375, -234598.359375, 8952405.000000, 8952405.000000, 3579813.250000, -540175.625000
-7.800000, -169740.531250, -169740.531250, 8918518.000000, 8918518.000000, 3586885.250000, -398798.406250
-7.750000, -109122.515625, -109122.515625, 8892045.000000, 8892045.000000, 3552793.250000, -294025.718750
-7.700000, -74511.906250, -74511.906250, 8959259.000000, 8959259.000000, 3564800.500000, -158061.015625
-7.650000, -29007.128906, -29007.128906, 9107799.000000, 9107799.000000, 3597110.750000, -38691.273438
-7.600000, 26673.964844, 26673.964844, 9239354.000000, 9239354.000000, 3663557.250000, 63313.460938
-7.550000, 62572.980469, 62572.980469, 9375025.000000, 9375025.000000, 3738370.000000, 189121.656250
-7.500000, 91043.992188, 91043.992188, 9601058.000000, 9601058.000000, 3817882.250000, 296895.437500
-7.450000, 145795.734375, 145795.734375, 9747850.000000, 9747850.000000, 3929698.500000, 372806.000000
-7.400000, 204521.062500, 204521.062500, 9902194.000000, 9902194.000000, 3997666.250000, 469328.937500
-7.350000, 225195.937500, 225195.937500, 10117123.000000, 10117123.000000, 4040284.000000, 578150.187500
-7.300000, 253661.125000, 253661.125000, 10313115.000000, 10313115.000000, 4148616.000000, 665334.875000
-7.250000, 334545.843750, 334545.843750, 10552055.000000, 10552055.000000, 4270775.000000, 788561.750000
-7.200000, 358574.031250, 358574.031250, 10752167.000000, 10752167.000000, 4294244.500000, 899444.750000
-7.150000, 323902.093750, 323902.093750, 10910750.000000, 10910750.000000, 4291241.500000, 953405.250000
-7.100000, 393167.968750, 393167.968750, 11098859.000000, 11098859.000000, 4417069.000000, 1049742.000000
-7.050000, 469806.125000, 469806.125000, 11307528.000000, 11307528.000000, 4541675.500000, 1150941.375000
-7.000000, 441898.625000, 441898.625000, 11511903.000000, 11511903.000000, 4584411.500000, 1200098.250000
-6.950000, 481240.250000, 481240.250000, 11704968.000000, 11704968.000000, 4676047.500000, 1264196.000000
-6.900000, 566918.750000, 566918.750000, 11955376.000000, 11955376.000000, 4753332.000000, 1375367.125000
-6.850000, 567430.750000, 567430.750000, 12154203.000000, 12154203.000000, 4817064.500000, 1471883.250000
-6.800000, 592246.812500, 592246.812500, 12273332.000000, 12273332.000000, 4938249.500000, 1522568.750000
-6.750000, 667078.500000, 667078.500000, 12452577.000000, 12452577.000000, 5030993.500000, 1620248.625000
-6.700000, 693852.937500, 693852.937500, 12643689.000000, 12643689.000000, 5131019.000000, 1730716.875000
-6.650000, 700043.250000, 700043.250000, 12865899.000000, 12865899.000000, 5254955.000000, 1800020.000000
-6.600000, 748167.500000, 748167.500000, 13102537.000000, 13102537.000000, 5319138.000000, 1906318.750000
-6.550000, 811022.625000, 811022.625000, 13325417.000000, 13325417.000000, 5365267.500000, 2004013.500000
-6.500000, 838048.750000, 838048.750000, 13592498.000000, 13592498.000000, 5462264.500000, 2099725.000000
-6.450000, 851564.375000, 851564.375000, 13751879.000000, 13751879.000000, 5561410.500000, 2193466.250000
-6.400000, 864320.937500, 864320.937500, 13888311.000000, 13888311.000000, 5568372.000000, 2222797.750000
-6.350000, 889106.062500, 889106.062500, 14153643.000000, 14153643.000000, 5602670.500000, 2322662.750000
-6.300000, 959696.062500, 959696.062500, 14395304.000000, 14395304.000000, 5759493.000000, 2424413.000000
-6.250000, 1004586.812500, 1004586.812500, 14622798.000000, 14622798.000000, 5853908.000000, 2437156.750000
-6.200000, 1016100.375000, 1016100.375000, 14818704.000000, 14818704.000000, 5911708.500000, 2529292.500000
-6.150000, 1075913.875000, 1075913.875000, 14940068.000000, 14940068.000000, 6042163.500000, 2625274.500000
-6.100000, 1133912.750000, 1133912.750000, 15127450.000000, 15127450.000000, 6110926.500000, 2704077.000000
-6.050000, 1133526.500000, 1133526.500000, 15368411.000000, 15368411.000000, 6135143.000000, 2833906.250000
-6.000000, 1126867.875000, 1126867.875000, 15611926.000000, 15611926.000000, 6224126.500000, 2894553.500000
-5.950000, 1156403.000000, 1156403.000000, 15886909.000000, 15886909.000000, 6359702.000000, 2955313.250000
-5.900000, 1192805.125000, 1192805.125000, 16122343.000000, 16122343.000000, 6487097.000000, 3041000.500000
-5.850000, 1227171.750000, 1227171.750000, 16276561.000000, 16276561.000000, 6570078.500000, 3088390.750000
-5.800000, 1275389.875000, 1275389.875000, 16467006.000000, 16467006.000000, 6627459.000000, 3179000.000000
-5.750000, 1308050.500000, 1308050.500000, 16718173.000000, 16718173.000000, 6647318.000000, 3286179.750000
-5.700000, 1351970.250000, 1351970.250000, 16932586.000000, 16932586.000000, 6715287.000000, 3363344.250000
-5.650000, 1412655.375000, 1412655.375000, 17125228.000000, 17125228.000000, 6858359.000000, 3436782.000000
-5.600000, 1410461.750000, 1410461.750000, 17295840.000000, 17295840.000000, 6902520.000000, 3537662.250000
-5.550000, 1408387.625000, 1408387.625000, 17473342.000000, 17473342.000000, 6987170.500000, 3643342.250000
-5.500000, 1496345.375000, 1496345.375000, 17688184.000000, 17688184.000000, 7194659.500000, 3718614.750000
-5.450000, 1558295.375000, 1558295.375000, 17847244.000000, 17847244.000000, 7269087.500000, 3803175.250000
-5.400000, 1538528.750000, 1538528.750000, 18028552.000000, 18028552.000000, 7268826.500000, 3867696.000000
-5.350000, 1577542.625000, 1577542.625000, 18255846.000000, 18255846.000000, 7346263.000000, 3938175.250000
-5.300000, 1647874.625000, 1647874.625000, 18454924.000000, 18454924.000000, 7426701.000000, 4047418.500000
-5.250000, 1627418.625000, 1627418.625000, 18700960.000000, 18700960.000000, 7462046.000000, 4120652.250000
-5.200000, 1649550.500000, 1649550.500000, 18906032.000000, 18906032.000000, 7552557.000000, 4187118.500000
-5.150000, 1733755.250000, 1733755.250000, 19071050.000000, 19071050.000000, 7705289.000000, 4258795.500000
-5.100000, 1722735.875000, 1722735.875000, 19337774.000000, 19337774.000000, 7749468.500000, 4352335.500000
-5.050000, 1741543.875000, 1741543.875000, 19597338.000000, 19597338.000000, 7798109.500000, 4470769.000000
-5.000000, 1838666.625000, 1838666.625000, 19802174.000000, 19802174.000000, 7901975.000000, 4519704.000000
-4.950000, 1851840.375000, 1851840.375000, 20015120.000000, 20015120.000000, 7940394.000000, 4569032.500000
-4.900000, 1873721.125000, 1873721.125000, 20229826.000000, 20229826.000000, 8082468.500000, 4655119.500000
-4.850000, 1956288.000000, 1956288.000000, 20437532.000000, 20437532.000000, 8247478.500000, 4725602.500000
-4.800000, 1967089.125000, 1967089.125000, 20652416.000000, 20652416.000000, 8306709.500000, 4813372.500000
-4.750000, 1960035.875000, 1960035.875000, 20920310.000000, 20920310.000000, 8375280.500000, 4901039.500000
-4.700000, 2009341.375000, 2009341.375000, 21168570.000000, 21168570.000000, 8427871.000000, 5001755.000000
-4.650000, 2043196.750000, 2043196.750000, 21323584.000000, 21323584.000000, 8499469.000000, 5088325.000000
-4.600000, 2034205.750000, 2034205.750000, 21494596.000000, 21494596.000000, 8570543.000000, 5151989.500000
-4.550000, 2072438.500000, 2072438.500000, 21733668.000000, 21733668.000000, 8672970.000000, 5263602.500000
-4.500000, 2166849.000000, 2166849.000000, 21968810.000000, 21968810.000000, 8816499.000000, 5333036.000000
-4.450000, 2191731.500000, 2191731.500000, 22196958.000000, 22196958.000000, 8837948.000000, 5385121.000000
-4.400000, 2194863.750000, 2194863.750000, 22445076.000000, 22445076.000000, 8891873.000000, 5486993.000000
-4.350000, 2250637.750000, 2250637.750000, 22648280.000000, 22648280.000000, 8970253.000000, 5554760.000000
-4.300000, 2272961.750000, 2272961.750000, 22827466.000000, 22827466.000000, 9008713.000000, 5640704.000000
-4.250000, 2294991.750000, 2294991.750000, 23039474.000000, 23039474.000000, 9159149.000000, 5749908.000000
-4.200000, 2331636.500000, 2331636.500000, 23187958.000000, 23187958.000000, 9268434.000000, 5811987.500000
-4.150000, 2349551.250000, 2349551.250000, 23324422.000000, 23324422.000000, 9355422.000000, 5857453.000000
-4.100000, 2407599.750000, 2407599.750000, 23545602.000000, 23545602.000000, 9447974.000000, 5947376.000000
-4.050000, 2457034.500000, 2457034.500000, 23733918.000000, 23733918.000000, 9471665.000000, 6057380.500000
-4.000000, 2479394.000000, 2479394.000000, 23921580.000000, 23921580.000000, 9559154.000000, 6086874.000000
-3.950000, 2501465.000000, 2501465.000000, 24212296.000000, 24212296.000000, 9622216.000000, 6166057.000000
-3.900000, 2504713.250000, 2504713.250000, 24481902.000000, 24481902.000000, 9718729.000000, 6324296.000000
-3.850000, 2558906.250000, 2558906.250000, 24664560.000000, 24664560.000000, 9865586.000000, 6383101.500000
-3.800000, 2615490.250000, 2615490.250000, 24887672.000000, 24887672.000000, 9912896.000000, 6468652.500000
-3.750000, 2612821.500000, 2612821.500000, 25162404.000000, 25162404.000000, 10012004.000000, 6598112.500000
-3.700000, 2647064.750000, 2647064.750000, 25359338.000000, 25359338.000000, 10091194.000000, 6631686.500000
-3.650000, 2708952.750000, 2708952.750000, 25537478.000000, 25537478.000000, 10136553.000000, 6664196.500000
-3.600000, 2730233.250000, 2730233.250000, 25778134.000000, 25778134.000000, 10234233.000000, 6743269.500000
-3.550000, 2717448.250000, 2717448.250000, 25995188.000000, 25995188.000000, 10275294.000000, 6829975.000000
-3.500000, 2753118.750000, 2753118.750000, 26200630.000000, 26200630.000000, 10376432.000000, 6902848.000000
-3.450000, 2837770.750000, 2837770.750000, 26406842.000000, 26406842.000000, 10494534.000000, 6996989.000000
-3.400000, 2850479.500000, 2850479.500000, 26572780.000000, 26572780.000000, 10560328.000000, 7135025.000000
-3.350000, 2867812.000000, 2867812.000000, 26736640.000000, 26736640.000000, 10643480.000000, 7239247.000000
-3.300000, 2959474.500000, 2959474.500000, 26910638.000000, 26910638.000000, 10705773.000000, 7312804.500000
-3.250000, 2989832.500000, 2989832.500000, 27128188.000000, 27128188.000000, 10818749.000000, 7382741.000000
-3.200000, 2974495.500000, 2974495.500000, 27390384.000000, 27390384.000000, 10908300.000000, 7471884.500000
-3.150000, 3017801.750000, 3017801.750000, 27611638.000000, 27611638.000000, 10969054.000000, 7565723.000000
-3.100000, 3051358.750000, 3051358.750000, 27795088.000000, 27795088.000000, 11056675.000000, 7607193.000000
-3.050000, 3032177.000000, 3032177.000000, 27998294.000000, 27998294.000000, 11116820.000000, 7706158.500000
-3.000000, 3092961.250000, 3092961.250000, 28223810.000000, 28223810.000000, 11272423.000000, 7846423.000000
-2.950000, 3183839.000000, 3183839.000000, 28414172.000000, 28414172.000000, 11373621.000000, 7890889.000000
-2.900000, 3160667.500000, 3160667.500000, 28560668.000000, 28560668.000000, 11395048.000000, 7939889.000000
-2.850000, 3180743.250000, 3180743.250000, 28760414.000000, 28760414.000000, 11504738.000000, 8070445.000000
-2.800000, 3261346.000000, 3261346.000000, 28999208.000000, 28999208.000000, 11550573.000000, 8173916.000000
-2.750000, 3262228.250000, 3262228.250000, 29172568.000000, 29172568.000000, 11637346.000000, 8197999.500000
-2.700000, 3259964.500000, 3259964.500000, 29347700.000000, 29347700.000000, 11764753.000000, 8277817.500000
-2.650000, 3298603.250000, 3298603.250000, 29581210.000000, 29581210.000000, 11851720.000000, 8414674.000000
-2.600000, 3372046.250000, 3372046.250000, 29798552.000000, 29798552.000000, 12039676.000000, 8464224.000000
-2.550000, 3414051.500000, 3414051.500000, 30007174.000000, 30007174.000000, 12151613.000000, 8547586.000000
-2.500000, 3427860.500000, 3427860.500000, 30203114.000000, 30203114.000000, 12200685.000000, 8690187.000000
-2.450000, 3527967.500000, 3527967.500000, 30360988.000000, 30360988.000000, 12295738.000000, 8738337.000000
-2.400000, 3545510.750000, 3545510.750000, 30526932.000000, 30526932.000000, 12353750.000000, 8787107.000000
-2.350000, 3474988.750000, 3474988.750000, 30739784.000000, 30739784.000000, 12387820.000000, 8899417.000000
-2.300000, 3528299.000000, 3528299.000000, 31024656.000000, 31024656.000000, 12394108.000000, 8997389.000000
-2.250000, 3610060.500000, 3610060.500000, 31300420.000000, 31300420.000000, 12571517.000000, 9073769.000000
-2.200000, 3623235.500000, 3623235.500000, 31500978.000000, 31500978.000000, 12771491.000000, 9148638.000000
-2.150000, 3622985.000000, 3622985.000000, 31659670.000000, 31659670.000000, 12735426.000000, 9231258.000000
-2.100000, 3706423.500000, 3706423.500000, 31794202.000000, 31794202.000000, 12798279.000000, 9315680.000000
-2.050000, 3779282.250000, 3779282.250000, 31972860.000000, 31972860.000000, 12894481.000000, 9410801.000000
-2.000000, 3724447.750000, 3724447.750000, 32214082.000000, 32214082.000000, 12919397.000000, 9499021.000000
-1.950000, 3761462.000000, 3761462.000000, 32471336.000000, 32471336.000000, 13098371.000000, 9556542.000000
-1.900000, 3829590.250000, 3829590.250000, 32607478.000000, 32607478.000000, 13309568.000000, 9629087.000000
-1.850000, 3801000.250000, 3801000.250000, 32554934.000000, 32554934.000000, 13493183.000000, 9722412.000000
-1.800000, 3858900.750000, 3858900.750000, 32537542.000000, 32537542.000000, 13614041.000000, 9816192.000000
-1.750000, 3924390.500000, 3924390.500000, 32569400.000000, 32569400.000000, 13687879.000000, 9925133.000000
-1.700000, 3934809.000000, 3934809.000000, 32562910.000000, 32562910.000000, 13809416.000000, 10030303.000000
-1.650000, 3946064.750000, 3946064.750000, 32692328.000000, 32692328.000000, 13860075.000000, 10111274.000000
-1.600000, 3975215.750000, 3975215.750000, 33120226.000000, 33120226.000000, 13877213.000000, 10178757.000000
-1.550000, 4045317.000000, 4045317.000000, 33787364.000000, 33787364.000000, 13847474.000000, 10245377.000000
-1.500000, 4020713.250000, 4020713.250000, 34394044.000000, 34394044.000000, 13784627.000000, 10329595.000000
-1.450000, 4062676.250000, 4062676.250000, 34894940.000000, 34894940.000000, 13790064.000000, 10423662.000000
-1.400000, 4254503.500000, 4254503.500000, 35391344.000000, 35391344.000000, 13770447.000000, 10486273.000000
-1.350000, 4255473.000000, 4255473.000000, 35916780.000000, 35916780.000000, 13852698.000000, 10491486.000000
-1.300000, 4230392.500000, 4230392.500000, 36509416.000000, 36509416.000000, 13949641.000000, 10462643.000000
-1.250000, 4407877.500000, 4407877.500000, 36920296.000000, 36920296.000000, 13962549.000000, 10464895.000000
-1.200000, 4456392.500000, 4456392.500000, 37356544.000000, 37356544.000000, 14111681.000000, 10489351.000000
-1.150000, 4311115.000000, 4311115.000000, 37764640.000000, 37764640.000000, 14095094.000000, 10522892.000000
-1.100000, 4359220.500000, 4359220.500000, 37505356.000000, 37505356.000000, 13870704.000000, 10634121.000000
-1.050000, 4528054.500000, 4528054.500000, 37266136.000000, 37266136.000000, 13737643.000000, 10772524.000000
-1.000000, 4427302.000000, 4427302.000000, 37501748.000000, 37501748.000000, 13594498.000000, 10877816.000000
-0.950000, 4412211.000000, 4412211.000000, 37627192.000000, 37627192.000000, 13542349.000000, 10973222.000000
-0.900000, 4672382.000000, 4672382.000000, 37737740.000000, 37737740.000000, 13509516.000000, 11075910.000000
-0.850000, 4703636.000000, 4703636.000000, 38020636.000000, 38020636.000000, 13368625.000000, 11299040.000000
-0.800000, 4663994.000000, 4663994.000000, 38491820.000000, 38491820.000000, 13427404.000000, 11624353.000000
-0.750000, 4814000.500000, 4814000.500000, 38867668.000000, 38867668.000000, 13607734.000000, 11849335.000000
-0.700000, 4885444.000000, 4885444.000000, 38919468.000000, 38919468.000000, 13680415.000000, 11915982.000000
-0.650000, 4854907.500000, 4854907.500000, 39011904.000000, 39011904.000000, 13765720.000000, 11893563.000000
-0.600000, 4897472.500000, 4897472.500000, 38891472.000000, 38891472.000000, 13960782.000000, 11714332.000000
-0.550000, 5125444.000000, 5125444.000000, 38222284.000000, 38222284.000000, 14218629.000000, 11197545.000000
-0.500000, 5325561.000000, 5325561.000000, 37506292.000000, 37506292.000000, 14360298.000000, 10676744.000000
-0.450000, 5268470.500000, 5268470.500000, 37608588.000000, 37608588.000000, 14132199.000000, 10744534.000000
-0.400000, 5211011.000000, 5211011.000000, 38666572.000000, 38666572.000000, 13664340.000000, 11225891.000000
-0.350000, 5247533.000000, 5247533.000000, 39818100.000000, 39818100.000000, 13314383.000000, 11700581.000000
-0.300000, 5044109.500000, 5044109.500000, 40567328.000000, 40567328.000000, 12846843.000000, 12077030.000000
-0.250000, 4772996.000000, 4772996.000000, 40741848.000000, 40741848.000000, 12488230.000000, 12208444.000000
-0.200000, 5123085.500000, 5123085.500000, 40956316.000000, 40956316.000000, 12834536.000000, 12213020.000000
-0.150000, 5476712.000000, 5476712.000000, 41948368.000000, 41948368.000000, 12932988.000000, 12267624.000000
-0.100000, 5256888.000000, 5256888.000000, 43541880.000000, 43541880.000000, 12578427.000000, 12263615.000000
-0.050000, 5803851.500000, 5803851.500000, 46100504.000000, 46100504.000000, 12906904.000000, 12597723.000000
0.000000, 6520114.500000, 6520114.500000, 47783140.000000, 47783140.000000, 13161002.000000, 13161002.000000
0.050000, 5803851.500000, 5803851.500000, 46100504.000000, 46100504.000000, 12597723.000000, 12906904.000000
0.100000, 5256888.000000, 5256888.000000, 43541880.000000, 43541880.000000, 12263615.000000, 12578427.000000
0.150000, 5476712.000000, 5476712.000000, 41948368.000000, 41948368.000000, 12267624.000000, 12932988.000000
0.200000, 5123085.500000, 5123085.500000, 40956316.000000, 40956316.000000, 12213020.000000, 12834536.000000
0.250000, 4772996.000000, 4772996.000000, 40741848.000000, 40741848.000000, 12208444.000000, 12488230.000000
0.300000, 5044109.500000, 5044109.500000, 40567328.000000, 40567328.000000, 12077030.000000, 12846843.000000
0.350000, 5247533.000000, 5247533.000000, 39818100.000000, 39818100.000000, 11700581.000000, 13314383.000000
0.400000, 5211011.000000, 5211011.000000, 38666572.000000, 38666572.000000, 11225891.000000, 13664340.000000
0.450000, 5268470.500000, 5268470.500000, 37608588.000000, 37608588.000000, 10744534.000000, 14132199.000000
0.500000, 5325561.000000, 5325561.000000, 37506292.000000, 37506292.000000, 10676744.000000, 14360298.000000
0.550000, 5125444.000000, 5125444.000000, 38222284.000000, 38222284.000000, 11197545.000000, 14218629.000000
0.600000, 4897472.500000, 4897472.500000, 38891472.000000, 38891472.000000, 11714332.000000, 13960782.000000
0.650000, 4854907.500000, 4854907.500000, 39011904.000000, 39011904.000000, 11893563.000000, 13765720.000000
0.700000, 4885444.000000, 4885444.000000, 38919468.000000, 38919468.000000, 11915982.000000, 13680415.000000
0.750000, 4814000.500000, 4814000.500000, 38867668.000000, 38867668.000000, 11849335.000000, 13607734.000000
0.800000, 4663994.000000, 4663994.000000, 38491820.000000, 38491820.000000, 11624353.000000, 13427404.000000
0.850000, 4703636.000000, 4703636.000000, 38020636.000000, 38020636.000000, 11299040.000000, 13368625.000000
0.900000, 4672382.000000, 4672382.000000, 37737740.000000, 37737740.000000, 11075910.000000, 13509516.000000
0.950000, 4412211.000000, 4412211.000000, 37627192.000000, 37627192.000000, 10973222.000000, 13542349.000000
1.000000, 4427302.000000, 4427302.000000, 37501748.000000, 37501748.000000, 10877816.000000, 13594498.000000
1.050000, 4528054.500000, 4528054.500000, 37266136.000000, 37266136.000000, 10772524.000000, 13737643.000000
1.100000, 4359220.500000, 4359220.500000, 37505356.000000, 37505356.000000, 10634121.000000, 13870704.000000
1.150000, 4311115.000000, 4311115.000000, 37764640.000000, 37764640.000000, 10522892.000000, 14095094.000000
1.200000, 4456392.500000, 4456392.500000, 37356544.000000, 37356544.000000, 10489351.000000, 14111681.000000
1.250000, 4407877.500000, 4407877.500000, 36920296.000000, 36920296.000000, 10464895.000000, 13962549.000000
1.300000, 4230392.500000, 4230392.500000, 36509416.000000, 36509416.000000, 10462643.000000, 13949641.000000
1.350000, 4255473.000000, 4255473.000000, 35916780.000000, 35916780.000000, 10491486.000000, 13852698.000000
1.400000, 4254503.500000, 4254503.500000, 35391344.000000, 35391344.000000, 10486273.000000, 13770447.000000
1.450000, 4062676.250000, 4062676.250000, 34894940.000000, 34894940.000000, 10423662.000000, 13790064.000000
1.500000, 4020713.250000, 4020713.250000, 34394044.000000, 34394044.000000, 10329595.000000, 13784627.000000
1.550000, 4045317.000000, 4045317.000000, 33787364.000000, 33787364.000000, 10245377.000000, 13847474.000000
1.600000, 3975215.750000, 3975215.750000, 33120226.000000, 33120226.000000, 10178757.000000, 13877213.000000
1.650000, 3946064.750000, 3946064.750000, 32692328.000000, 32692328.000000, 10111274.000000, 13860075.000000
1.700000, 3934809.000000, 3934809.000000, 32562910.000000, 32562910.000000, 10030303.000000, 13809416.000000
1.750000, 3924390.500000, 3924390.500000, 32569400.000000, 32569400.000000, 9925133.000000, 13687879.000000
1.800000, 3858900.750000, 3858900.750000, 32537542.000000, 32537542.000000, 9816192.000000, 13614041.000000
1.850000, 3801000.250000, 3801000.250000, 32554934.000000, 32554934.000000, 9722412.000000, 13493183.000000
1.900000, 3829590.250000, 3829590.250000, 32607478.000000, 32607478.000000, 9629087.000000, 13309568.000000
1.950000, 3761462.000000, 3761462.000000, 32471336.000000, 32471336.000000, 9556542.000000, 13098371.000000
2.000000, 3724447.750000, 3724447.750000, 32214082.000000, 32214082.000000, 9499021.000000, 12919397.000000
2.050000, 3779282.250000, 3779282.250000, 31972860.000000, 31972860.000000, 9410801.000000, 12894481.000000
2.100000, 3706423.500000, 3706423.500000, 31794202.000000, 31794202.000000, 9315680.000000, 12798279.000000
2.150000, 3622985.000000, 3622985.000000, 31659670.000000, 31659670.000000, 9231258.000000, 12735426.000000
2.200000, 3623235.500000, 3623235.500000, 31500978.000000, 31500978.000000, 9148638.000000, 12771491.000000
2.250000, 3610060.500000, 3610060.500000, 31300420.000000, 31300420.000000, 9073769.000000, 12571517.000000
2.300000, 3528299.000000, 3528299.000000, 31024656.000000, 31024656.000000, 8997389.000000, 12394108.000000
2.350000, 3474988.750000, 3474988.750000, 30739784.000000, 30739784.000000, 8899417.000000, 12387820.000000
2.400000, 3545510.750000, 3545510.750000, 30526932.000000, 30526932.000000, 8787107.000000, 12353750.000000
2.450000, 3527967.500000, 3527967.500000, 30360988.000000, 30360988.000000, 8738337.000000, 12295738.000000
2.500000, 3427860.500000, 3427860.500000, 30203114.000000, 30203114.000000, 8690187.000000, 12200685.000000
2.550000, 3414051.500000, 3414051.500000, 30007174.000000, 30007174.000000, 8547586.000000, 12151613.000000
2.600000, 3372046.250000, 3372046.250000, 29798552.000000, 29798552.000000, 8464224.000000, 12039676.000000
2.650000, 3298603.250000, 3298603.250000, 29581210.000000, 29581210.000000, 8414674.000000, 11851720.000000
2.700000, 3259964.500000, 3259964.500000, 29347700.000000, 29347700.000000, 8277817.500000, 11764753.000000
2.750000, 3262228.250000, 3262228.250000, 29172568.000000, 29172568.000000, 8197999.500000, 11637346.000000
2.800000, 3261346.000000, 3261346.000000, 28999208.000000, 28999208.000000, 8173916.000000, 11550573.000000
2.850000, 3180743.250000, 3180743.250000, 28760414.000000, 28760414.000000, 8070445.000000, 11504738.000000
2.900000, 3160667.500000, 3160667.500000, 28560668.000000, 28560668.000000, 7939889.000000, 11395048.000000
2.950000, 3183839.000000, 3183839.000000, 28414172.000000, 28414172.000000, 7890889.000000, 11373621.000000
3.000000, 3092961.250000, 3092961.250000, 28223810.000000, 28223810.000000, 7846423.000000, 11272423.000000
3.050000, 3032177.000000, 3032177.000000, 27998294.000000, 27998294.000000, 7706158.500000, 11116820.000000
3.100000, 3051358.750000, 3051358.750000, 27795088.000000, 27795088.000000, 7607193.000000, 11056675.000000
3.150000, 3017801.750000, 3017801.750000, 27611638.000000, 27611638.000000, 7565723.000000, 10969054.000000
3.200000, 2974495.500000, 2974495.500000, 27390384.000000, 27390384.000000, 7471884.500000, 10908300.000000
3.250000, 2989832.500000, 2989832.500000, 27128188.000000, 27128188.000000, 7382741.000000, 10818749.000000
3.300000, 2959474.500000, 2959474.500000, 26910638.000000, 26910638.000000, 7312804.500000, 10705773.000000
3.350000, 2867812.000000, 2867812.000000, 26736640.000000, 26736640.000000, 7239247.000000, 10643480.000000
3.400000, 2850479.500000, 2850479.500000, 26572780.000000, 26572780.000000, 7135025.000000, 10560328.000000
3.450000, 2837770.750000, 2837770.750000, 26406842.000000, 26406842.000000, 6996989.000000, 10494534.000000
3.500000, 2753118.750000, 2753118.750000, 26200630.000000, 26200630.000000, 6902848.000000, 10376432.000000
3.550000, 2717448.250000, 2717448.250000, 25995188.000000, 25995188.000000, 6829975.000000, 10275294.000000
3.600000, 2730233.250000, 2730233.250000, 25778134.000000, 25778134.000000, 6743269.500000, 10234233.000000
3.650000, 2708952.750000, 2708952.750000, 25537478.000000, 25537478.000000, 6664196.500000, 10136553.000000
3.700000, 2647064.750000, 2647064.750000, 25359338.000000, 25359338.000000, 6631686.500000, 10091194.000000
3.750000, 2612821.500000, 2612821.500000, 25162404.000000, 25162404.000000, 6598112.500000, 10012004.000000
3.800000, 2615490.250000, 2615490.250000, 24887672.000000, 24887672.000000, 6468652.500000, 9912896.000000
3.850000, 2558906.250000, 2558906.250000, 24664560.000000, 24664560.000000, 6383101.500000, 9865586.000000
3.900000, 2504713.250000, 2504713.250000, 24481902.000000, 24481902.000000, 6324296.000000, 9718729.000000
3.950000, 2501465.000000, 2501465.000000, 24212296.000000, 24212296.000000, 6166057.000000, 9622216.000000
4.000000, 2479394.000000, 2479394.000000, 23921580.000000, 23921580.000000, 6086874.000000, 9559154.000000
4.050000, 2457034.500000, 2457034.500000, 23733918.000000, 23733918.000000, 6057380.500000, 9471665.000000
4.100000, 2407599.750000, 2407599.750000, 23545602.000000, 23545602.000000, 5947376.000000, 9447974.000000
4.150000, 2349551.250000, 2349551.250000, 23324422.000000, 23324422.000000, 5857453.000000, 9355422.000000
4.200000, 2331636.500000, 2331636.500000, 23187958.000000, 23187958.000000, 5811987.500000, 9268434.000000
4.250000, 2294991.750000, 2294991.750000, 23039474.000000, 23039474.000000, 5749908.000000, 9159149.000000
4.300000, 2272961.750000, 2272961.750000, 22827466.000000, 22827466.000000, 5640704.000000, 9008713.000000
4.350000, 2250637.750000, 2250637.750000, 22648280.000000, 22648280.000000, 5554760.000000, 8970253.000000
4.400000, 2194863.750000, 2194863.750000, 22445076.000000, 22445076.000000, 5486993.000000, 8891873.000000
4.450000, 2191731.500000, 2191731.500000, 22196958.000000, 22196958.000000, 5385121.000000, 8837948.000000
4.500000, 2166849.000000, 2166849.000000, 21968810.000000, 21968810.000000, 5333036.000000, 8816499.000000
4.550000, 2072438.500000, 2072438.500000, 21733668.000000, 21733668.000000, 5263602.500000, 8672970.000000
4.600000, 2034205.750000, 2034205.750000, 21494596.000000, 21494596.000000, 5151989.500000, 8570543.000000
4.650000, 2043196.750000, 2043196.750000, 21323584.000000, 21323584.000000, 5088325.000000, 8499469.000000
4.700000, 2009341.375000, 2009341.375000, 21168570.000000, 21168570.000000, 5001755.000000, 8427871.000000
4.750000, 1960035.875000, 1960035.875000, 20920310.000000, 20920310.000000, 4901039.500000, 8375280.500000
4.800000, 1967089.125000, 1967089.125000, 20652416.000000, 20652416.000000, 4813372.500000, 8306709.500000
4.850000, 1956288.000000, 1956288.000000, 20437532.000000, 20437532.000000, 4725602.500000, 8247478.500000
4.900000, 1873721.125000, 1873721.125000, 20229826.000000, 20229826.000000, 4655119.500000, 8082468.500000
4.950000, 1851840.375000, 1851840.375000, 20015120.000000, 20015120.000000, 4569032.500000, 7940394.000000
5.000000, 1838666.625000, 1838666.625000, 19802174.000000, 19802174.000000, 4519704.000000, 7901975.000000
5.050000, 1741543.875000, 1741543.875000, 19597338.000000, 19597338.000000, 4470769.000000, 7798109.500000
5.100000, 1722735.875000, 1722735.875000, 19337774.000000, 19337774.000000, 4352335.500000, 7749468.500000
5.150000, 1733755.250000, 1733755.250000, 19071050.000000, 19071050.000000, 4258795.500000, 7705289.000000
5.200000, 1649550.500000, 1649550.500000, 18906032.000000, 18906032.000000, 4187118.500000, 7552557.000000
5.250000, 1627418.625000, 1627418.625000, 18700960.000000, 18700960.000000, 4120652.250000, 7462046.000000
5.300000, 1647874.625000, 1647874.625000, 18454924.000000, 18454924.000000, 4047418.500000, 7426701.000000
5.350000, 1577542.625000, 1577542.625000, 18255846.000000, 18255846.000000, 3938175.250000, 7346263.000000
5.400000, 1538528.750000, 1538528.750000, 18028552.000000, 18028552.000000, 3867696.000000, 7268826.500000
5.450000, 1558295.375000, 1558295.375000, 17847244.000000, 17847244.000000, 3803175.250000, 7269087.500000
5.500000, 1496345.375000, 1496345.375000, 17688184.000000, 17688184.000000, 3718614.750000, 7194659.500000
5.550000, 1408387.625000, 1408387.625000, 17473342.000000, 17473342.000000, 3643342.250000, 6987170.500000
5.600000, 1410461.750000, 1410461.750000, 17295840.000000, 17295840.000000, 3537662.250000, 6902520.000000
5.650000, 1412655.375000, 1412655.375000, 17125228.000000, 17125228.000000, 3436782.000000, 6858359.000000
5.700000, 1351970.250000, 1351970.250000, 16932586.000000, 16932586.000000, 3363344.250000, 6715287.000000
5.750000, 1308050.500000, 1308050.500000, 16718173.000000, 16718173.000000, 3286179.750000, 6647318.000000
5.800000, 1275389.875000, 1275389.875000, 16467006.000000, 16467006.000000, 3179000.000000, 6627459.000000
5.850000, 1227171.750000, 1227171.750000, 16276561.000000, 16276561.000000, 3088390.750000, 6570078.500000
5.900000, 1192805.125000, 1192805.125000, 16122343.000000, 16122343.000000, 3041000.500000, 6487097.000000
5.950000, 1156403.000000, 1156403.000000, 15886909.000000, 15886909.000000, 2955313.250000, 6359702.000000
6.000000, 1126867.875000, 1126867.875000, 15611926.000000, 15611926.000000, 2894553.500000, 6224126.500000
6.050000, 1133526.500000, 1133526.500000, 15368411.000000, 15368411.000000, 2833906.250000, 6135143.000000
6.100000, 1133912.750000, 1133912.750000, 15127450.000000, 15127450.000000, 2704077.000000, 6110926.500000
6.150000, 1075913.875000, 1075913.875000, 14940068.000000, 14940068.000000, 2625274.500000, 6042163.500000
6.200000, 1016100.375000, 1016100.375000, 14818704.000000, 14818704.000000, 2529292.500000, 5911708.500000
6.250000, 1004586.812500, 1004586.812500, 14622798.000000, 14622798.000000, 2437156.750000, 5853908.000000
6.300000, 959696.062500, 959696.062500, 14395304.000000, 14395304.000000, 2424413.000000, 5759493.000000
6.350000, 889106.062500, 889106.062500, 14153643.000000, 14153643.000000, 2322662.750000, 5602670.500000
6.400000, 864320.937500, 864320.937500, 13888311.000000, 13888311.000000, 2222797.750000, 5568372.000000
6.450000, 851564.375000, 851564.375000, 13751879.000000, 13751879.000000, 2193466.250000, 5561410.500000
6.500000, 838048.750000, 838048.750000, 13592498.000000, 13592498.000000, 2099725.000000, 5462264.500000
6.550000, 811022.625000, 811022.625000, 13325417.000000, 13325417.000000, 2004013.500000, 5365267.500000
6.600000, 748167.500000, 748167.500000, 13102537.000000, 13102537.000000, 1906318.750000, 5319138.000000
6.650000, 700043.250000, 700043.250000, 12865899.000000, 12865899.000000, 1800020.000000, 5254955.000000
6.700000, 693852.937500, 693852.937500, 12643689.000000, 12643689.000000, 1730716.875000, 5131019.000000
6.750000, 667078.500000, 667078.500000, 12452577.000000, 12452577.000000, 1620248.625000, 5030993.500000
6.800000, 592246.812500, 592246.812500, 12273332.000000, 12273332.000000, 1522568.750000, 4938249.500000
6.850000, 567430.750000, 567430.750000, 12154203.000000, 12154203.000000, 1471883.250000, 4817064.500000
6.900000, 566918.750000, 566918.750000, 11955376.000000, 11955376.000000, 1375367.125000, 4753332.000000
6.950000, 481240.250000, 481240.250000, 11704968.000000, 11704968.000000, 1264196.000000, 4676047.500000
7.000000, 441898.625000, 441898.625000, 11511903.000000, 11511903.000000, 1200098.250000, 4584411.500000
7.050000, 469806.125000, 469806.125000, 11307528.000000, 11307528.000000, 1150941.375000, 4541675.500000
7.100000, 393167.968750, 393167.968750, 11098859.000000, 11098859.000000, 1049742.000000, 4417069.000000
7.150000, 323902.093750, 323902.093750, 10910750.000000, 10910750.000000, 953405.250000, 4291241.500000
7.200000, 358574.031250, 358574.031250, 10752167.000000, 10752167.000000, 899444.750000, 4294244.500000
7.250000, 334545.843750, 334545.843750, 10552055.000000, 10552055.000000, 788561.750000, 4270775.000000
7.300000, 253661.125000, 253661.125000, 10313115.000000, 10313115.000000, 665334.875000, 4148616.000000
7.350000, 225195.937500, 225195.937500, 10117123.000000, 10117123.000000, 578150.187500, 4040284.000000
7.400000, 204521.062500, 204521.062500, 9902194.000000, 9902194.000000, 469328.937500, 3997666.250000
7.450000, 145795.734375, 145795.734375, 9747850.000000, 9747850.000000, 372806.000000, 3929698.500000
7.500000, 91043.992188, 91043.992188, 9601058.000000, 9601058.000000, 296895.437500, 3817882.250000
7.550000, 62572.980469, 62572.980469, 9375025.000000, 9375025.000000, 189121.656250, 3738370.000000
7.600000, 26673.964844, 26673.964844, 9239354.000000, 9239354.000000, 63313.460938, 3663557.250000
7.650000, -29007.128906, -29007.128906, 9107799.000000, 9107799.000000, -38691.273438, 3597110.750000
7.700000, -74511.906250, -74511.906250, 8959259.000000, 8959259.000000, -158061.015625, 3564800.500000
7.750000, -109122.515625, -109122.515625, 8892045.000000, 8892045.000000, -294025.718750, 3552793.250000
7.800000, -169740.531250, -169740.531250, 8918518.000000, 8918518.000000, -398798.406250, 3586885.250000
7.850000, -234598.359375, -234598.359375, 8952405.000000, 8952405.000000, -540175.625000, 3579813.250000
7.900000, -224358.187500, -224358.187500, 8648921.000000, 8648921.000000, -594877.625000, 3448732.250000
7.950000, -194829.562500, -194829.562500, 8110697.000000, 8110697.000000, -486599.968750, 3226522.500000
8.000000, -216357.187500, -216357.187500, 7517403.000000, 7517403.000000, -474018.687500, 2947176.750000
8.050000, -177135.281250, -177135.281250, 6901088.000000, 6901088.000000, -473008.218750, 2748719.750000
8.100000, -126427.828125, -126427.828125, 6586020.000000, 6586020.000000, -391205.625000, 2646360.750000
8.150000, -200557.812500, -200557.812500, 6292197.000000, 6292197.000000, -492653.687500, 2482575.500000
8.200000, -251831.250000, -251831.250000, 5787530.000000, 5787530.000000, -616691.687500, 2293130.000000
8.250000, -238946.937500, -238946.937500, 5292398.000000, 5292398.000000, -612177.375000, 2086638.125000
8.300000, -301065.531250, -301065.531250, 4660121.500000, 4660121.500000, -747238.125000, 1812845.750000
8.350000, -347560.375000, -347560.375000, 4142360.500000, 4142360.500000, -869435.625000, 1635469.250000
8.400000, -277262.625000, -277262.625000, 4068529.500000, 4068529.500000, -705958.187500, 1623645.000000
8.450000, -189366.875000, -189366.875000, 4128794.250000, 4128794.250000, -485380.875000, 1638031.625000
8.500000, -150216.921875, -150216.921875, 4058646.500000, 4058646.500000, -381584.375000, 1603574.125000
8.550000, -131319.734375, -131319.734375, 3875578.500000, 3875578.500000, -329254.718750, 1543656.375000
8.600000, -114296.367188, -114296.367188, 3708110.250000, 3708110.250000, -295150.468750, 1477334.000000
8.650000, -109246.890625, -109246.890625, 3542214.250000, 3542214.250000, -272548.812500, 1397626.000000
8.700000, -111773.210938, -111773.210938, 3325866.500000, 3325866.500000, -275601.937500, 1313454.000000
8.750000, -105909.179688, -105909.179688, 3121388.500000, 3121388.500000, -274201.562500, 1230153.500000
8.800000, -102045.117188, -102045.117188, 2895927.000000, 2895927.000000, -259885.437500, 1139823.500000
8.850000, -101917.507812, -101917.507812, 2663454.750000, 2663454.750000, -259828.765625, 1049005.125000
8.900000, -93403.335938, -93403.335938, 2466487.000000, 2466487.000000, -239636.046875, 967347.187500
8.950000, -89366.164062, -89366.164062, 2298873.750000, 2298873.750000, -227174.875000, 902572.375000
9.000000, -92077.617188, -92077.617188, 2143236.500000, 2143236.500000, -235056.281250, 840647.125000
9.050000, -89154.187500, -89154.187500, 1951746.750000, 1951746.750000, -221548.421875, 771499.125000
9.100000, -77580.085938, -77580.085938, 1785853.750000, 1785853.750000, -197593.921875, 701614.875000
9.150000, -59931.179688, -59931.179688, 1622643.875000, 1622643.875000, -158477.343750, 621967.750000
9.200000, -47591.460938, -47591.460938, 1406540.250000, 1406540.250000, -119587.500000, 552124.500000
9.250000, -36932.515625, -36932.515625, 1210708.125000, 1210708.125000, -93185.812500, 485941.437500
9.300000, -22404.382812, -22404.382812, 979000.375000, 979000.375000, -58715.402344, 383059.406250
9.350000, -16729.996094, -16729.996094, 746353.187500, 746353.187500, -41776.597656, 292447.250000
9.400000, -14998.849609, -14998.849609, 576383.375000, 576383.375000, -38211.203125, 226831.906250
9.450000, -7302.236328, -7302.236328, 329164.625000, 329164.625000, -19606.666016, 124529.523438
9.500000, -1221.497925, -1221.497925, 82868.640625, 82868.640625, -3398.398438, 29785.755859
