Time 1XX 1ZZ 2XX 2ZZ 1X2Z 1Z2X 
-9.000000, 0.000000, 0.000000, 0.000000, 0.000000, 0.000000, 0.000000
-8.950000, -1205.476440, -1205.476440, 70095.281250, 70095.281250, 8600.871094, -9824.377930
-8.900000, -5892.302246, -5892.302246, 280936.375000, 280936.375000, 29893.750000, -53250.105469
-8.850000, -10042.168945, -10042.168945, 489639.125000, 489639.125000, 38100.683594, -114332.421875
-8.800000, -9857.667969, -9857.667969, 610465.312500, 610465.312500, 32643.804688, -158797.265625
-8.750000, -14090.931641, -14090.931641, 761747.500000, 761747.500000, 44931.210938, -221668.593750
-8.700000, -18319.849609, -18319.849609, 901737.187500, 901737.187500, 54951.117188, -282979.343750
-8.650000, -14215.324219, -14215.324219, 951119.937500, 951119.937500, 42573.765625, -302241.562500
-8.600000, -20863.576172, -20863.576172, 858323.375000, 858323.375000, 26935.109375, -375466.000000
-8.550000, -45844.804688, -45844.804688, 760938.812500, 760938.812500, 32880.152344, -590600.937500
-8.500000, -57778.070312, -57778.070312, 1060319.125000, 1060319.125000, 79291.507812, -831184.375000
-8.450000, -33953.972656, -33953.972656, 1595146.000000, 1595146.000000, 121981.671875, -835809.812500
-8.400000, -24253.718750, -24253.718750, 2090641.000000, 2090641.000000, 138828.609375, -725248.500000
-8.350000, -45890.812500, -45890.812500, 2408583.750000, 2408583.750000, 133959.734375, -752428.437500
-8.300000, -28347.488281, -28347.488281, 2469699.250000, 2469699.250000, 119942.062500, -683463.875000
-8.250000, -7569.437500, -7569.437500, 2876964.750000, 2876964.750000, 168053.484375, -547381.750000
-8.200000, -50736.773438, -50736.773438, 3397924.500000, 3397924.500000, 201174.328125, -686869.500000
-8.150000, -98078.609375, -98078.609375, 3736028.250000, 3736028.250000, 198471.437500, -1074872.250000
-8.100000, -80411.046875, -80411.046875, 4358640.500000, 4358640.500000, 240462.484375, -1330563.500000
-8.050000, -30460.365234, -30460.365234, 4595305.500000, 4595305.500000, 238558.937500, -1130862.750000
-8.000000, -30495.054688, -30495.054688, 4356704.000000, 4356704.000000, 213510.953125, -837340.125000
-7.950000, -28756.791016, -28756.791016, 4255783.000000, 4255783.000000, 216138.421875, -709960.625000
-7.900000, -6333.482422, -6333.482422, 4368739.000000, 4368739.000000, 247141.156250, -589633.750000
-7.850000, -33686.105469, -33686.105469, 4618453.000000, 4618453.000000, 235314.750000, -554521.562500
-7.800000, -41603.613281, -41603.613281, 4634923.000000, 4634923.000000, 201287.531250, -483036.187500
-7.750000, -22896.740234, -22896.740234, 4869189.500000, 4869189.500000, 343264.625000, -395022.343750
-7.700000, -5767.758301, -5767.758301, 5141503.500000, 5141503.500000, 313999.468750, -356246.562500
-7.650000, -8702.621094, -8702.621094, 5060880.500000, 5060880.500000, 145149.875000, -262586.437500
-7.600000, -41519.457031, -41519.457031, 5325496.500000, 5325496.500000, 246044.171875, -279285.000000
-7.550000, 6090.995605, 6090.995605, 5549730.500000, 5549730.500000, 299114.781250, -254641.343750
-7.500000, 24124.259766, 24124.259766, 5711286.000000, 5711286.000000, 333616.218750, -206451.656250
-7.450000, -34686.636719, -34686.636719, 5905539.500000, 5905539.500000, 337528.125000, -264885.875000
-7.400000, -27718.246094, -27718.246094, 5927333.500000, 5927333.500000, 257663.640625, -216740.984375
-7.350000, 25309.539062, 25309.539062, 6215151.500000, 6215151.500000, 343466.562500, -154090.343750
-7.300000, 97219.804688, 97219.804688, 6313339.500000, 6313339.500000, 294156.406250, -60877.468750
-7.250000, 30813.890625, 30813.890625, 6485864.500000, 6485864.500000, 268711.656250, -43510.250000
-7.200000, -82591.796875, -82591.796875, 6792779.000000, 6792779.000000, 287672.062500, -129539.000000
-7.150000, -16785.156250, -16785.156250, 6789278.000000, 6789278.000000, 229856.000000, -41809.332031
-7.100000, 31760.929688, 31760.929688, 7041440.500000, 7041440.500000, 382428.593750, 2139.007812
-7.050000, 50167.382812, 50167.382812, 7175724.000000, 7175724.000000, 343187.250000, -3811.358398
-7.000000, 50020.464844, 50020.464844, 7403400.000000, 7403400.000000, 299883.031250, 14056.289062
-6.950000, 43095.011719, 43095.011719, 7634032.000000, 7634032.000000, 301031.281250, 84950.906250
-6.900000, 118270.781250, 118270.781250, 7445698.500000, 7445698.500000, 106798.437500, 245839.484375
-6.850000, 74278.203125, 74278.203125, 7646536.000000, 7646536.000000, 215353.406250, 166389.171875
-6.800000, 13384.984375, 13384.984375, 7803467.500000, 7803467.500000, 260086.531250, 111256.929688
-6.750000, -11346.757812, -11346.757812, 8137052.500000, 8137052.500000, 269902.906250, 170979.406250
-6.700000, -8241.256836, -8241.256836, 8344025.000000, 8344025.000000, 261496.609375, 203508.890625
-6.650000, 165816.078125, 165816.078125, 8129126.000000, 8129126.000000, 24499.800781, 347791.187500
-6.600000, 184019.000000, 184019.000000, 8687310.000000, 8687310.000000, 234004.093750, 364551.750000
-6.550000, 100516.945312, 100516.945312, 8649170.000000, 8649170.000000, 262194.625000, 519896.687500
-6.500000, 121947.695312, 121947.695312, 8478811.000000, 8478811.000000, 80448.500000, 570867.562500
-6.450000, 106549.835938, 106549.835938, 8927599.000000, 8927599.000000, 169521.281250, 233134.375000
-6.400000, 136893.062500, 136893.062500, 8933636.000000, 8933636.000000, -11626.191406, 325759.218750
-6.350000, 146627.578125, 146627.578125, 9307270.000000, 9307270.000000, -30851.929688, 699764.500000
-6.300000, 163964.281250, 163964.281250, 8630822.000000, 8630822.000000, -95803.164062, 920370.125000
-6.250000, 120031.593750, 120031.593750, 7933908.000000, 7933908.000000, -257559.093750, 689883.062500
-6.200000, 15167.803711, 15167.803711, 8812161.000000, 8812161.000000, -164785.937500, 449486.218750
-6.150000, 236313.390625, 236313.390625, 9098107.000000, 9098107.000000, -197052.187500, 1029579.687500
-6.100000, 355963.968750, 355963.968750, 9554963.000000, 9554963.000000, -23259.673828, 1086702.375000
-6.050000, 175314.156250, 175314.156250, 9094385.000000, 9094385.000000, -254333.093750, 703611.187500
-6.000000, 170913.375000, 170913.375000, 8560320.000000, 8560320.000000, -522671.937500, 1100159.000000
-5.950000, 252110.656250, 252110.656250, 9896862.000000, 9896862.000000, -64556.429688, 1433497.500000
-5.900000, 211594.296875, 211594.296875, 9295854.000000, 9295854.000000, -263997.968750, 1335860.000000
-5.850000, -76817.789062, -76817.789062, 9176672.000000, 9176672.000000, -382230.250000, 583484.500000
-5.800000, -212988.515625, -212988.515625, 10517482.000000, 10517482.000000, 44240.320312, 53967.632812
-5.750000, 98457.656250, 98457.656250, 9699847.000000, 9699847.000000, -59550.578125, 790508.500000
-5.700000, 174940.187500, 174940.187500, 9527111.000000, 9527111.000000, -145564.828125, 1164523.000000
-5.650000, -9841.397461, -9841.397461, 9611035.000000, 9611035.000000, -251972.875000, 890330.125000
-5.600000, -118191.171875, -118191.171875, 9141210.000000, 9141210.000000, -118173.976562, 572980.375000
-5.550000, -228441.656250, -228441.656250, 9940286.000000, 9940286.000000, 332297.125000, 354968.156250
-5.500000, -262103.000000, -262103.000000, 10526198.000000, 10526198.000000, 281467.187500, 707062.000000
-5.450000, -368518.750000, -368518.750000, 11239972.000000, 11239972.000000, 450409.031250, 556984.125000
-5.400000, -482801.218750, -482801.218750, 11949644.000000, 11949644.000000, 706061.250000, 165832.406250
-5.350000, -443971.093750, -443971.093750, 12023299.000000, 12023299.000000, 523569.625000, 489726.468750
-5.300000, -467171.031250, -467171.031250, 12114723.000000, 12114723.000000, 657583.875000, 702455.500000
-5.250000, -510626.093750, -510626.093750, 12155461.000000, 12155461.000000, 1056144.125000, 665093.500000
-5.200000, -603121.312500, -603121.312500, 12963291.000000, 12963291.000000, 1311277.125000, 142426.671875
-5.150000, -658873.312500, -658873.312500, 13487259.000000, 13487259.000000, 1384144.250000, -400956.562500
-5.100000, -476029.218750, -476029.218750, 13300999.000000, 13300999.000000, 1540751.125000, 40148.839844
-5.050000, -421211.500000, -421211.500000, 13242995.000000, 13242995.000000, 1807461.125000, 521647.375000
-5.000000, -526534.250000, -526534.250000, 12808139.000000, 12808139.000000, 1928772.875000, 733239.750000
-4.950000, -547382.125000, -547382.125000, 13118359.000000, 13118359.000000, 2312687.250000, 915820.312500
-4.900000, -552097.437500, -552097.437500, 13591379.000000, 13591379.000000, 2642449.750000, 793117.375000
-4.850000, -411656.125000, -411656.125000, 13445432.000000, 13445432.000000, 2356185.750000, 797073.000000
-4.800000, -221999.921875, -221999.921875, 13867879.000000, 13867879.000000, 2078000.250000, 864721.625000
-4.750000, -232015.515625, -232015.515625, 14222387.000000, 14222387.000000, 2013739.500000, 767059.812500
-4.700000, -281742.218750, -281742.218750, 14482355.000000, 14482355.000000, 1849988.000000, 714396.125000
-4.650000, -270309.906250, -270309.906250, 14714241.000000, 14714241.000000, 1806607.000000, 700485.437500
-4.600000, -176979.109375, -176979.109375, 14818542.000000, 14818542.000000, 2048145.375000, 823120.437500
-4.550000, -4413.980469, -4413.980469, 15115383.000000, 15115383.000000, 2073827.250000, 904348.250000
-4.500000, 124038.609375, 124038.609375, 15009518.000000, 15009518.000000, 1868838.375000, 765410.250000
-4.450000, 252982.156250, 252982.156250, 15336210.000000, 15336210.000000, 2027136.250000, 713609.437500
-4.400000, 330089.812500, 330089.812500, 15859121.000000, 15859121.000000, 2196325.500000, 792269.250000
-4.350000, 212679.109375, 212679.109375, 15786406.000000, 15786406.000000, 2177537.000000, 827362.500000
-4.300000, 51161.691406, 51161.691406, 16185597.000000, 16185597.000000, 2335861.250000, 862844.875000
-4.250000, -51085.062500, -51085.062500, 16545200.000000, 16545200.000000, 2418296.000000, 960041.812500
-4.200000, -40676.699219, -40676.699219, 16552641.000000, 16552641.000000, 2321660.000000, 1023375.312500
-4.150000, 111605.937500, 111605.937500, 16725877.000000, 16725877.000000, 2224090.500000, 993150.937500
-4.100000, 183492.718750, 183492.718750, 16974928.000000, 16974928.000000, 2216762.250000, 969311.062500
-4.050000, 235045.843750, 235045.843750, 17336432.000000, 17336432.000000, 2124124.500000, 1026051.812500
-4.000000, 394411.406250, 394411.406250, 17465382.000000, 17465382.000000, 1921461.250000, 1124793.250000
-3.950000, 426738.562500, 426738.562500, 17692018.000000, 17692018.000000, 2025323.375000, 1214305.750000
-3.900000, 355727.062500, 355727.062500, 17943520.000000, 17943520.000000, 2094124.375000, 1328987.375000
-3.850000, 313871.593750, 313871.593750, 17943652.000000, 17943652.000000, 2076185.875000, 1469312.000000
-3.800000, 254556.468750, 254556.468750, 18247392.000000, 18247392.000000, 2296244.500000, 1532540.750000
-3.750000, 230463.781250, 230463.781250, 18449048.000000, 18449048.000000, 2197745.000000, 1508672.625000
-3.700000, 262663.125000, 262663.125000, 18695166.000000, 18695166.000000, 2097111.500000, 1529288.125000
-3.650000, 280660.031250, 280660.031250, 19024048.000000, 19024048.000000, 2362162.000000, 1624924.125000
-3.600000, 219211.031250, 219211.031250, 19004738.000000, 19004738.000000, 2338942.000000, 1667023.875000
-3.550000, 183220.484375, 183220.484375, 19293874.000000, 19293874.000000, 2293428.750000, 1741450.500000
-3.500000, 280175.812500, 280175.812500, 19588228.000000, 19588228.000000, 2467483.000000, 1882759.875000
-3.450000, 309092.375000, 309092.375000, 19656042.000000, 19656042.000000, 2412497.500000, 1932848.500000
-3.400000, 224542.812500, 224542.812500, 19799118.000000, 19799118.000000, 2390763.750000, 2085124.375000
-3.350000, 198451.015625, 198451.015625, 19900190.000000, 19900190.000000, 2571192.750000, 2277313.000000
-3.300000, 176985.812500, 176985.812500, 20136446.000000, 20136446.000000, 2611812.250000, 2281618.750000
-3.250000, 133828.500000, 133828.500000, 20236090.000000, 20236090.000000, 2589500.000000, 2366873.500000
-3.200000, 205074.312500, 205074.312500, 20441118.000000, 20441118.000000, 2621599.750000, 2514814.500000
-3.150000, 311486.906250, 311486.906250, 20798662.000000, 20798662.000000, 2660386.000000, 2580598.250000
-3.100000, 287049.062500, 287049.062500, 20855368.000000, 20855368.000000, 2682991.250000, 2576752.500000
-3.050000, 239227.000000, 239227.000000, 21133968.000000, 21133968.000000, 2630155.750000, 2570553.000000
-3.000000, 291957.093750, 291957.093750, 21451546.000000, 21451546.000000, 2694651.250000, 2737346.500000
-2.950000, 343052.781250, 343052.781250, 21614246.000000, 21614246.000000, 2786573.500000, 2705043.000000
-2.900000, 259485.765625, 259485.765625, 21798508.000000, 21798508.000000, 2683891.250000, 2510537.250000
-2.850000, 170442.421875, 170442.421875, 21888714.000000, 21888714.000000, 2699965.000000, 2588695.000000
-2.800000, 266605.156250, 266605.156250, 21989294.000000, 21989294.000000, 2835824.250000, 2604536.750000
-2.750000, 326331.875000, 326331.875000, 21875544.000000, 21875544.000000, 2860040.250000, 2555768.500000
-2.700000, 245920.687500, 245920.687500, 22010672.000000, 22010672.000000, 2832013.500000, 2526787.250000
-2.650000, 272156.531250, 272156.531250, 22235440.000000, 22235440.000000, 2874355.250000, 2484716.250000
-2.600000, 338257.968750, 338257.968750, 22094254.000000, 22094254.000000, 2956832.500000, 2595552.000000
-2.550000, 309838.687500, 309838.687500, 22314002.000000, 22314002.000000, 2814035.250000, 2506389.000000
-2.500000, 243708.250000, 243708.250000, 22425524.000000, 22425524.000000, 2740886.750000, 2459495.000000
-2.450000, 174943.968750, 174943.968750, 22456418.000000, 22456418.000000, 2980455.000000, 2595435.000000
-2.400000, 181722.968750, 181722.968750, 22573114.000000, 22573114.000000, 3043213.750000, 2422500.500000
-2.350000, 243831.375000, 243831.375000, 22565110.000000, 22565110.000000, 2986357.500000, 2372890.250000
-2.300000, 261695.750000, 261695.750000, 23157520.000000, 23157520.000000, 3033613.750000, 2439431.750000
-2.250000, 279542.875000, 279542.875000, 23253310.000000, 23253310.000000, 3073692.250000, 2330189.000000
-2.200000, 339596.218750, 339596.218750, 22984918.000000, 22984918.000000, 3107082.500000, 2405124.000000
-2.150000, 316254.906250, 316254.906250, 23296534.000000, 23296534.000000, 3137478.750000, 2469461.500000
-2.100000, 202791.859375, 202791.859375, 23343904.000000, 23343904.000000, 3266843.250000, 2412480.750000
-2.050000, 213544.156250, 213544.156250, 23619402.000000, 23619402.000000, 3279208.250000, 2431788.500000
-2.000000, 276988.437500, 276988.437500, 23745754.000000, 23745754.000000, 3149697.000000, 2425277.250000
-1.950000, 199425.046875, 199425.046875, 23793486.000000, 23793486.000000, 3219529.000000, 2294546.000000
-1.900000, 124234.992188, 124234.992188, 24278960.000000, 24278960.000000, 3299122.500000, 2213111.500000
-1.850000, 179569.218750, 179569.218750, 24263100.000000, 24263100.000000, 3427032.750000, 2319530.000000
-1.800000, 274734.906250, 274734.906250, 24594878.000000, 24594878.000000, 3533279.750000, 2313130.000000
-1.750000, 306198.562500, 306198.562500, 24837218.000000, 24837218.000000, 3344626.000000, 2298293.500000
-1.700000, 315265.500000, 315265.500000, 24834014.000000, 24834014.000000, 3266602.000000, 2327675.250000
-1.650000, 304515.687500, 304515.687500, 25279738.000000, 25279738.000000, 3335607.000000, 2220633.000000
-1.600000, 151518.250000, 151518.250000, 25195086.000000, 25195086.000000, 3459001.250000, 2299999.500000
-1.550000, 7288.068359, 7288.068359, 25585378.000000, 25585378.000000, 3660065.250000, 2261310.250000
-1.500000, 43136.312500, 43136.312500, 25854498.000000, 25854498.000000, 3699914.000000, 2113198.000000
-1.450000, 118707.781250, 118707.781250, 25766874.000000, 25766874.000000, 3743112.000000, 2172988.000000
-1.400000, 173575.281250, 173575.281250, 26294018.000000, 26294018.000000, 3724974.000000, 2123867.500000
-1.350000, 272565.562500, 272565.562500, 26038904.000000, 26038904.000000, 3609787.750000, 2202112.750000
-1.300000, 282438.875000, 282438.875000, 26350878.000000, 26350878.000000, 3699625.500000, 2184767.000000
-1.250000, 66272.132812, 66272.132812, 26847912.000000, 26847912.000000, 3801227.250000, 2084527.000000
-1.200000, -74531.804688, -74531.804688, 26791074.000000, 26791074.000000, 3979615.750000, 2175975.500000
-1.150000, 41176.042969, 41176.042969, 27397242.000000, 27397242.000000, 4314008.000000, 2050915.875000
-1.100000, 159445.390625, 159445.390625, 27060144.000000, 27060144.000000, 4264791.000000, 2290090.750000
-1.050000, 169421.140625, 169421.140625, 27119254.000000, 27119254.000000, 4007972.000000, 2442665.250000
-1.000000, 131027.304688, 131027.304688, 27341862.000000, 27341862.000000, 4190726.000000, 2137710.500000
-0.950000, 185966.171875, 185966.171875, 26795504.000000, 26795504.000000, 4542891.500000, 2391510.750000
-0.900000, 106268.882812, 106268.882812, 27231684.000000, 27231684.000000, 4756614.500000, 2583301.750000
-0.850000, -146074.109375, -146074.109375, 27337858.000000, 27337858.000000, 4716545.000000, 2474692.000000
-0.800000, 50210.996094, 50210.996094, 28322264.000000, 28322264.000000, 4218035.500000, 2303898.750000
-0.750000, 376143.687500, 376143.687500, 29289178.000000, 29289178.000000, 3806989.750000, 2283855.500000
-0.700000, 451878.093750, 451878.093750, 29428922.000000, 29428922.000000, 3616517.250000, 2593685.000000
-0.650000, 483260.468750, 483260.468750, 30711228.000000, 30711228.000000, 3684307.750000, 2272021.000000
-0.600000, 308924.937500, 308924.937500, 30215078.000000, 30215078.000000, 4118354.000000, 2474500.500000
-0.550000, 163265.859375, 163265.859375, 29646732.000000, 29646732.000000, 4479345.500000, 3256305.000000
-0.500000, 205082.734375, 205082.734375, 29131982.000000, 29131982.000000, 5813482.000000, 2478112.750000
-0.450000, 922607.687500, 922607.687500, 28078776.000000, 28078776.000000, 7155101.000000, 1188860.875000
-0.400000, 2096413.250000, 2096413.250000, 29974698.000000, 29974698.000000, 5880013.000000, 1043672.875000
-0.350000, 1904913.125000, 1904913.125000, 31021052.000000, 31021052.000000, 3475858.500000, 1890202.500000
-0.300000, 936496.375000, 936496.375000, 31605400.000000, 31605400.000000, 2182665.500000, 2372626.750000
-0.250000, 570602.375000, 570602.375000, 31571386.000000, 31571386.000000, 2887452.250000, 2868922.750000
-0.200000, 349528.406250, 349528.406250, 30309718.000000, 30309718.000000, 4485663.000000, 4578741.000000
-0.150000, 99899.945312, 99899.945312, 31630294.000000, 31630294.000000, 4553162.500000, 4532072.000000
-0.100000, 639999.062500, 639999.062500, 31723802.000000, 31723802.000000, 3873703.750000, 2076050.125000
-0.050000, 3204014.000000, 3204014.000000, 36038448.000000, 36038448.000000, 3043738.500000, 754628.250000
0.000000, 5133362.500000, 5133362.500000, 41567240.000000, 41567240.000000, 1565127.625000, 1565127.625000
0.050000, 3204014.000000, 3204014.000000, 36038448.000000, 36038448.000000, 754628.250000, 3043738.500000
0.100000, 639999.062500, 639999.062500, 31723802.000000, 31723802.000000, 2076050.125000, 3873703.750000
0.150000, 99899.945312, 99899.945312, 31630294.000000, 31630294.000000, 4532072.000000, 4553162.500000
0.200000, 349528.406250, 349528.406250, 30309718.000000, 30309718.000000, 4578741.000000, 4485663.000000
0.250000, 570602.375000, 570602.375000, 31571386.000000, 31571386.000000, 2868922.750000, 2887452.250000
0.300000, 936496.375000, 936496.375000, 31605400.000000, 31605400.000000, 2372626.750000, 2182665.500000
0.350000, 1904913.125000, 1904913.125000, 31021052.000000, 31021052.000000, 1890202.500000, 3475858.500000
0.400000, 2096413.250000, 2096413.250000, 29974698.000000, 29974698.000000, 1043672.875000, 5880013.000000
0.450000, 922607.687500, 922607.687500, 28078776.000000, 28078776.000000, 1188860.875000, 7155101.000000
0.500000, 205082.734375, 205082.734375, 29131982.000000, 29131982.000000, 2478112.750000, 5813482.000000
0.550000, 163265.859375, 163265.859375, 29646732.000000, 29646732.000000, 3256305.000000, 4479345.500000
0.600000, 308924.937500, 308924.937500, 30215078.000000, 30215078.000000, 2474500.500000, 4118354.000000
0.650000, 483260.468750, 483260.468750, 30711228.000000, 30711228.000000, 2272021.000000, 3684307.750000
0.700000, 451878.093750, 451878.093750, 29428922.000000, 29428922.000000, 2593685.000000, 3616517.250000
0.750000, 376143.687500, 376143.687500, 29289178.000000, 29289178.000000, 2283855.500000, 3806989.750000
0.800000, 50210.996094, 50210.996094, 28322264.000000, 28322264.000000, 2303898.750000, 4218035.500000
0.850000, -146074.109375, -146074.109375, 27337858.000000, 27337858.000000, 2474692.000000, 4716545.000000
0.900000, 106268.882812, 106268.882812, 27231684.000000, 27231684.000000, 2583301.750000, 4756614.500000
0.950000, 185966.171875, 185966.171875, 26795504.000000, 26795504.000000, 2391510.750000, 4542891.500000
1.000000, 131027.304688, 131027.304688, 27341862.000000, 27341862.000000, 2137710.500000, 4190726.000000
1.050000, 169421.140625, 169421.140625, 27119254.000000, 27119254.000000, 2442665.250000, 4007972.000000
1.100000, 159445.390625, 159445.390625, 27060144.000000, 27060144.000000, 2290090.750000, 4264791.000000
1.150000, 41176.042969, 41176.042969, 27397242.000000, 27397242.000000, 2050915.875000, 4314008.000000
1.200000, -74531.804688, -74531.804688, 26791074.000000, 26791074.000000, 2175975.500000, 3979615.750000
1.250000, 66272.132812, 66272.132812, 26847912.000000, 26847912.000000, 2084527.000000, 3801227.250000
1.300000, 282438.875000, 282438.875000, 26350878.000000, 26350878.000000, 2184767.000000, 3699625.500000
1.350000, 272565.562500, 272565.562500, 26038904.000000, 26038904.000000, 2202112.750000, 3609787.750000
1.400000, 173575.281250, 173575.281250, 26294018.000000, 26294018.000000, 2123867.500000, 3724974.000000
1.450000, 118707.781250, 118707.781250, 25766874.000000, 25766874.000000, 2172988.000000, 3743112.000000
1.500000, 43136.312500, 43136.312500, 25854498.000000, 25854498.000000, 2113198.000000, 3699914.000000
1.550000, 7288.068359, 7288.068359, 25585378.000000, 25585378.000000, 2261310.250000, 3660065.250000
1.600000, 151518.250000, 151518.250000, 25195086.000000, 25195086.000000, 2299999.500000, 3459001.250000
1.650000, 304515.687500, 304515.687500, 25279738.000000, 25279738.000000, 2220633.000000, 3335607.000000
1.700000, 315265.500000, 315265.500000, 24834014.000000, 24834014.000000, 2327675.250000, 3266602.000000
1.750000, 306198.562500, 306198.562500, 24837218.000000, 24837218.000000, 2298293.500000, 3344626.000000
1.800000, 274734.906250, 274734.906250, 24594878.000000, 24594878.000000, 2313130.000000, 3533279.750000
1.850000, 179569.218750, 179569.218750, 24263100.000000, 24263100.000000, 2319530.000000, 3427032.750000
1.900000, 124234.992188, 124234.992188, 24278960.000000, 24278960.000000, 2213111.500000, 3299122.500000
1.950000, 199425.046875, 199425.046875, 23793486.000000, 23793486.000000, 2294546.000000, 3219529.000000
2.000000, 276988.437500, 276988.437500, 23745754.000000, 23745754.000000, 2425277.250000, 3149697.000000
2.050000, 213544.156250, 213544.156250, 23619402.000000, 23619402.000000, 2431788.500000, 3279208.250000
2.100000, 202791.859375, 202791.859375, 23343904.000000, 23343904.000000, 2412480.750000, 3266843.250000
2.150000, 316254.906250, 316254.906250, 23296534.000000, 23296534.000000, 2469461.500000, 3137478.750000
2.200000, 339596.218750, 339596.218750, 22984918.000000, 22984918.000000, 2405124.000000, 3107082.500000
2.250000, 279542.875000, 279542.875000, 23253310.000000, 23253310.000000, 2330189.000000, 3073692.250000
2.300000, 261695.750000, 261695.750000, 23157520.000000, 23157520.000000, 2439431.750000, 3033613.750000
2.350000, 243831.375000, 243831.375000, 22565110.000000, 22565110.000000, 2372890.250000, 2986357.500000
2.400000, 181722.968750, 181722.968750, 22573114.000000, 22573114.000000, 2422500.500000, 3043213.750000
2.450000, 174943.968750, 174943.968750, 22456418.000000, 22456418.000000, 2595435.000000, 2980455.000000
2.500000, 243708.250000, 243708.250000, 22425524.000000, 22425524.000000, 2459495.000000, 2740886.750000
2.550000, 309838.687500, 309838.687500, 22314002.000000, 22314002.000000, 2506389.000000, 2814035.250000
2.600000, 338257.968750, 338257.968750, 22094254.000000, 22094254.000000, 2595552.000000, 2956832.500000
2.650000, 272156.531250, 272156.531250, 22235440.000000, 22235440.000000, 2484716.250000, 2874355.250000
2.700000, 245920.687500, 245920.687500, 22010672.000000, 22010672.000000, 2526787.250000, 2832013.500000
2.750000, 326331.875000, 326331.875000, 21875544.000000, 21875544.000000, 2555768.500000, 2860040.250000
2.800000, 266605.156250, 266605.156250, 21989294.000000, 21989294.000000, 2604536.750000, 2835824.250000
2.850000, 170442.421875, 170442.421875, 21888714.000000, 21888714.000000, 2588695.000000, 2699965.000000
2.900000, 259485.765625, 259485.765625, 21798508.000000, 21798508.000000, 2510537.250000, 2683891.250000
2.950000, 343052.781250, 343052.781250, 21614246.000000, 21614246.000000, 2705043.000000, 2786573.500000
3.000000, 291957.093750, 291957.093750, 21451546.000000, 21451546.000000, 2737346.500000, 2694651.250000
3.050000, 239227.000000, 239227.000000, 21133968.000000, 21133968.000000, 2570553.000000, 2630155.750000
3.100000, 287049.062500, 287049.062500, 20855368.000000, 20855368.000000, 2576752.500000, 2682991.250000
3.150000, 311486.906250, 311486.906250, 20798662.000000, 20798662.000000, 2580598.250000, 2660386.000000
3.200000, 205074.312500, 205074.312500, 20441118.000000, 20441118.000000, 2514814.500000, 2621599.750000
3.250000, 133828.500000, 133828.500000, 20236090.000000, 20236090.000000, 2366873.500000, 2589500.000000
3.300000, 176985.812500, 176985.812500, 20136446.000000, 20136446.000000, 2281618.750000, 2611812.250000
3.350000, 198451.015625, 198451.015625, 19900190.000000, 19900190.000000, 2277313.000000, 2571192.750000
3.400000, 224542.812500, 224542.812500, 19799118.000000, 19799118.000000, 2085124.375000, 2390763.750000
3.450000, 309092.375000, 309092.375000, 19656042.000000, 19656042.000000, 1932848.500000, 2412497.500000
3.500000, 280175.812500, 280175.812500, 19588228.000000, 19588228.000000, 1882759.875000, 2467483.000000
3.550000, 183220.484375, 183220.484375, 19293874.000000, 19293874.000000, 1741450.500000, 2293428.750000
3.600000, 219211.031250, 219211.031250, 19004738.000000, 19004738.000000, 1667023.875000, 2338942.000000
3.650000, 280660.031250, 280660.031250, 19024048.000000, 19024048.000000, 1624924.125000, 2362162.000000
3.700000, 262663.125000, 262663.125000, 18695166.000000, 18695166.000000, 1529288.125000, 2097111.500000
3.750000, 230463.781250, 230463.781250, 18449048.000000, 18449048.000000, 1508672.625000, 2197745.000000
3.800000, 254556.468750, 254556.468750, 18247392.000000, 18247392.000000, 1532540.750000, 2296244.500000
3.850000, 313871.593750, 313871.593750, 17943652.000000, 17943652.000000, 1469312.000000, 2076185.875000
3.900000, 355727.062500, 355727.062500, 17943520.000000, 17943520.000000, 1328987.375000, 2094124.375000
3.950000, 426738.562500, 426738.562500, 17692018.000000, 17692018.000000, 1214305.750000, 2025323.375000
4.000000, 394411.406250, 394411.406250, 17465382.000000, 17465382.000000, 1124793.250000, 1921461.250000
4.050000, 235045.843750, 235045.843750, 17336432.000000, 17336432.000000, 1026051.812500, 2124124.500000
4.100000, 183492.718750, 183492.718750, 16974928.000000, 16974928.000000, 969311.062500, 2216762.250000
4.150000, 111605.937500, 111605.937500, 16725877.000000, 16725877.000000, 993150.937500, 2224090.500000
4.200000, -40676.699219, -40676.699219, 16552641.000000, 16552641.000000, 1023375.312500, 2321660.000000
4.250000, -51085.062500, -51085.062500, 16545200.000000, 16545200.000000, 960041.812500, 2418296.000000
4.300000, 51161.691406, 51161.691406, 16185597.000000, 16185597.000000, 862844.875000, 2335861.250000
4.350000, 212679.109375, 212679.109375, 15786406.000000, 15786406.000000, 827362.500000, 2177537.000000
4.400000, 330089.812500, 330089.812500, 15859121.000000, 15859121.000000, 792269.250000, 2196325.500000
4.450000, 252982.156250, 252982.156250, 15336210.000000, 15336210.000000, 713609.437500, 2027136.250000
4.500000, 124038.609375, 124038.609375, 15009518.000000, 15009518.000000, 765410.250000, 1868838.375000
4.550000, -4413.980469, -4413.980469, 15115383.000000, 15115383.000000, 904348.250000, 2073827.250000
4.600000, -176979.109375, -176979.109375, 14818542.000000, 14818542.000000, 823120.437500, 2048145.375000
4.650000, -270309.906250, -270309.906250, 14714241.000000, 14714241.000000, 700485.437500, 1806607.000000
4.700000, -281742.218750, -281742.218750, 14482355.000000, 14482355.000000, 714396.125000, 1849988.000000
4.750000, -232015.515625, -232015.515625, 14222387.000000, 14222387.000000, 767059.812500, 2013739.500000
4.800000, -221999.921875, -221999.921875, 13867879.000000, 13867879.000000, 864721.625000, 2078000.250000
4.850000, -411656.125000, -411656.125000, 13445432.000000, 13445432.000000, 797073.000000, 2356185.750000
4.900000, -552097.437500, -552097.437500, 13591379.000000, 13591379.000000, 793117.375000, 2642449.750000
4.950000, -547382.125000, -547382.125000, 13118359.000000, 13118359.000000, 915820.312500, 2312687.250000
5.000000, -526534.250000, -526534.250000, 12808139.000000, 12808139.000000, 733239.750000, 1928772.875000
5.050000, -421211.500000, -421211.500000, 13242995.000000, 13242995.000000, 521647.375000, 1807461.125000
5.100000, -476029.218750, -476029.218750, 13300999.000000, 13300999.000000, 40148.839844, 1540751.125000
5.150000, -658873.312500, -658873.312500, 13487259.000000, 13487259.000000, -400956.562500, 1384144.250000
5.200000, -603121.312500, -603121.312500, 12963291.000000, 12963291.000000, 142426.671875, 1311277.125000
5.250000, -510626.093750, -510626.093750, 12155461.000000, 12155461.000000, 665093.500000, 1056144.125000
5.300000, -467171.031250, -467171.031250, 12114723.000000, 12114723.000000, 702455.500000, 657583.875000
5.350000, -443971.093750, -443971.093750, 12023299.000000, 12023299.000000, 489726.468750, 523569.625000
5.400000, -482801.218750, -482801.218750, 11949644.000000, 11949644.000000, 165832.406250, 706061.250000
5.450000, -368518.750000, -368518.750000, 11239972.000000, 11239972.000000, 556984.125000, 450409.031250
5.500000, -262103.000000, -262103.000000, 10526198.000000, 10526198.000000, 707062.000000, 281467.187500
5.550000, -228441.656250, -228441.656250, 9940286.000000, 9940286.000000, 354968.156250, 332297.125000
5.600000, -118191.171875, -118191.171875, 9141210.000000, 9141210.000000, 572980.375000, -118173.976562
5.650000, -9841.397461, -9841.397461, 9611035.000000, 9611035.000000, 890330.125000, -251972.875000
5.700000, 174940.187500, 174940.187500, 9527111.000000, 9527111.000000, 1164523.000000, -145564.828125
5.750000, 98457.656250, 98457.656250, 9699847.000000, 9699847.000000, 790508.500000, -59550.578125
5.800000, -212988.515625, -212988.515625, 10517482.000000, 10517482.000000, 53967.632812, 44240.320312
5.850000, -76817.789062, -76817.789062, 9176672.000000, 9176672.000000, 583484.500000, -382230.250000
5.900000, 211594.296875, 211594.296875, 9295854.000000, 9295854.000000, 1335860.000000, -263997.968750
5.950000, 252110.656250, 252110.656250, 9896862.000000, 9896862.000000, 1433497.500000, -64556.429688
6.000000, 170913.375000, 170913.375000, 8560320.000000, 8560320.000000, 1100159.000000, -522671.937500
6.050000, 175314.156250, 175314.156250, 9094385.000000, 9094385.000000, 703611.187500, -254333.093750
6.100000, 355963.968750, 355963.968750, 9554963.000000, 9554963.000000, 1086702.375000, -23259.673828
6.150000, 236313.390625, 236313.390625, 9098107.000000, 9098107.000000, 1029579.687500, -197052.187500
6.200000, 15167.803711, 15167.803711, 8812161.000000, 8812161.000000, 449486.218750, -164785.937500
6.250000, 120031.593750, 120031.593750, 7933908.000000, 7933908.000000, 689883.062500, -257559.093750
6.300000, 163964.281250, 163964.281250, 8630822.000000, 8630822.000000, 920370.125000, -95803.164062
6.350000, 146627.578125, 146627.578125, 9307270.000000, 9307270.000000, 699764.500000, -30851.929688
6.400000, 136893.062500, 136893.062500, 8933636.000000, 8933636.000000, 325759.218750, -11626.191406
6.450000, 106549.835938, 106549.835938, 8927599.000000, 8927599.000000, 233134.375000, 169521.281250
6.500000, 121947.695312, 121947.695312, 8478811.000000, 8478811.000000, 570867.562500, 80448.500000
6.550000, 100516.945312, 100516.945312, 8649170.000000, 8649170.000000, 519896.687500, 262194.625000
6.600000, 184019.000000, 184019.000000, 8687310.000000, 8687310.000000, 364551.750000, 234004.093750
6.650000, 165816.078125, 165816.078125, 8129126.000000, 8129126.000000, 347791.187500, 24499.800781
6.700000, -8241.256836, -8241.256836, 8344025.000000, 8344025.000000, 203508.890625, 261496.609375
6.750000, -11346.757812, -11346.757812, 8137052.500000, 8137052.500000, 170979.406250, 269902.906250
6.800000, 13384.984375, 13384.984375, 7803467.500000, 7803467.500000, 111256.929688, 260086.531250
6.850000, 74278.203125, 74278.203125, 7646536.000000, 7646536.000000, 166389.171875, 215353.406250
6.900000, 118270.781250, 118270.781250, 7445698.500000, 7445698.500000, 245839.484375, 106798.437500
6.950000, 43095.011719, 43095.011719, 7634032.000000, 7634032.000000, 84950.906250, 301031.281250
7.000000, 50020.464844, 50020.464844, 7403400.000000, 7403400.000000, 14056.289062, 299883.031250
7.050000, 50167.382812, 50167.382812, 7175724.000000, 7175724.000000, -3811.358398, 343187.250000
7.100000, 31760.929688, 31760.929688, 7041440.500000, 7041440.500000, 2139.007812, 382428.593750
7.150000, -16785.156250, -16785.156250, 6789278.000000, 6789278.000000, -41809.332031, 229856.000000
7.200000, -82591.796875, -82591.796875, 6792779.000000, 6792779.000000, -129539.000000, 287672.062500
7.250000, 30813.890625, 30813.890625, 6485864.500000, 6485864.500000, -43510.250000, 268711.656250
7.300000, 97219.804688, 97219.804688, 6313339.500000, 6313339.500000, -60877.468750, 294156.406250
7.350000, 25309.539062, 25309.539062, 6215151.500000, 6215151.500000, -154090.343750, 343466.562500
7.400000, -27718.246094, -27718.246094, 5927333.500000, 5927333.500000, -216740.984375, 257663.640625
7.450000, -34686.636719, -34686.636719, 5905539.500000, 5905539.500000, -264885.875000, 337528.125000
7.500000, 24124.259766, 24124.259766, 5711286.000000, 5711286.000000, -206451.656250, 333616.218750
7.550000, 6090.995605, 6090.995605, 5549730.500000, 5549730.500000, -254641.343750, 299114.781250
7.600000, -41519.457031, -41519.457031, 5325496.500000, 5325496.500000, -279285.000000, 246044.171875
7.650000, -8702.621094, -8702.621094, 5060880.500000, 5060880.500000, -262586.437500, 145149.875000
7.700000, -5767.758301, -5767.758301, 5141503.500000, 5141503.500000, -356246.562500, 313999.468750
7.750000, -22896.740234, -22896.740234, 4869189.500000, 4869189.500000, -395022.343750, 343264.625000
7.800000, -41603.613281, -41603.613281, 4634923.000000, 4634923.000000, -483036.187500, 201287.531250
7.850000, -33686.105469, -33686.105469, 4618453.000000, 4618453.000000, -554521.562500, 235314.750000
7.900000, -6333.482422, -6333.482422, 4368739.000000, 4368739.000000, -589633.750000, 247141.156250
7.950000, -28756.791016, -28756.791016, 4255783.000000, 4255783.000000, -709960.625000, 216138.421875
8.000000, -30495.054688, -30495.054688, 4356704.000000, 4356704.000000, -837340.125000, 213510.953125
8.050000, -30460.365234, -30460.365234, 4595305.500000, 4595305.500000, -1130862.750000, 238558.937500
8.100000, -80411.046875, -80411.046875, 4358640.500000, 4358640.500000, -1330563.500000, 240462.484375
8.150000, -98078.609375, -98078.609375, 3736028.250000, 3736028.250000, -1074872.250000, 198471.437500
8.200000, -50736.773438, -50736.773438, 3397924.500000, 3397924.500000, -686869.500000, 201174.328125
8.250000, -7569.437500, -7569.437500, 2876964.750000, 2876964.750000, -547381.750000, 168053.484375
8.300000, -28347.488281, -28347.488281, 2469699.250000, 2469699.250000, -683463.875000, 119942.062500
8.350000, -45890.812500, -45890.812500, 2408583.750000, 2408583.750000, -752428.437500, 133959.734375
8.400000, -24253.718750, -24253.718750, 2090641.000000, 2090641.000000, -725248.500000, 138828.609375
8.450000, -33953.972656, -33953.972656, 1595146.000000, 1595146.000000, -835809.812500, 121981.671875
8.500000, -57778.070312, -57778.070312, 1060319.125000, 1060319.125000, -831184.375000, 79291.507812
8.550000, -45844.804688, -45844.804688, 760938.812500, 760938.812500, -590600.937500, 32880.152344
8.600000, -20863.576172, -20863.576172, 858323.375000, 858323.375000, -375466.000000, 26935.109375
8.650000, -14215.324219, -14215.324219, 951119.937500, 951119.937500, -302241.562500, 42573.765625
8.700000, -18319.849609, -18319.849609, 901737.187500, 901737.187500, -282979.343750, 54951.117188
8.750000, -14090.931641, -14090.931641, 761747.500000, 761747.500000, -221668.593750, 44931.210938
8.800000, -9857.667969, -9857.667969, 610465.312500, 610465.312500, -158797.265625, 32643.804688
8.850000, -10042.168945, -10042.168945, 489639.125000, 489639.125000, -114332.421875, 38100.683594
8.900000, -5892.302246, -5892.302246, 280936.375000, 280936.375000, -53250.105469, 29893.750000
8.950000, -1205.476440, -1205.476440, 70095.281250, 70095.281250, -9824.377930, 8600.871094
