Time 1XX 1ZZ 2XX 2ZZ 1X2Z 1Z2X 
-9.500000, 0.000000, 0.000000, 0.000000, 0.000000, 0.000000, 0.000000
-9.450000, -1377.061401, -1377.061401, 103447.218750, 103447.218750, 16573.919922, -8595.020508
-9.400000, -4479.316406, -4479.316406, 405721.812500, 405721.812500, 59754.632812, -30679.792969
-9.350000, -6321.638672, -6321.638672, 700708.250000, 700708.250000, 100538.468750, -44578.511719
-9.300000, -11056.527344, -11056.527344, 892692.062500, 892692.062500, 139324.109375, -68228.515625
-9.250000, -20920.707031, -20920.707031, 1169535.125000, 1169535.125000, 184201.281250, -137106.140625
-9.200000, -25454.333984, -25454.333984, 1454592.500000, 1454592.500000, 208608.421875, -183794.515625
-9.150000, -31002.222656, -31002.222656, 1668719.125000, 1668719.125000, 248211.296875, -196271.609375
-9.100000, -43047.730469, -43047.730469, 1930441.000000, 1930441.000000, 323520.000000, -255280.968750
-9.050000, -46416.980469, -46416.980469, 2193753.750000, 2193753.750000, 375254.000000, -312708.312500
-9.000000, -51616.734375, -51616.734375, 2403015.500000, 2403015.500000, 402033.468750, -333226.531250
-8.950000, -67635.539062, -67635.539062, 2587323.500000, 2587323.500000, 448762.250000, -373400.937500
-8.900000, -74103.000000, -74103.000000, 2783394.000000, 2783394.000000, 504127.625000, -418243.468750
-8.850000, -72094.156250, -72094.156250, 2970839.250000, 2970839.250000, 529778.000000, -437446.000000
-8.800000, -84859.734375, -84859.734375, 3005952.500000, 3005952.500000, 547996.250000, -472236.375000
-8.750000, -109156.437500, -109156.437500, 2928948.500000, 2928948.500000, 583881.000000, -579557.437500
-8.700000, -126545.875000, -126545.875000, 2980951.250000, 2980951.250000, 601313.312500, -739449.062500
-8.650000, -151929.234375, -151929.234375, 3407057.500000, 3407057.500000, 649100.875000, -895424.062500
-8.600000, -180113.187500, -180113.187500, 4244202.500000, 4244202.500000, 792195.062500, -990706.937500
-8.550000, -179711.734375, -179711.734375, 4885400.000000, 4885400.000000, 913717.937500, -1002141.500000
-8.500000, -169574.218750, -169574.218750, 5064297.000000, 5064297.000000, 951837.062500, -985317.500000
-8.450000, -177046.937500, -177046.937500, 5492884.000000, 5492884.000000, 1002507.312500, -974128.000000
-8.400000, -214898.046875, -214898.046875, 6306885.000000, 6306885.000000, 1092215.750000, -1110919.125000
-8.350000, -269630.312500, -269630.312500, 7054595.000000, 7054595.000000, 1230147.250000, -1462873.125000
-8.300000, -304722.281250, -304722.281250, 7541226.000000, 7541226.000000, 1394862.750000, -1705350.750000
-8.250000, -315175.656250, -315175.656250, 7643451.500000, 7643451.500000, 1459030.625000, -1663737.375000
-8.200000, -274837.968750, -274837.968750, 7600730.000000, 7600730.000000, 1404949.875000, -1433894.625000
-8.150000, -216423.546875, -216423.546875, 7644195.500000, 7644195.500000, 1384124.625000, -1194855.125000
-8.100000, -226840.156250, -226840.156250, 7709316.000000, 7709316.000000, 1469711.125000, -1167082.500000
-8.050000, -259608.359375, -259608.359375, 7864559.500000, 7864559.500000, 1546841.125000, -1143773.625000
-8.000000, -263481.375000, -263481.375000, 8096319.500000, 8096319.500000, 1592667.000000, -986059.812500
-7.950000, -232474.953125, -232474.953125, 8333216.000000, 8333216.000000, 1676822.500000, -876825.500000
-7.900000, -169663.875000, -169663.875000, 8590233.000000, 8590233.000000, 1723991.000000, -761807.750000
-7.850000, -149251.281250, -149251.281250, 8869056.000000, 8869056.000000, 1725325.875000, -708371.312500
-7.800000, -163881.734375, -163881.734375, 9121365.000000, 9121365.000000, 1765491.625000, -717630.562500
-7.750000, -166765.562500, -166765.562500, 9326822.000000, 9326822.000000, 1849643.250000, -624583.187500
-7.700000, -162783.140625, -162783.140625, 9625934.000000, 9625934.000000, 1931025.000000, -582831.375000
-7.650000, -139617.515625, -139617.515625, 10024440.000000, 10024440.000000, 1967914.750000, -572479.250000
-7.600000, -110096.375000, -110096.375000, 10346957.000000, 10346957.000000, 2004197.500000, -472374.781250
-7.550000, -78049.984375, -78049.984375, 10539548.000000, 10539548.000000, 2032972.000000, -377682.500000
-7.500000, -53343.929688, -53343.929688, 10696965.000000, 10696965.000000, 2045695.500000, -273436.843750
-7.450000, -46872.382812, -46872.382812, 10931193.000000, 10931193.000000, 2128262.750000, -177836.515625
-7.400000, -38504.656250, -38504.656250, 11209555.000000, 11209555.000000, 2205166.250000, -155597.812500
-7.350000, -33064.550781, -33064.550781, 11462640.000000, 11462640.000000, 2213098.250000, -135451.562500
-7.300000, -12666.803711, -12666.803711, 11654434.000000, 11654434.000000, 2230458.000000, -68683.859375
-7.250000, 9317.361328, 9317.361328, 11815009.000000, 11815009.000000, 2261953.750000, 39631.691406
-7.200000, 12363.694336, 12363.694336, 12064828.000000, 12064828.000000, 2319440.500000, 172305.500000
-7.150000, 24504.500000, 24504.500000, 12335545.000000, 12335545.000000, 2407033.500000, 256601.500000
-7.100000, 33397.429688, 33397.429688, 12565153.000000, 12565153.000000, 2474812.750000, 271937.718750
-7.050000, 57127.855469, 57127.855469, 12856278.000000, 12856278.000000, 2519039.750000, 287259.031250
-7.000000, 83610.257812, 83610.257812, 13192562.000000, 13192562.000000, 2573823.000000, 329861.000000
-6.950000, 68300.078125, 68300.078125, 13497882.000000, 13497882.000000, 2663463.000000, 383544.656250
-6.900000, 62240.125000, 62240.125000, 13707226.000000, 13707226.000000, 2744912.750000, 435795.468750
-6.850000, 71743.421875, 71743.421875, 13882623.000000, 13882623.000000, 2770635.250000, 511046.375000
-6.800000, 82378.859375, 82378.859375, 14152200.000000, 14152200.000000, 2772655.000000, 598997.000000
-6.750000, 108934.976562, 108934.976562, 14478371.000000, 14478371.000000, 2831848.250000, 647235.125000
-6.700000, 121439.734375, 121439.734375, 14793960.000000, 14793960.000000, 2931462.000000, 707283.750000
-6.650000, 129955.140625, 129955.140625, 15004091.000000, 15004091.000000, 2949368.750000, 771282.375000
-6.600000, 151682.859375, 151682.859375, 15184977.000000, 15184977.000000, 2942064.000000, 815429.312500
-6.550000, 172679.750000, 172679.750000, 15513551.000000, 15513551.000000, 3008453.500000, 900897.812500
-6.500000, 191907.906250, 191907.906250, 15794572.000000, 15794572.000000, 3093773.500000, 940830.187500
-6.450000, 190289.312500, 190289.312500, 15947977.000000, 15947977.000000, 3167587.000000, 934996.500000
-6.400000, 171681.703125, 171681.703125, 16168257.000000, 16168257.000000, 3198568.500000, 1004508.875000
-6.350000, 183638.437500, 183638.437500, 16449871.000000, 16449871.000000, 3226105.500000, 1104558.000000
-6.300000, 217966.234375, 217966.234375, 16710121.000000, 16710121.000000, 3315749.500000, 1169561.000000
-6.250000, 218230.593750, 218230.593750, 16905854.000000, 16905854.000000, 3399911.000000, 1172898.625000
-6.200000, 214437.250000, 214437.250000, 17120540.000000, 17120540.000000, 3426481.000000, 1179245.250000
-6.150000, 241989.265625, 241989.265625, 17439434.000000, 17439434.000000, 3388228.000000, 1283113.750000
-6.100000, 258368.671875, 258368.671875, 17706982.000000, 17706982.000000, 3416572.500000, 1366938.375000
-6.050000, 268317.156250, 268317.156250, 17894266.000000, 17894266.000000, 3561494.500000, 1367499.000000
-6.000000, 263983.343750, 263983.343750, 18160284.000000, 18160284.000000, 3609414.500000, 1412123.875000
-5.950000, 253215.421875, 253215.421875, 18486672.000000, 18486672.000000, 3614563.250000, 1486988.250000
-5.900000, 302290.875000, 302290.875000, 18737130.000000, 18737130.000000, 3707030.750000, 1516776.625000
-5.850000, 345636.812500, 345636.812500, 18911924.000000, 18911924.000000, 3750062.250000, 1552717.750000
-5.800000, 337400.000000, 337400.000000, 19161330.000000, 19161330.000000, 3734976.750000, 1605627.625000
-5.750000, 324876.562500, 324876.562500, 19477718.000000, 19477718.000000, 3771458.250000, 1667891.625000
-5.700000, 309654.781250, 309654.781250, 19687998.000000, 19687998.000000, 3868500.000000, 1718373.375000
-5.650000, 325977.718750, 325977.718750, 19861830.000000, 19861830.000000, 3929413.500000, 1722152.750000
-5.600000, 352562.937500, 352562.937500, 20159738.000000, 20159738.000000, 3933214.000000, 1785771.125000
-5.550000, 364488.687500, 364488.687500, 20481008.000000, 20481008.000000, 3964697.250000, 1878789.625000
-5.500000, 408043.000000, 408043.000000, 20686836.000000, 20686836.000000, 4013317.250000, 1895569.375000
-5.450000, 424798.781250, 424798.781250, 20839838.000000, 20839838.000000, 4091411.250000, 1941835.000000
-5.400000, 402141.062500, 402141.062500, 21118498.000000, 21118498.000000, 4167482.750000, 2011236.500000
-5.350000, 398151.125000, 398151.125000, 21497208.000000, 21497208.000000, 4197860.000000, 2048316.000000
-5.300000, 405344.937500, 405344.937500, 21716802.000000, 21716802.000000, 4284419.500000, 2076678.875000
-5.250000, 426115.312500, 426115.312500, 21796434.000000, 21796434.000000, 4356816.000000, 2085425.500000
-5.200000, 436707.500000, 436707.500000, 22021560.000000, 22021560.000000, 4349090.500000, 2147380.500000
-5.150000, 434226.062500, 434226.062500, 22401340.000000, 22401340.000000, 4352651.500000, 2234799.000000
-5.100000, 450370.593750, 450370.593750, 22680340.000000, 22680340.000000, 4392577.500000, 2264511.500000
-5.050000, 470106.406250, 470106.406250, 22833424.000000, 22833424.000000, 4496042.500000, 2292572.000000
-5.000000, 481329.656250, 481329.656250, 23094418.000000, 23094418.000000, 4545174.000000, 2351319.000000
-4.950000, 482042.343750, 482042.343750, 23441074.000000, 23441074.000000, 4500594.500000, 2446537.500000
-4.900000, 500853.250000, 500853.250000, 23683344.000000, 23683344.000000, 4553777.000000, 2482843.500000
-4.850000, 523129.656250, 523129.656250, 23867728.000000, 23867728.000000, 4659189.000000, 2436487.750000
-4.800000, 497473.093750, 497473.093750, 24103990.000000, 24103990.000000, 4711361.000000, 2482310.750000
-4.750000, 479272.281250, 479272.281250, 24394822.000000, 24394822.000000, 4750040.500000, 2573219.250000
-4.700000, 502138.187500, 502138.187500, 24644372.000000, 24644372.000000, 4806974.500000, 2608556.250000
-4.650000, 534466.937500, 534466.937500, 24814184.000000, 24814184.000000, 4880603.500000, 2639914.250000
-4.600000, 550805.750000, 550805.750000, 25044688.000000, 25044688.000000, 4899577.500000, 2691156.000000
-4.550000, 531210.500000, 531210.500000, 25368510.000000, 25368510.000000, 4913320.000000, 2791487.250000
-4.500000, 529034.000000, 529034.000000, 25646526.000000, 25646526.000000, 5018102.500000, 2843940.250000
-4.450000, 556168.437500, 556168.437500, 25826804.000000, 25826804.000000, 5124970.500000, 2822594.250000
-4.400000, 555813.937500, 555813.937500, 26054154.000000, 26054154.000000, 5150657.000000, 2871296.500000
-4.350000, 565390.625000, 565390.625000, 26408846.000000, 26408846.000000, 5135437.500000, 2944256.500000
-4.300000, 601259.187500, 601259.187500, 26693498.000000, 26693498.000000, 5165482.500000, 2980396.000000
-4.250000, 611907.812500, 611907.812500, 26850722.000000, 26850722.000000, 5244195.500000, 3014920.000000
-4.200000, 612653.250000, 612653.250000, 27043110.000000, 27043110.000000, 5280775.500000, 3079668.750000
-4.150000, 612505.437500, 612505.437500, 27318326.000000, 27318326.000000, 5268960.500000, 3182610.750000
-4.100000, 622949.125000, 622949.125000, 27629534.000000, 27629534.000000, 5310054.000000, 3233603.750000
-4.050000, 670766.687500, 670766.687500, 27871726.000000, 27871726.000000, 5414325.500000, 3235328.750000
-4.000000, 686556.125000, 686556.125000, 28079244.000000, 28079244.000000, 5470130.500000, 3278328.750000
-3.950000, 671850.437500, 671850.437500, 28368534.000000, 28368534.000000, 5464177.500000, 3379201.750000
-3.900000, 689325.562500, 689325.562500, 28635536.000000, 28635536.000000, 5472477.000000, 3464692.750000
-3.850000, 703155.125000, 703155.125000, 28819758.000000, 28819758.000000, 5544044.500000, 3469976.250000
-3.800000, 705523.000000, 705523.000000, 29002974.000000, 29002974.000000, 5642844.000000, 3490750.000000
-3.750000, 692090.375000, 692090.375000, 29269142.000000, 29269142.000000, 5663084.500000, 3565592.750000
-3.700000, 692074.312500, 692074.312500, 29585312.000000, 29585312.000000, 5675748.500000, 3625139.250000
-3.650000, 748505.937500, 748505.937500, 29785630.000000, 29785630.000000, 5761925.000000, 3654973.750000
-3.600000, 765301.375000, 765301.375000, 29958390.000000, 29958390.000000, 5819731.000000, 3685953.750000
-3.550000, 742322.500000, 742322.500000, 30266600.000000, 30266600.000000, 5847711.000000, 3773143.500000
-3.500000, 749921.500000, 749921.500000, 30606684.000000, 30606684.000000, 5901884.500000, 3835952.000000
-3.450000, 764290.312500, 764290.312500, 30862322.000000, 30862322.000000, 5972084.000000, 3827367.250000
-3.400000, 779084.812500, 779084.812500, 31056386.000000, 31056386.000000, 6019096.500000, 3854234.750000
-3.350000, 768976.125000, 768976.125000, 31314788.000000, 31314788.000000, 6041639.500000, 3926158.000000
-3.300000, 765433.437500, 765433.437500, 31610498.000000, 31610498.000000, 6115920.500000, 3992686.000000
-3.250000, 799179.875000, 799179.875000, 31811874.000000, 31811874.000000, 6179349.500000, 3997996.750000
-3.200000, 805802.812500, 805802.812500, 31979036.000000, 31979036.000000, 6180702.000000, 4010476.000000
-3.150000, 811544.812500, 811544.812500, 32206086.000000, 32206086.000000, 6204524.000000, 4123253.750000
-3.100000, 830955.625000, 830955.625000, 32507428.000000, 32507428.000000, 6230104.000000, 4207683.000000
-3.050000, 838191.500000, 838191.500000, 32768168.000000, 32768168.000000, 6287770.500000, 4234257.500000
-3.000000, 840726.750000, 840726.750000, 32950390.000000, 32950390.000000, 6398604.000000, 4269586.000000
-2.950000, 820038.687500, 820038.687500, 33244422.000000, 33244422.000000, 6456188.500000, 4323305.000000
-2.900000, 831333.937500, 831333.937500, 33613048.000000, 33613048.000000, 6490817.000000, 4407163.000000
-2.850000, 874726.375000, 874726.375000, 33839644.000000, 33839644.000000, 6542414.000000, 4432488.000000
-2.800000, 876056.687500, 876056.687500, 33946036.000000, 33946036.000000, 6598167.000000, 4426271.000000
-2.750000, 871544.000000, 871544.000000, 34182252.000000, 34182252.000000, 6676828.500000, 4494378.500000
-2.700000, 859587.125000, 859587.125000, 34579968.000000, 34579968.000000, 6717676.000000, 4567091.000000
-2.650000, 843377.500000, 843377.500000, 34856404.000000, 34856404.000000, 6744139.500000, 4582614.500000
-2.600000, 867819.312500, 867819.312500, 35059900.000000, 35059900.000000, 6861110.500000, 4601059.000000
-2.550000, 879075.187500, 879075.187500, 35321776.000000, 35321776.000000, 6999270.000000, 4720870.500000
-2.500000, 895569.312500, 895569.312500, 35536840.000000, 35536840.000000, 7049546.000000, 4852693.500000
-2.450000, 945075.500000, 945075.500000, 35781660.000000, 35781660.000000, 7047601.500000, 4845614.000000
-2.400000, 944815.500000, 944815.500000, 36048832.000000, 36048832.000000, 7050538.500000, 4808121.000000
-2.350000, 914479.875000, 914479.875000, 36336344.000000, 36336344.000000, 7115752.000000, 4857383.500000
-2.300000, 893670.062500, 893670.062500, 36707868.000000, 36707868.000000, 7274533.500000, 4954674.500000
-2.250000, 879056.875000, 879056.875000, 36954424.000000, 36954424.000000, 7367730.000000, 4999293.500000
-2.200000, 929751.000000, 929751.000000, 37074572.000000, 37074572.000000, 7324158.000000, 5024601.500000
-2.150000, 997625.687500, 997625.687500, 37235216.000000, 37235216.000000, 7298629.000000, 5145726.500000
-2.100000, 1003062.125000, 1003062.125000, 37486400.000000, 37486400.000000, 7361764.500000, 5209013.000000
-2.050000, 991397.500000, 991397.500000, 37764440.000000, 37764440.000000, 7492659.000000, 5176484.500000
-2.000000, 953697.562500, 953697.562500, 37949056.000000, 37949056.000000, 7623092.000000, 5199501.500000
-1.950000, 922296.062500, 922296.062500, 38229892.000000, 38229892.000000, 7738757.500000, 5263800.500000
-1.900000, 981371.500000, 981371.500000, 38578520.000000, 38578520.000000, 7837038.000000, 5373247.500000
-1.850000, 1021914.312500, 1021914.312500, 38802668.000000, 38802668.000000, 7831999.000000, 5435054.500000
-1.800000, 990515.750000, 990515.750000, 39099444.000000, 39099444.000000, 7864937.000000, 5441967.500000
-1.750000, 977977.875000, 977977.875000, 39414300.000000, 39414300.000000, 7995572.000000, 5531357.000000
-1.700000, 970814.312500, 970814.312500, 39645688.000000, 39645688.000000, 8082497.500000, 5577105.500000
-1.650000, 983724.750000, 983724.750000, 39912948.000000, 39912948.000000, 8165902.500000, 5555680.500000
-1.600000, 1039824.875000, 1039824.875000, 40220300.000000, 40220300.000000, 8187865.000000, 5562765.500000
-1.550000, 1057047.250000, 1057047.250000, 40535832.000000, 40535832.000000, 8189763.000000, 5617932.500000
-1.500000, 1054152.750000, 1054152.750000, 40747520.000000, 40747520.000000, 8320986.500000, 5745449.000000
-1.450000, 1070567.125000, 1070567.125000, 40945212.000000, 40945212.000000, 8426633.000000, 5836665.000000
-1.400000, 1055816.000000, 1055816.000000, 41108476.000000, 41108476.000000, 8466808.000000, 5912984.500000
-1.350000, 1045143.375000, 1045143.375000, 41051764.000000, 41051764.000000, 8496934.000000, 5997319.000000
-1.300000, 1063384.750000, 1063384.750000, 41040952.000000, 41040952.000000, 8624571.000000, 5995081.500000
-1.250000, 1070138.250000, 1070138.250000, 41125696.000000, 41125696.000000, 8958904.000000, 6007665.000000
-1.200000, 1084779.500000, 1084779.500000, 41231620.000000, 41231620.000000, 9142407.000000, 6088556.500000
-1.150000, 1093194.250000, 1093194.250000, 41551696.000000, 41551696.000000, 9001631.000000, 6220430.000000
-1.100000, 1112734.250000, 1112734.250000, 42102592.000000, 42102592.000000, 8716066.000000, 6328250.500000
-1.050000, 1183095.000000, 1183095.000000, 42887964.000000, 42887964.000000, 8420396.000000, 6334394.000000
-1.000000, 1216222.125000, 1216222.125000, 43642796.000000, 43642796.000000, 8369763.000000, 6316492.000000
-0.950000, 1216612.000000, 1216612.000000, 44056456.000000, 44056456.000000, 8427360.000000, 6246930.000000
-0.900000, 1255570.375000, 1255570.375000, 44434276.000000, 44434276.000000, 8399761.000000, 6196337.000000
-0.850000, 1310804.500000, 1310804.500000, 45173976.000000, 45173976.000000, 8353614.000000, 6212772.000000
-0.800000, 1353827.875000, 1353827.875000, 45996384.000000, 45996384.000000, 8044969.000000, 6222232.000000
-0.750000, 1388221.125000, 1388221.125000, 46272068.000000, 46272068.000000, 7746103.000000, 6299456.500000
-0.700000, 1473563.625000, 1473563.625000, 46322900.000000, 46322900.000000, 7784750.500000, 6325740.500000
-0.650000, 1524305.750000, 1524305.750000, 46560572.000000, 46560572.000000, 7738057.000000, 6407494.500000
-0.600000, 1483978.625000, 1483978.625000, 46458700.000000, 46458700.000000, 7654149.000000, 6724616.500000
-0.550000, 1461635.625000, 1461635.625000, 45976256.000000, 45976256.000000, 7766374.000000, 6944087.000000
-0.500000, 1436182.250000, 1436182.250000, 45366140.000000, 45366140.000000, 8284353.500000, 6978969.000000
-0.450000, 1574428.750000, 1574428.750000, 44725900.000000, 44725900.000000, 9278998.000000, 6825726.000000
-0.400000, 1869450.125000, 1869450.125000, 44466480.000000, 44466480.000000, 9523545.000000, 6470495.000000
-0.350000, 2037715.500000, 2037715.500000, 45004268.000000, 45004268.000000, 8379863.000000, 6303445.000000
-0.300000, 2132653.500000, 2132653.500000, 46373356.000000, 46373356.000000, 7051880.000000, 6531637.500000
-0.250000, 1919125.000000, 1919125.000000, 47509248.000000, 47509248.000000, 6688964.000000, 7005051.500000
-0.200000, 1471976.250000, 1471976.250000, 47652768.000000, 47652768.000000, 7298717.000000, 7338710.500000
-0.150000, 1440203.750000, 1440203.750000, 47689952.000000, 47689952.000000, 7689805.500000, 7221717.500000
-0.100000, 1922524.125000, 1922524.125000, 49133924.000000, 49133924.000000, 7038860.000000, 6643903.500000
-0.050000, 2878613.250000, 2878613.250000, 52519644.000000, 52519644.000000, 6022855.500000, 5854453.000000
0.000000, 3502531.000000, 3502531.000000, 54699716.000000, 54699716.000000, 5537284.500000, 5537284.500000
0.050000, 2878613.250000, 2878613.250000, 52519644.000000, 52519644.000000, 5854453.000000, 6022855.500000
0.100000, 1922524.125000, 1922524.125000, 49133924.000000, 49133924.000000, 6643903.500000, 7038860.000000
0.150000, 1440203.750000, 1440203.750000, 47689952.000000, 47689952.000000, 7221717.500000, 7689805.500000
0.200000, 1471976.250000, 1471976.250000, 47652768.000000, 47652768.000000, 7338710.500000, 7298717.000000
0.250000, 1919125.000000, 1919125.000000, 47509248.000000, 47509248.000000, 7005051.500000, 6688964.000000
0.300000, 2132653.500000, 2132653.500000, 46373356.000000, 46373356.000000, 6531637.500000, 7051880.000000
0.350000, 2037715.500000, 2037715.500000, 45004268.000000, 45004268.000000, 6303445.000000, 8379863.000000
0.400000, 1869450.125000, 1869450.125000, 44466480.000000, 44466480.000000, 6470495.000000, 9523545.000000
0.450000, 1574428.750000, 1574428.750000, 44725900.000000, 44725900.000000, 6825726.000000, 9278998.000000
0.500000, 1436182.250000, 1436182.250000, 45366140.000000, 45366140.000000, 6978969.000000, 8284353.500000
0.550000, 1461635.625000, 1461635.625000, 45976256.000000, 45976256.000000, 6944087.000000, 7766374.000000
0.600000, 1483978.625000, 1483978.625000, 46458700.000000, 46458700.000000, 6724616.500000, 7654149.000000
0.650000, 1524305.750000, 1524305.750000, 46560572.000000, 46560572.000000, 6407494.500000, 7738057.000000
0.700000, 1473563.625000, 1473563.625000, 46322900.000000, 46322900.000000, 6325740.500000, 7784750.500000
0.750000, 1388221.125000, 1388221.125000, 46272068.000000, 46272068.000000, 6299456.500000, 7746103.000000
0.800000, 1353827.875000, 1353827.875000, 45996384.000000, 45996384.000000, 6222232.000000, 8044969.000000
0.850000, 1310804.500000, 1310804.500000, 45173976.000000, 45173976.000000, 6212772.000000, 8353614.000000
0.900000, 1255570.375000, 1255570.375000, 44434276.000000, 44434276.000000, 6196337.000000, 8399761.000000
0.950000, 1216612.000000, 1216612.000000, 44056456.000000, 44056456.000000, 6246930.000000, 8427360.000000
1.000000, 1216222.125000, 1216222.125000, 43642796.000000, 43642796.000000, 6316492.000000, 8369763.000000
1.050000, 1183095.000000, 1183095.000000, 42887964.000000, 42887964.000000, 6334394.000000, 8420396.000000
1.100000, 1112734.250000, 1112734.250000, 42102592.000000, 42102592.000000, 6328250.500000, 8716066.000000
1.150000, 1093194.250000, 1093194.250000, 41551696.000000, 41551696.000000, 6220430.000000, 9001631.000000
1.200000, 1084779.500000, 1084779.500000, 41231620.000000, 41231620.000000, 6088556.500000, 9142407.000000
1.250000, 1070138.250000, 1070138.250000, 41125696.000000, 41125696.000000, 6007665.000000, 8958904.000000
1.300000, 1063384.750000, 1063384.750000, 41040952.000000, 41040952.000000, 5995081.500000, 8624571.000000
1.350000, 1045143.375000, 1045143.375000, 41051764.000000, 41051764.000000, 5997319.000000, 8496934.000000
1.400000, 1055816.000000, 1055816.000000, 41108476.000000, 41108476.000000, 5912984.500000, 8466808.000000
1.450000, 1070567.125000, 1070567.125000, 40945212.000000, 40945212.000000, 5836665.000000, 8426633.000000
1.500000, 1054152.750000, 1054152.750000, 40747520.000000, 40747520.000000, 5745449.000000, 8320986.500000
1.550000, 1057047.250000, 1057047.250000, 40535832.000000, 40535832.000000, 5617932.500000, 8189763.000000
1.600000, 1039824.875000, 1039824.875000, 40220300.000000, 40220300.000000, 5562765.500000, 8187865.000000
1.650000, 983724.750000, 983724.750000, 39912948.000000, 39912948.000000, 5555680.500000, 8165902.500000
1.700000, 970814.312500, 970814.312500, 39645688.000000, 39645688.000000, 5577105.500000, 8082497.500000
1.750000, 977977.875000, 977977.875000, 39414300.000000, 39414300.000000, 5531357.000000, 7995572.000000
1.800000, 990515.750000, 990515.750000, 39099444.000000, 39099444.000000, 5441967.500000, 7864937.000000
1.850000, 1021914.312500, 1021914.312500, 38802668.000000, 38802668.000000, 5435054.500000, 7831999.000000
1.900000, 981371.500000, 981371.500000, 38578520.000000, 38578520.000000, 5373247.500000, 7837038.000000
1.950000, 922296.062500, 922296.062500, 38229892.000000, 38229892.000000, 5263800.500000, 7738757.500000
2.000000, 953697.562500, 953697.562500, 37949056.000000, 37949056.000000, 5199501.500000, 7623092.000000
2.050000, 991397.500000, 991397.500000, 37764440.000000, 37764440.000000, 5176484.500000, 7492659.000000
2.100000, 1003062.125000, 1003062.125000, 37486400.000000, 37486400.000000, 5209013.000000, 7361764.500000
2.150000, 997625.687500, 997625.687500, 37235216.000000, 37235216.000000, 5145726.500000, 7298629.000000
2.200000, 929751.000000, 929751.000000, 37074572.000000, 37074572.000000, 5024601.500000, 7324158.000000
2.250000, 879056.875000, 879056.875000, 36954424.000000, 36954424.000000, 4999293.500000, 7367730.000000
2.300000, 893670.062500, 893670.062500, 36707868.000000, 36707868.000000, 4954674.500000, 7274533.500000
2.350000, 914479.875000, 914479.875000, 36336344.000000, 36336344.000000, 4857383.500000, 7115752.000000
2.400000, 944815.500000, 944815.500000, 36048832.000000, 36048832.000000, 4808121.000000, 7050538.500000
2.450000, 945075.500000, 945075.500000, 35781660.000000, 35781660.000000, 4845614.000000, 7047601.500000
2.500000, 895569.312500, 895569.312500, 35536840.000000, 35536840.000000, 4852693.500000, 7049546.000000
2.550000, 879075.187500, 879075.187500, 35321776.000000, 35321776.000000, 4720870.500000, 6999270.000000
2.600000, 867819.312500, 867819.312500, 35059900.000000, 35059900.000000, 4601059.000000, 6861110.500000
2.650000, 843377.500000, 843377.500000, 34856404.000000, 34856404.000000, 4582614.500000, 6744139.500000
2.700000, 859587.125000, 859587.125000, 34579968.000000, 34579968.000000, 4567091.000000, 6717676.000000
2.750000, 871544.000000, 871544.000000, 34182252.000000, 34182252.000000, 4494378.500000, 6676828.500000
2.800000, 876056.687500, 876056.687500, 33946036.000000, 33946036.000000, 4426271.000000, 6598167.000000
2.850000, 874726.375000, 874726.375000, 33839644.000000, 33839644.000000, 4432488.000000, 6542414.000000
2.900000, 831333.937500, 831333.937500, 33613048.000000, 33613048.000000, 4407163.000000, 6490817.000000
2.950000, 820038.687500, 820038.687500, 33244422.000000, 33244422.000000, 4323305.000000, 6456188.500000
3.000000, 840726.750000, 840726.750000, 32950390.000000, 32950390.000000, 4269586.000000, 6398604.000000
3.050000, 838191.500000, 838191.500000, 32768168.000000, 32768168.000000, 4234257.500000, 6287770.500000
3.100000, 830955.625000, 830955.625000, 32507428.000000, 32507428.000000, 4207683.000000, 6230104.000000
3.150000, 811544.812500, 811544.812500, 32206086.000000, 32206086.000000, 4123253.750000, 6204524.000000
3.200000, 805802.812500, 805802.812500, 31979036.000000, 31979036.000000, 4010476.000000, 6180702.000000
3.250000, 799179.875000, 799179.875000, 31811874.000000, 31811874.000000, 3997996.750000, 6179349.500000
3.300000, 765433.437500, 765433.437500, 31610498.000000, 31610498.000000, 3992686.000000, 6115920.500000
3.350000, 768976.125000, 768976.125000, 31314788.000000, 31314788.000000, 3926158.000000, 6041639.500000
3.400000, 779084.812500, 779084.812500, 31056386.000000, 31056386.000000, 3854234.750000, 6019096.500000
3.450000, 764290.312500, 764290.312500, 30862322.000000, 30862322.000000, 3827367.250000, 5972084.000000
3.500000, 749921.500000, 749921.500000, 30606684.000000, 30606684.000000, 3835952.000000, 5901884.500000
3.550000, 742322.500000, 742322.500000, 30266600.000000, 30266600.000000, 3773143.500000, 5847711.000000
3.600000, 765301.375000, 765301.375000, 29958390.000000, 29958390.000000, 3685953.750000, 5819731.000000
3.650000, 748505.937500, 748505.937500, 29785630.000000, 29785630.000000, 3654973.750000, 5761925.000000
3.700000, 692074.312500, 692074.312500, 29585312.000000, 29585312.000000, 3625139.250000, 5675748.500000
3.750000, 692090.375000, 692090.375000, 29269142.000000, 29269142.000000, 3565592.750000, 5663084.500000
3.800000, 705523.000000, 705523.000000, 29002974.000000, 29002974.000000, 3490750.000000, 5642844.000000
3.850000, 703155.125000, 703155.125000, 28819758.000000, 28819758.000000, 3469976.250000, 5544044.500000
3.900000, 689325.562500, 689325.562500, 28635536.000000, 28635536.000000, 3464692.750000, 5472477.000000
3.950000, 671850.437500, 671850.437500, 28368534.000000, 28368534.000000, 3379201.750000, 5464177.500000
4.000000, 686556.125000, 686556.125000, 28079244.000000, 28079244.000000, 3278328.750000, 5470130.500000
4.050000, 670766.687500, 670766.687500, 27871726.000000, 27871726.000000, 3235328.750000, 5414325.500000
4.100000, 622949.125000, 622949.125000, 27629534.000000, 27629534.000000, 3233603.750000, 5310054.000000
4.150000, 612505.437500, 612505.437500, 27318326.000000, 27318326.000000, 3182610.750000, 5268960.500000
4.200000, 612653.250000, 612653.250000, 27043110.000000, 27043110.000000, 3079668.750000, 5280775.500000
4.250000, 611907.812500, 611907.812500, 26850722.000000, 26850722.000000, 3014920.000000, 5244195.500000
4.300000, 601259.187500, 601259.187500, 26693498.000000, 26693498.000000, 2980396.000000, 5165482.500000
4.350000, 565390.625000, 565390.625000, 26408846.000000, 26408846.000000, 2944256.500000, 5135437.500000
4.400000, 555813.937500, 555813.937500, 26054154.000000, 26054154.000000, 2871296.500000, 5150657.000000
4.450000, 556168.437500, 556168.437500, 25826804.000000, 25826804.000000, 2822594.250000, 5124970.500000
4.500000, 529034.000000, 529034.000000, 25646526.000000, 25646526.000000, 2843940.250000, 5018102.500000
4.550000, 531210.500000, 531210.500000, 25368510.000000, 25368510.000000, 2791487.250000, 4913320.000000
4.600000, 550805.750000, 550805.750000, 25044688.000000, 25044688.000000, 2691156.000000, 4899577.500000
4.650000, 534466.937500, 534466.937500, 24814184.000000, 24814184.000000, 2639914.250000, 4880603.500000
4.700000, 502138.187500, 502138.187500, 24644372.000000, 24644372.000000, 2608556.250000, 4806974.500000
4.750000, 479272.281250, 479272.281250, 24394822.000000, 24394822.000000, 2573219.250000, 4750040.500000
4.800000, 497473.093750, 497473.093750, 24103990.000000, 24103990.000000, 2482310.750000, 4711361.000000
4.850000, 523129.656250, 523129.656250, 23867728.000000, 23867728.000000, 2436487.750000, 4659189.000000
4.900000, 500853.250000, 500853.250000, 23683344.000000, 23683344.000000, 2482843.500000, 4553777.000000
4.950000, 482042.343750, 482042.343750, 23441074.000000, 23441074.000000, 2446537.500000, 4500594.500000
5.000000, 481329.656250, 481329.656250, 23094418.000000, 23094418.000000, 2351319.000000, 4545174.000000
5.050000, 470106.406250, 470106.406250, 22833424.000000, 22833424.000000, 2292572.000000, 4496042.500000
5.100000, 450370.593750, 450370.593750, 22680340.000000, 22680340.000000, 2264511.500000, 4392577.500000
5.150000, 434226.062500, 434226.062500, 22401340.000000, 22401340.000000, 2234799.000000, 4352651.500000
5.200000, 436707.500000, 436707.500000, 22021560.000000, 22021560.000000, 2147380.500000, 4349090.500000
5.250000, 426115.312500, 426115.312500, 21796434.000000, 21796434.000000, 2085425.500000, 4356816.000000
5.300000, 405344.937500, 405344.937500, 21716802.000000, 21716802.000000, 2076678.875000, 4284419.500000
5.350000, 398151.125000, 398151.125000, 21497208.000000, 21497208.000000, 2048316.000000, 4197860.000000
5.400000, 402141.062500, 402141.062500, 21118498.000000, 21118498.000000, 2011236.500000, 4167482.750000
5.450000, 424798.781250, 424798.781250, 20839838.000000, 20839838.000000, 1941835.000000, 4091411.250000
5.500000, 408043.000000, 408043.000000, 20686836.000000, 20686836.000000, 1895569.375000, 4013317.250000
5.550000, 364488.687500, 364488.687500, 20481008.000000, 20481008.000000, 1878789.625000, 3964697.250000
5.600000, 352562.937500, 352562.937500, 20159738.000000, 20159738.000000, 1785771.125000, 3933214.000000
5.650000, 325977.718750, 325977.718750, 19861830.000000, 19861830.000000, 1722152.750000, 3929413.500000
5.700000, 309654.781250, 309654.781250, 19687998.000000, 19687998.000000, 1718373.375000, 3868500.000000
5.750000, 324876.562500, 324876.562500, 19477718.000000, 19477718.000000, 1667891.625000, 3771458.250000
5.800000, 337400.000000, 337400.000000, 19161330.000000, 19161330.000000, 1605627.625000, 3734976.750000
5.850000, 345636.812500, 345636.812500, 18911924.000000, 18911924.000000, 1552717.750000, 3750062.250000
5.900000, 302290.875000, 302290.875000, 18737130.000000, 18737130.000000, 1516776.625000, 3707030.750000
5.950000, 253215.421875, 253215.421875, 18486672.000000, 18486672.000000, 1486988.250000, 3614563.250000
6.000000, 263983.343750, 263983.343750, 18160284.000000, 18160284.000000, 1412123.875000, 3609414.500000
6.050000, 268317.156250, 268317.156250, 17894266.000000, 17894266.000000, 1367499.000000, 3561494.500000
6.100000, 258368.671875, 258368.671875, 17706982.000000, 17706982.000000, 1366938.375000, 3416572.500000
6.150000, 241989.265625, 241989.265625, 17439434.000000, 17439434.000000, 1283113.750000, 3388228.000000
6.200000, 214437.250000, 214437.250000, 17120540.000000, 17120540.000000, 1179245.250000, 3426481.000000
6.250000, 218230.593750, 218230.593750, 16905854.000000, 16905854.000000, 1172898.625000, 3399911.000000
6.300000, 217966.234375, 217966.234375, 16710121.000000, 16710121.000000, 1169561.000000, 3315749.500000
6.350000, 183638.437500, 183638.437500, 16449871.000000, 16449871.000000, 1104558.000000, 3226105.500000
6.400000, 171681.703125, 171681.703125, 16168257.000000, 16168257.000000, 1004508.875000, 3198568.500000
6.450000, 190289.312500, 190289.312500, 15947977.000000, 15947977.000000, 934996.500000, 3167587.000000
6.500000, 191907.906250, 191907.906250, 15794572.000000, 15794572.000000, 940830.187500, 3093773.500000
6.550000, 172679.750000, 172679.750000, 15513551.000000, 15513551.000000, 900897.812500, 3008453.500000
6.600000, 151682.859375, 151682.859375, 15184977.000000, 15184977.000000, 815429.312500, 2942064.000000
6.650000, 129955.140625, 129955.140625, 15004091.000000, 15004091.000000, 771282.375000, 2949368.750000
6.700000, 121439.734375, 121439.734375, 14793960.000000, 14793960.000000, 707283.750000, 2931462.000000
6.750000, 108934.976562, 108934.976562, 14478371.000000, 14478371.000000, 647235.125000, 2831848.250000
6.800000, 82378.859375, 82378.859375, 14152200.000000, 14152200.000000, 598997.000000, 2772655.000000
6.850000, 71743.421875, 71743.421875, 13882623.000000, 13882623.000000, 511046.375000, 2770635.250000
6.900000, 62240.125000, 62240.125000, 13707226.000000, 13707226.000000, 435795.468750, 2744912.750000
6.950000, 68300.078125, 68300.078125, 13497882.000000, 13497882.000000, 383544.656250, 2663463.000000
7.000000, 83610.257812, 83610.257812, 13192562.000000, 13192562.000000, 329861.000000, 2573823.000000
7.050000, 57127.855469, 57127.855469, 12856278.000000, 12856278.000000, 287259.031250, 2519039.750000
7.100000, 33397.429688, 33397.429688, 12565153.000000, 12565153.000000, 271937.718750, 2474812.750000
7.150000, 24504.500000, 24504.500000, 12335545.000000, 12335545.000000, 256601.500000, 2407033.500000
7.200000, 12363.694336, 12363.694336, 12064828.000000, 12064828.000000, 172305.500000, 2319440.500000
7.250000, 9317.361328, 9317.361328, 11815009.000000, 11815009.000000, 39631.691406, 2261953.750000
7.300000, -12666.803711, -12666.803711, 11654434.000000, 11654434.000000, -68683.859375, 2230458.000000
7.350000, -33064.550781, -33064.550781, 11462640.000000, 11462640.000000, -135451.562500, 2213098.250000
7.400000, -38504.656250, -38504.656250, 11209555.000000, 11209555.000000, -155597.812500, 2205166.250000
7.450000, -46872.382812, -46872.382812, 10931193.000000, 10931193.000000, -177836.515625, 2128262.750000
7.500000, -53343.929688, -53343.929688, 10696965.000000, 10696965.000000, -273436.843750, 2045695.500000
7.550000, -78049.984375, -78049.984375, 10539548.000000, 10539548.000000, -377682.500000, 2032972.000000
7.600000, -110096.375000, -110096.375000, 10346957.000000, 10346957.000000, -472374.781250, 2004197.500000
7.650000, -139617.515625, -139617.515625, 10024440.000000, 10024440.000000, -572479.250000, 1967914.750000
7.700000, -162783.140625, -162783.140625, 9625934.000000, 9625934.000000, -582831.375000, 1931025.000000
7.750000, -166765.562500, -166765.562500, 9326822.000000, 9326822.000000, -624583.187500, 1849643.250000
7.800000, -163881.734375, -163881.734375, 9121365.000000, 9121365.000000, -717630.562500, 1765491.625000
7.850000, -149251.281250, -149251.281250, 8869056.000000, 8869056.000000, -708371.312500, 1725325.875000
7.900000, -169663.875000, -169663.875000, 8590233.000000, 8590233.000000, -761807.750000, 1723991.000000
7.950000, -232474.953125, -232474.953125, 8333216.000000, 8333216.000000, -876825.500000, 1676822.500000
8.000000, -263481.375000, -263481.375000, 8096319.500000, 8096319.500000, -986059.812500, 1592667.000000
8.050000, -259608.359375, -259608.359375, 7864559.500000, 7864559.500000, -1143773.625000, 1546841.125000
8.100000, -226840.156250, -226840.156250, 7709316.000000, 7709316.000000, -1167082.500000, 1469711.125000
8.150000, -216423.546875, -216423.546875, 7644195.500000, 7644195.500000, -1194855.125000, 1384124.625000
8.200000, -274837.968750, -274837.968750, 7600730.000000, 7600730.000000, -1433894.625000, 1404949.875000
8.250000, -315175.656250, -315175.656250, 7643451.500000, 7643451.500000, -1663737.375000, 1459030.625000
8.300000, -304722.281250, -304722.281250, 7541226.000000, 7541226.000000, -1705350.750000, 1394862.750000
8.350000, -269630.312500, -269630.312500, 7054595.000000, 7054595.000000, -1462873.125000, 1230147.250000
8.400000, -214898.046875, -214898.046875, 6306885.000000, 6306885.000000, -1110919.125000, 1092215.750000
8.450000, -177046.937500, -177046.937500, 5492884.000000, 5492884.000000, -974128.000000, 1002507.312500
8.500000, -169574.218750, -169574.218750, 5064297.000000, 5064297.000000, -985317.500000, 951837.062500
8.550000, -179711.734375, -179711.734375, 4885400.000000, 4885400.000000, -1002141.500000, 913717.937500
8.600000, -180113.187500, -180113.187500, 4244202.500000, 4244202.500000, -990706.937500, 792195.062500
8.650000, -151929.234375, -151929.234375, 3407057.500000, 3407057.500000, -895424.062500, 649100.875000
8.700000, -126545.875000, -126545.875000, 2980951.250000, 2980951.250000, -739449.062500, 601313.312500
8.750000, -109156.437500, -109156.437500, 2928948.500000, 2928948.500000, -579557.437500, 583881.000000
8.800000, -84859.734375, -84859.734375, 3005952.500000, 3005952.500000, -472236.375000, 547996.250000
8.850000, -72094.156250, -72094.156250, 2970839.250000, 2970839.250000, -437446.000000, 529778.000000
8.900000, -74103.000000, -74103.000000, 2783394.000000, 2783394.000000, -418243.468750, 504127.625000
8.950000, -67635.539062, -67635.539062, 2587323.500000, 2587323.500000, -373400.937500, 448762.250000
9.000000, -51616.734375, -51616.734375, 2403015.500000, 2403015.500000, -333226.531250, 402033.468750
9.050000, -46416.980469, -46416.980469, 2193753.750000, 2193753.750000, -312708.312500, 375254.000000
9.100000, -43047.730469, -43047.730469, 1930441.000000, 1930441.000000, -255280.968750, 323520.000000
9.150000, -31002.222656, -31002.222656, 1668719.125000, 1668719.125000, -196271.609375, 248211.296875
9.200000, -25454.333984, -25454.333984, 1454592.500000, 1454592.500000, -183794.515625, 208608.421875
9.250000, -20920.707031, -20920.707031, 1169535.125000, 1169535.125000, -137106.140625, 184201.281250
9.300000, -11056.527344, -11056.527344, 892692.062500, 892692.062500, -68228.515625, 139324.109375
9.350000, -6321.638672, -6321.638672, 700708.250000, 700708.250000, -44578.511719, 100538.468750
9.400000, -4479.316406, -4479.316406, 405721.812500, 405721.812500, -30679.792969, 59754.632812
9.450000, -1377.061401, -1377.061401, 103447.218750, 103447.218750, -8595.020508, 16573.919922
