Time 1XX 1ZZ 2XX 2ZZ 1X2Z 1Z2X 
-9.350000, 0.000000, 0.000000, 0.000000, 0.000000, 0.000000, 0.000000
-9.300000, -2546.330078, -2546.330078, 104035.406250, 104035.406250, 7671.775391, -34530.269531
-9.250000, -10035.455078, -10035.455078, 404007.468750, 404007.468750, 37260.601562, -102474.375000
-9.200000, -14871.910156, -14871.910156, 710863.187500, 710863.187500, 76008.421875, -126287.320312
-9.150000, -15383.916992, -15383.916992, 942722.000000, 942722.000000, 103299.687500, -141001.000000
-9.100000, -22579.410156, -22579.410156, 1244934.125000, 1244934.125000, 141023.281250, -190177.750000
-9.050000, -29365.562500, -29365.562500, 1540267.000000, 1540267.000000, 185373.531250, -240836.375000
-9.000000, -30369.943359, -30369.943359, 1772786.375000, 1772786.375000, 199981.062500, -307353.531250
-8.950000, -31782.771484, -31782.771484, 2018692.500000, 2018692.500000, 206249.375000, -314695.343750
-8.900000, -30545.902344, -30545.902344, 2261976.500000, 2261976.500000, 224796.390625, -313285.656250
-8.850000, -39803.277344, -39803.277344, 2504702.000000, 2504702.000000, 246720.796875, -398176.875000
-8.800000, -47546.363281, -47546.363281, 2741625.750000, 2741625.750000, 270274.718750, -432876.687500
-8.750000, -38741.312500, -38741.312500, 2986330.250000, 2986330.250000, 284591.812500, -470008.687500
-8.700000, -50653.875000, -50653.875000, 3264467.000000, 3264467.000000, 304846.781250, -579291.125000
-8.650000, -69535.234375, -69535.234375, 3533040.000000, 3533040.000000, 337551.843750, -659338.500000
-8.600000, -73823.578125, -73823.578125, 3748575.000000, 3748575.000000, 367781.750000, -699418.000000
-8.550000, -77167.617188, -77167.617188, 3930220.500000, 3930220.500000, 396888.781250, -708526.125000
-8.500000, -69653.523438, -69653.523438, 4180652.500000, 4180652.500000, 409409.343750, -742696.375000
-8.450000, -76098.398438, -76098.398438, 4453118.000000, 4453118.000000, 428728.531250, -792953.625000
-8.400000, -85462.976562, -85462.976562, 4670497.000000, 4670497.000000, 462981.656250, -838393.625000
-8.350000, -79650.625000, -79650.625000, 4934684.500000, 4934684.500000, 472379.906250, -920763.062500
-8.300000, -96543.937500, -96543.937500, 5207260.000000, 5207260.000000, 498646.500000, -994810.250000
-8.250000, -107505.179688, -107505.179688, 5404004.500000, 5404004.500000, 544648.000000, -1070909.875000
-8.200000, -112218.257812, -112218.257812, 5505105.500000, 5505105.500000, 547865.250000, -1146180.125000
-8.150000, -127942.156250, -127942.156250, 5354918.500000, 5354918.500000, 516485.375000, -1241952.375000
-8.100000, -129958.578125, -129958.578125, 5069573.000000, 5069573.000000, 474237.593750, -1413165.375000
-8.050000, -150422.484375, -150422.484375, 5293869.000000, 5293869.000000, 474042.718750, -1521260.250000
-8.000000, -166318.843750, -166318.843750, 6153107.000000, 6153107.000000, 551107.375000, -1544567.625000
-7.950000, -152981.140625, -152981.140625, 6943106.500000, 6943106.500000, 636077.437500, -1568542.250000
-7.900000, -144522.765625, -144522.765625, 7477836.000000, 7477836.000000, 713520.000000, -1455105.625000
-7.850000, -119108.187500, -119108.187500, 7951502.000000, 7951502.000000, 822892.500000, -1282679.750000
-7.800000, -104574.968750, -104574.968750, 8354530.000000, 8354530.000000, 909967.187500, -1298778.250000
-7.750000, -112825.632812, -112825.632812, 8927014.000000, 8927014.000000, 931545.125000, -1326484.000000
-7.700000, -117195.406250, -117195.406250, 9675166.000000, 9675166.000000, 936549.500000, -1475612.625000
-7.650000, -175529.734375, -175529.734375, 10265759.000000, 10265759.000000, 971909.812500, -1924140.750000
-7.600000, -215008.546875, -215008.546875, 10405163.000000, 10405163.000000, 1022798.812500, -1963634.750000
-7.550000, -166861.593750, -166861.593750, 10156260.000000, 10156260.000000, 1017023.000000, -1595503.500000
-7.500000, -162645.375000, -162645.375000, 10082028.000000, 10082028.000000, 958619.562500, -1537818.875000
-7.450000, -174165.734375, -174165.734375, 10263789.000000, 10263789.000000, 913702.812500, -1539133.375000
-7.400000, -121552.757812, -121552.757812, 10505456.000000, 10505456.000000, 907477.187500, -1375201.375000
-7.350000, -86767.734375, -86767.734375, 10786568.000000, 10786568.000000, 995985.187500, -1256955.375000
-7.300000, -88940.703125, -88940.703125, 10995429.000000, 10995429.000000, 1100306.625000, -1200312.500000
-7.250000, -113730.273438, -113730.273438, 11294065.000000, 11294065.000000, 1125436.625000, -1164431.375000
-7.200000, -107429.875000, -107429.875000, 11612512.000000, 11612512.000000, 1173921.125000, -1081945.500000
-7.150000, -71501.117188, -71501.117188, 11858072.000000, 11858072.000000, 1187026.625000, -1041930.812500
-7.100000, -97785.000000, -97785.000000, 12233457.000000, 12233457.000000, 1161591.750000, -1019193.875000
-7.050000, -98837.234375, -98837.234375, 12494723.000000, 12494723.000000, 1256240.500000, -902828.062500
-7.000000, -92961.585938, -92961.585938, 12590817.000000, 12590817.000000, 1348263.875000, -769337.937500
-6.950000, -117328.515625, -117328.515625, 12750912.000000, 12750912.000000, 1337550.625000, -686113.250000
-6.900000, -38003.914062, -38003.914062, 13049485.000000, 13049485.000000, 1281715.000000, -749427.312500
-6.850000, -23395.888672, -23395.888672, 13494955.000000, 13494955.000000, 1254057.250000, -757233.187500
-6.800000, -105533.625000, -105533.625000, 13835925.000000, 13835925.000000, 1314769.375000, -597186.062500
-6.750000, -71029.867188, -71029.867188, 14052265.000000, 14052265.000000, 1358450.125000, -545331.000000
-6.700000, -50752.835938, -50752.835938, 14255787.000000, 14255787.000000, 1412395.625000, -511290.593750
-6.650000, -81136.304688, -81136.304688, 14449171.000000, 14449171.000000, 1499772.375000, -388983.125000
-6.600000, -39217.988281, -39217.988281, 14713635.000000, 14713635.000000, 1473608.750000, -287969.031250
-6.550000, 12294.109375, 12294.109375, 14958741.000000, 14958741.000000, 1444082.750000, -258286.031250
-6.500000, 2336.396729, 2336.396729, 15274067.000000, 15274067.000000, 1490504.250000, -307095.468750
-6.450000, -50837.765625, -50837.765625, 15655325.000000, 15655325.000000, 1552351.375000, -251890.796875
-6.400000, -39728.625000, -39728.625000, 15810724.000000, 15810724.000000, 1636748.625000, -112447.953125
-6.350000, -7857.107422, -7857.107422, 15928317.000000, 15928317.000000, 1657974.875000, -22770.375000
-6.300000, -41848.820312, -41848.820312, 16213909.000000, 16213909.000000, 1627234.000000, 37638.507812
-6.250000, -24220.748047, -24220.748047, 16533295.000000, 16533295.000000, 1605227.250000, 36167.964844
-6.200000, 11864.948242, 11864.948242, 16822492.000000, 16822492.000000, 1622522.375000, 114270.531250
-6.150000, -7651.462402, -7651.462402, 17064094.000000, 17064094.000000, 1749016.000000, 220639.140625
-6.100000, -14234.214844, -14234.214844, 17288768.000000, 17288768.000000, 1837530.500000, 168130.187500
-6.050000, -809.330566, -809.330566, 17556728.000000, 17556728.000000, 1825606.000000, 191416.359375
-6.000000, 24073.671875, 24073.671875, 17857214.000000, 17857214.000000, 1847702.250000, 315090.875000
-5.950000, 19097.089844, 19097.089844, 18079620.000000, 18079620.000000, 1870008.875000, 352214.593750
-5.900000, 9477.902344, 9477.902344, 18254192.000000, 18254192.000000, 1890984.125000, 383612.625000
-5.850000, 31552.568359, 31552.568359, 18555576.000000, 18555576.000000, 1949729.625000, 456934.406250
-5.800000, 325.052246, 325.052246, 18842308.000000, 18842308.000000, 2000193.750000, 510573.718750
-5.750000, 2359.278809, 2359.278809, 19009690.000000, 19009690.000000, 2015359.125000, 537783.000000
-5.700000, 64666.539062, 64666.539062, 19276076.000000, 19276076.000000, 1987192.250000, 580109.437500
-5.650000, 50050.410156, 50050.410156, 19638098.000000, 19638098.000000, 2008255.000000, 602340.125000
-5.600000, 26957.667969, 26957.667969, 19906112.000000, 19906112.000000, 2073074.875000, 631790.375000
-5.550000, 39554.960938, 39554.960938, 20065548.000000, 20065548.000000, 2079800.500000, 740506.250000
-5.500000, 50299.589844, 50299.589844, 20246004.000000, 20246004.000000, 2102479.750000, 768707.875000
-5.450000, 60979.273438, 60979.273438, 20510936.000000, 20510936.000000, 2132601.000000, 751054.687500
-5.400000, 51447.757812, 51447.757812, 20817720.000000, 20817720.000000, 2142624.000000, 856961.062500
-5.350000, 67075.070312, 67075.070312, 21113726.000000, 21113726.000000, 2207855.250000, 903390.875000
-5.300000, 72000.929688, 72000.929688, 21323804.000000, 21323804.000000, 2254907.250000, 852642.812500
-5.250000, 51955.828125, 51955.828125, 21527280.000000, 21527280.000000, 2272942.250000, 901361.000000
-5.200000, 84985.585938, 84985.585938, 21798368.000000, 21798368.000000, 2325598.750000, 1030259.500000
-5.150000, 90520.390625, 90520.390625, 22009404.000000, 22009404.000000, 2361932.500000, 1083418.250000
-5.100000, 69066.757812, 69066.757812, 22209600.000000, 22209600.000000, 2355755.250000, 1042022.625000
-5.050000, 72484.773438, 72484.773438, 22462104.000000, 22462104.000000, 2336406.000000, 1054687.750000
-5.000000, 54250.785156, 54250.785156, 22738218.000000, 22738218.000000, 2376067.500000, 1127316.250000
-4.950000, 66200.046875, 66200.046875, 23075136.000000, 23075136.000000, 2479867.500000, 1192755.750000
-4.900000, 98923.585938, 98923.585938, 23347336.000000, 23347336.000000, 2581097.250000, 1260148.000000
-4.850000, 109317.125000, 109317.125000, 23541598.000000, 23541598.000000, 2644577.250000, 1295914.250000
-4.800000, 121623.960938, 121623.960938, 23777120.000000, 23777120.000000, 2618070.000000, 1358429.750000
-4.750000, 136045.265625, 136045.265625, 24033002.000000, 24033002.000000, 2596627.750000, 1414872.250000
-4.700000, 147729.531250, 147729.531250, 24307842.000000, 24307842.000000, 2681755.500000, 1393377.375000
-4.650000, 89720.929688, 89720.929688, 24589504.000000, 24589504.000000, 2765681.250000, 1412654.250000
-4.600000, 42686.996094, 42686.996094, 24894058.000000, 24894058.000000, 2829089.500000, 1450156.250000
-4.550000, 94191.000000, 94191.000000, 25129576.000000, 25129576.000000, 2864823.250000, 1494838.625000
-4.500000, 108592.898438, 108592.898438, 25246594.000000, 25246594.000000, 2810107.750000, 1596608.625000
-4.450000, 139829.921875, 139829.921875, 25486552.000000, 25486552.000000, 2781168.000000, 1648577.500000
-4.400000, 181421.656250, 181421.656250, 25776648.000000, 25776648.000000, 2849126.500000, 1636574.375000
-4.350000, 109090.039062, 109090.039062, 26018668.000000, 26018668.000000, 2927686.250000, 1641547.000000
-4.300000, 104716.796875, 104716.796875, 26351810.000000, 26351810.000000, 2981279.250000, 1711188.000000
-4.250000, 159495.937500, 159495.937500, 26614442.000000, 26614442.000000, 3037374.000000, 1745860.125000
-4.200000, 122241.859375, 122241.859375, 26781872.000000, 26781872.000000, 3098419.500000, 1733193.000000
-4.150000, 113178.492188, 113178.492188, 27017340.000000, 27017340.000000, 3107747.750000, 1817214.375000
-4.100000, 143211.375000, 143211.375000, 27300448.000000, 27300448.000000, 3092401.000000, 1825938.375000
-4.050000, 133819.890625, 133819.890625, 27554796.000000, 27554796.000000, 3173598.750000, 1797726.750000
-4.000000, 128559.328125, 128559.328125, 27748404.000000, 27748404.000000, 3285686.250000, 1930189.250000
-3.950000, 152283.375000, 152283.375000, 28021088.000000, 28021088.000000, 3306412.500000, 1944878.250000
-3.900000, 162796.109375, 162796.109375, 28312786.000000, 28312786.000000, 3312411.250000, 1875914.125000
-3.850000, 130971.914062, 130971.914062, 28468528.000000, 28468528.000000, 3346379.250000, 1962243.875000
-3.800000, 122353.093750, 122353.093750, 28673166.000000, 28673166.000000, 3385051.500000, 2033799.250000
-3.750000, 155681.734375, 155681.734375, 28984370.000000, 28984370.000000, 3446748.000000, 2007847.250000
-3.700000, 144768.828125, 144768.828125, 29303418.000000, 29303418.000000, 3497587.000000, 1999296.500000
-3.650000, 109611.007812, 109611.007812, 29569704.000000, 29569704.000000, 3534458.500000, 2079214.500000
-3.600000, 142991.578125, 142991.578125, 29769854.000000, 29769854.000000, 3540290.000000, 2131866.250000
-3.550000, 187413.500000, 187413.500000, 30015080.000000, 30015080.000000, 3519403.000000, 2097711.250000
-3.500000, 156258.093750, 156258.093750, 30291888.000000, 30291888.000000, 3583928.500000, 2124344.750000
-3.450000, 130118.093750, 130118.093750, 30556292.000000, 30556292.000000, 3678649.000000, 2172471.000000
-3.400000, 145029.843750, 145029.843750, 30828378.000000, 30828378.000000, 3754826.500000, 2185881.250000
-3.350000, 160917.546875, 160917.546875, 31106866.000000, 31106866.000000, 3852648.250000, 2198369.750000
-3.300000, 182805.625000, 182805.625000, 31374980.000000, 31374980.000000, 3859071.500000, 2208331.500000
-3.250000, 173814.046875, 173814.046875, 31551266.000000, 31551266.000000, 3828461.250000, 2284851.000000
-3.200000, 172398.640625, 172398.640625, 31717228.000000, 31717228.000000, 3905501.750000, 2343902.500000
-3.150000, 180134.437500, 180134.437500, 31986602.000000, 31986602.000000, 4041785.750000, 2316794.000000
-3.100000, 143616.515625, 143616.515625, 32315944.000000, 32315944.000000, 4154059.750000, 2341878.000000
-3.050000, 177892.765625, 177892.765625, 32626568.000000, 32626568.000000, 4169447.500000, 2421299.000000
-3.000000, 216938.140625, 216938.140625, 32822730.000000, 32822730.000000, 4159621.000000, 2439951.750000
-2.950000, 183487.015625, 183487.015625, 32985108.000000, 32985108.000000, 4199913.500000, 2424976.750000
-2.900000, 210436.828125, 210436.828125, 33219784.000000, 33219784.000000, 4251135.000000, 2492994.250000
-2.850000, 200005.109375, 200005.109375, 33558984.000000, 33558984.000000, 4370613.000000, 2557507.500000
-2.800000, 148930.875000, 148930.875000, 33933056.000000, 33933056.000000, 4499560.500000, 2545928.000000
-2.750000, 186852.718750, 186852.718750, 34136552.000000, 34136552.000000, 4519238.500000, 2569132.000000
-2.700000, 221859.453125, 221859.453125, 34335548.000000, 34335548.000000, 4480742.000000, 2602283.500000
-2.650000, 236810.578125, 236810.578125, 34621888.000000, 34621888.000000, 4477260.000000, 2652485.250000
-2.600000, 219080.171875, 219080.171875, 34849944.000000, 34849944.000000, 4575416.500000, 2689041.750000
-2.550000, 182911.296875, 182911.296875, 35153756.000000, 35153756.000000, 4710795.500000, 2641490.750000
-2.500000, 217162.750000, 217162.750000, 35436176.000000, 35436176.000000, 4787589.500000, 2645868.750000
-2.450000, 218233.984375, 218233.984375, 35632004.000000, 35632004.000000, 4796629.500000, 2688623.250000
-2.400000, 195709.625000, 195709.625000, 35848740.000000, 35848740.000000, 4799688.500000, 2765176.500000
-2.350000, 235978.093750, 235978.093750, 36055872.000000, 36055872.000000, 4865495.000000, 2829375.000000
-2.300000, 240660.703125, 240660.703125, 36410944.000000, 36410944.000000, 4952715.500000, 2767517.500000
-2.250000, 199752.187500, 199752.187500, 36803376.000000, 36803376.000000, 5075264.500000, 2814369.000000
-2.200000, 193436.656250, 193436.656250, 37085400.000000, 37085400.000000, 5143859.000000, 2899663.500000
-2.150000, 237190.578125, 237190.578125, 37323420.000000, 37323420.000000, 5095392.500000, 2866754.750000
-2.100000, 266133.593750, 266133.593750, 37502632.000000, 37502632.000000, 5171913.500000, 2890159.500000
-2.050000, 217289.312500, 217289.312500, 37838364.000000, 37838364.000000, 5355158.500000, 2929802.750000
-2.000000, 174144.343750, 174144.343750, 38175660.000000, 38175660.000000, 5501966.000000, 2968635.250000
-1.950000, 199967.609375, 199967.609375, 38401784.000000, 38401784.000000, 5566635.000000, 2944031.500000
-1.900000, 214017.343750, 214017.343750, 38730096.000000, 38730096.000000, 5556713.500000, 2924862.250000
-1.850000, 229389.187500, 229389.187500, 38821848.000000, 38821848.000000, 5602561.500000, 3084893.000000
-1.800000, 253617.546875, 253617.546875, 38725488.000000, 38725488.000000, 5604583.500000, 3199563.000000
-1.750000, 159080.484375, 159080.484375, 38652544.000000, 38652544.000000, 5803868.500000, 3289364.500000
-1.700000, 113607.296875, 113607.296875, 38551136.000000, 38551136.000000, 6142972.500000, 3276621.250000
-1.650000, 285568.218750, 285568.218750, 38844716.000000, 38844716.000000, 5856570.500000, 3120005.750000
-1.600000, 409027.000000, 409027.000000, 39545020.000000, 39545020.000000, 5443501.500000, 3200384.000000
-1.550000, 369689.656250, 369689.656250, 40289456.000000, 40289456.000000, 5479856.500000, 3235337.500000
-1.500000, 288858.343750, 288858.343750, 40921792.000000, 40921792.000000, 5455965.500000, 3153567.500000
-1.450000, 292332.125000, 292332.125000, 41419560.000000, 41419560.000000, 5428766.000000, 3193914.500000
-1.400000, 408242.625000, 408242.625000, 41935336.000000, 41935336.000000, 5613363.000000, 3067426.750000
-1.350000, 410751.843750, 410751.843750, 42522840.000000, 42522840.000000, 5778024.000000, 2963592.750000
-1.300000, 297548.437500, 297548.437500, 43317344.000000, 43317344.000000, 5727110.500000, 3056566.750000
-1.250000, 330558.593750, 330558.593750, 43971012.000000, 43971012.000000, 5648508.000000, 3170768.250000
-1.200000, 476922.906250, 476922.906250, 43901156.000000, 43901156.000000, 5620012.500000, 3354711.500000
-1.150000, 492186.625000, 492186.625000, 43569012.000000, 43569012.000000, 5378136.500000, 3438340.250000
-1.100000, 506143.750000, 506143.750000, 43580884.000000, 43580884.000000, 5214488.500000, 3296084.250000
-1.050000, 685158.000000, 685158.000000, 43764736.000000, 43764736.000000, 5080290.500000, 3112535.750000
-1.000000, 711428.687500, 711428.687500, 43788216.000000, 43788216.000000, 4910784.500000, 3105814.250000
-0.950000, 635197.750000, 635197.750000, 43913244.000000, 43913244.000000, 5084597.500000, 3314248.750000
-0.900000, 603131.937500, 603131.937500, 44321220.000000, 44321220.000000, 4992771.000000, 3471428.750000
-0.850000, 519016.812500, 519016.812500, 44693740.000000, 44693740.000000, 4692957.000000, 3428451.000000
-0.800000, 616124.500000, 616124.500000, 44947420.000000, 44947420.000000, 4748268.000000, 3415878.250000
-0.750000, 737050.000000, 737050.000000, 45070948.000000, 45070948.000000, 4811610.500000, 3478348.250000
-0.700000, 844362.750000, 844362.750000, 45726276.000000, 45726276.000000, 4953204.500000, 3453014.250000
-0.650000, 1003537.437500, 1003537.437500, 47041844.000000, 47041844.000000, 5035664.000000, 3622515.000000
-0.600000, 890025.625000, 890025.625000, 47556812.000000, 47556812.000000, 4665819.000000, 3967438.000000
-0.550000, 927196.125000, 927196.125000, 46685176.000000, 46685176.000000, 4476620.500000, 4044262.750000
-0.500000, 1128916.125000, 1128916.125000, 44595768.000000, 44595768.000000, 5626434.500000, 3742314.000000
-0.450000, 1083302.625000, 1083302.625000, 42731728.000000, 42731728.000000, 6948560.000000, 3115878.250000
-0.400000, 1100817.250000, 1100817.250000, 43309004.000000, 43309004.000000, 5800339.500000, 2693584.500000
-0.350000, 1266555.875000, 1266555.875000, 45640376.000000, 45640376.000000, 3799681.750000, 2549818.250000
-0.300000, 1207969.250000, 1207969.250000, 47557828.000000, 47557828.000000, 3168572.750000, 2693492.750000
-0.250000, 677924.187500, 677924.187500, 47539156.000000, 47539156.000000, 2965325.000000, 3792165.000000
-0.200000, 670516.187500, 670516.187500, 46189132.000000, 46189132.000000, 3620915.500000, 4845068.500000
-0.150000, 961449.937500, 961449.937500, 46183940.000000, 46183940.000000, 4773644.500000, 5020651.000000
-0.100000, 557096.625000, 557096.625000, 49136472.000000, 49136472.000000, 4646457.000000, 4670596.500000
-0.050000, 1675678.375000, 1675678.375000, 54632268.000000, 54632268.000000, 3619340.750000, 3604565.000000
0.000000, 3110851.250000, 3110851.250000, 57914532.000000, 57914532.000000, 2963551.500000, 2963551.500000
0.050000, 1675678.375000, 1675678.375000, 54632268.000000, 54632268.000000, 3604565.000000, 3619340.750000
0.100000, 557096.625000, 557096.625000, 49136472.000000, 49136472.000000, 4670596.500000, 4646457.000000
0.150000, 961449.937500, 961449.937500, 46183940.000000, 46183940.000000, 5020651.000000, 4773644.500000
0.200000, 670516.187500, 670516.187500, 46189132.000000, 46189132.000000, 4845068.500000, 3620915.500000
0.250000, 677924.187500, 677924.187500, 47539156.000000, 47539156.000000, 3792165.000000, 2965325.000000
0.300000, 1207969.250000, 1207969.250000, 47557828.000000, 47557828.000000, 2693492.750000, 3168572.750000
0.350000, 1266555.875000, 1266555.875000, 45640376.000000, 45640376.000000, 2549818.250000, 3799681.750000
0.400000, 1100817.250000, 1100817.250000, 43309004.000000, 43309004.000000, 2693584.500000, 5800339.500000
0.450000, 1083302.625000, 1083302.625000, 42731728.000000, 42731728.000000, 3115878.250000, 6948560.000000
0.500000, 1128916.125000, 1128916.125000, 44595768.000000, 44595768.000000, 3742314.000000, 5626434.500000
0.550000, 927196.125000, 927196.125000, 46685176.000000, 46685176.000000, 4044262.750000, 4476620.500000
0.600000, 890025.625000, 890025.625000, 47556812.000000, 47556812.000000, 3967438.000000, 4665819.000000
0.650000, 1003537.437500, 1003537.437500, 47041844.000000, 47041844.000000, 3622515.000000, 5035664.000000
0.700000, 844362.750000, 844362.750000, 45726276.000000, 45726276.000000, 3453014.250000, 4953204.500000
0.750000, 737050.000000, 737050.000000, 45070948.000000, 45070948.000000, 3478348.250000, 4811610.500000
0.800000, 616124.500000, 616124.500000, 44947420.000000, 44947420.000000, 3415878.250000, 4748268.000000
0.850000, 519016.812500, 519016.812500, 44693740.000000, 44693740.000000, 3428451.000000, 4692957.000000
0.900000, 603131.937500, 603131.937500, 44321220.000000, 44321220.000000, 3471428.750000, 4992771.000000
0.950000, 635197.750000, 635197.750000, 43913244.000000, 43913244.000000, 3314248.750000, 5084597.500000
1.000000, 711428.687500, 711428.687500, 43788216.000000, 43788216.000000, 3105814.250000, 4910784.500000
1.050000, 685158.000000, 685158.000000, 43764736.000000, 43764736.000000, 3112535.750000, 5080290.500000
1.100000, 506143.750000, 506143.750000, 43580884.000000, 43580884.000000, 3296084.250000, 5214488.500000
1.150000, 492186.625000, 492186.625000, 43569012.000000, 43569012.000000, 3438340.250000, 5378136.500000
1.200000, 476922.906250, 476922.906250, 43901156.000000, 43901156.000000, 3354711.500000, 5620012.500000
1.250000, 330558.593750, 330558.593750, 43971012.000000, 43971012.000000, 3170768.250000, 5648508.000000
1.300000, 297548.437500, 297548.437500, 43317344.000000, 43317344.000000, 3056566.750000, 5727110.500000
1.350000, 410751.843750, 410751.843750, 42522840.000000, 42522840.000000, 2963592.750000, 5778024.000000
1.400000, 408242.625000, 408242.625000, 41935336.000000, 41935336.000000, 3067426.750000, 5613363.000000
1.450000, 292332.125000, 292332.125000, 41419560.000000, 41419560.000000, 3193914.500000, 5428766.000000
1.500000, 288858.343750, 288858.343750, 40921792.000000, 40921792.000000, 3153567.500000, 5455965.500000
1.550000, 369689.656250, 369689.656250, 40289456.000000, 40289456.000000, 3235337.500000, 5479856.500000
1.600000, 409027.000000, 409027.000000, 39545020.000000, 39545020.000000, 3200384.000000, 5443501.500000
1.650000, 285568.218750, 285568.218750, 38844716.000000, 38844716.000000, 3120005.750000, 5856570.500000
1.700000, 113607.296875, 113607.296875, 38551136.000000, 38551136.000000, 3276621.250000, 6142972.500000
1.750000, 159080.484375, 159080.484375, 38652544.000000, 38652544.000000, 3289364.500000, 5803868.500000
1.800000, 253617.546875, 253617.546875, 38725488.000000, 38725488.000000, 3199563.000000, 5604583.500000
1.850000, 229389.187500, 229389.187500, 38821848.000000, 38821848.000000, 3084893.000000, 5602561.500000
1.900000, 214017.343750, 214017.343750, 38730096.000000, 38730096.000000, 2924862.250000, 5556713.500000
1.950000, 199967.609375, 199967.609375, 38401784.000000, 38401784.000000, 2944031.500000, 5566635.000000
2.000000, 174144.343750, 174144.343750, 38175660.000000, 38175660.000000, 2968635.250000, 5501966.000000
2.050000, 217289.312500, 217289.312500, 37838364.000000, 37838364.000000, 2929802.750000, 5355158.500000
2.100000, 266133.593750, 266133.593750, 37502632.000000, 37502632.000000, 2890159.500000, 5171913.500000
2.150000, 237190.578125, 237190.578125, 37323420.000000, 37323420.000000, 2866754.750000, 5095392.500000
2.200000, 193436.656250, 193436.656250, 37085400.000000, 37085400.000000, 2899663.500000, 5143859.000000
2.250000, 199752.187500, 199752.187500, 36803376.000000, 36803376.000000, 2814369.000000, 5075264.500000
2.300000, 240660.703125, 240660.703125, 36410944.000000, 36410944.000000, 2767517.500000, 4952715.500000
2.350000, 235978.093750, 235978.093750, 36055872.000000, 36055872.000000, 2829375.000000, 4865495.000000
2.400000, 195709.625000, 195709.625000, 35848740.000000, 35848740.000000, 2765176.500000, 4799688.500000
2.450000, 218233.984375, 218233.984375, 35632004.000000, 35632004.000000, 2688623.250000, 4796629.500000
2.500000, 217162.750000, 217162.750000, 35436176.000000, 35436176.000000, 2645868.750000, 4787589.500000
2.550000, 182911.296875, 182911.296875, 35153756.000000, 35153756.000000, 2641490.750000, 4710795.500000
2.600000, 219080.171875, 219080.171875, 34849944.000000, 34849944.000000, 2689041.750000, 4575416.500000
2.650000, 236810.578125, 236810.578125, 34621888.000000, 34621888.000000, 2652485.250000, 4477260.000000
2.700000, 221859.453125, 221859.453125, 34335548.000000, 34335548.000000, 2602283.500000, 4480742.000000
2.750000, 186852.718750, 186852.718750, 34136552.000000, 34136552.000000, 2569132.000000, 4519238.500000
2.800000, 148930.875000, 148930.875000, 33933056.000000, 33933056.000000, 2545928.000000, 4499560.500000
2.850000, 200005.109375, 200005.109375, 33558984.000000, 33558984.000000, 2557507.500000, 4370613.000000
2.900000, 210436.828125, 210436.828125, 33219784.000000, 33219784.000000, 2492994.250000, 4251135.000000
2.950000, 183487.015625, 183487.015625, 32985108.000000, 32985108.000000, 2424976.750000, 4199913.500000
3.000000, 216938.140625, 216938.140625, 32822730.000000, 32822730.000000, 2439951.750000, 4159621.000000
3.050000, 177892.765625, 177892.765625, 32626568.000000, 32626568.000000, 2421299.000000, 4169447.500000
3.100000, 143616.515625, 143616.515625, 32315944.000000, 32315944.000000, 2341878.000000, 4154059.750000
3.150000, 180134.437500, 180134.437500, 31986602.000000, 31986602.000000, 2316794.000000, 4041785.750000
3.200000, 172398.640625, 172398.640625, 31717228.000000, 31717228.000000, 2343902.500000, 3905501.750000
3.250000, 173814.046875, 173814.046875, 31551266.000000, 31551266.000000, 2284851.000000, 3828461.250000
3.300000, 182805.625000, 182805.625000, 31374980.000000, 31374980.000000, 2208331.500000, 3859071.500000
3.350000, 160917.546875, 160917.546875, 31106866.000000, 31106866.000000, 2198369.750000, 3852648.250000
3.400000, 145029.843750, 145029.843750, 30828378.000000, 30828378.000000, 2185881.250000, 3754826.500000
3.450000, 130118.093750, 130118.093750, 30556292.000000, 30556292.000000, 2172471.000000, 3678649.000000
3.500000, 156258.093750, 156258.093750, 30291888.000000, 30291888.000000, 2124344.750000, 3583928.500000
3.550000, 187413.500000, 187413.500000, 30015080.000000, 30015080.000000, 2097711.250000, 3519403.000000
3.600000, 142991.578125, 142991.578125, 29769854.000000, 29769854.000000, 2131866.250000, 3540290.000000
3.650000, 109611.007812, 109611.007812, 29569704.000000, 29569704.000000, 2079214.500000, 3534458.500000
3.700000, 144768.828125, 144768.828125, 29303418.000000, 29303418.000000, 1999296.500000, 3497587.000000
3.750000, 155681.734375, 155681.734375, 28984370.000000, 28984370.000000, 2007847.250000, 3446748.000000
3.800000, 122353.093750, 122353.093750, 28673166.000000, 28673166.000000, 2033799.250000, 3385051.500000
3.850000, 130971.914062, 130971.914062, 28468528.000000, 28468528.000000, 1962243.875000, 3346379.250000
3.900000, 162796.109375, 162796.109375, 28312786.000000, 28312786.000000, 1875914.125000, 3312411.250000
3.950000, 152283.375000, 152283.375000, 28021088.000000, 28021088.000000, 1944878.250000, 3306412.500000
4.000000, 128559.328125, 128559.328125, 27748404.000000, 27748404.000000, 1930189.250000, 3285686.250000
4.050000, 133819.890625, 133819.890625, 27554796.000000, 27554796.000000, 1797726.750000, 3173598.750000
4.100000, 143211.375000, 143211.375000, 27300448.000000, 27300448.000000, 1825938.375000, 3092401.000000
4.150000, 113178.492188, 113178.492188, 27017340.000000, 27017340.000000, 1817214.375000, 3107747.750000
4.200000, 122241.859375, 122241.859375, 26781872.000000, 26781872.000000, 1733193.000000, 3098419.500000
4.250000, 159495.937500, 159495.937500, 26614442.000000, 26614442.000000, 1745860.125000, 3037374.000000
4.300000, 104716.796875, 104716.796875, 26351810.000000, 26351810.000000, 1711188.000000, 2981279.250000
4.350000, 109090.039062, 109090.039062, 26018668.000000, 26018668.000000, 1641547.000000, 2927686.250000
4.400000, 181421.656250, 181421.656250, 25776648.000000, 25776648.000000, 1636574.375000, 2849126.500000
4.450000, 139829.921875, 139829.921875, 25486552.000000, 25486552.000000, 1648577.500000, 2781168.000000
4.500000, 108592.898438, 108592.898438, 25246594.000000, 25246594.000000, 1596608.625000, 2810107.750000
4.550000, 94191.000000, 94191.000000, 25129576.000000, 25129576.000000, 1494838.625000, 2864823.250000
4.600000, 42686.996094, 42686.996094, 24894058.000000, 24894058.000000, 1450156.250000, 2829089.500000
4.650000, 89720.929688, 89720.929688, 24589504.000000, 24589504.000000, 1412654.250000, 2765681.250000
4.700000, 147729.531250, 147729.531250, 24307842.000000, 24307842.000000, 1393377.375000, 2681755.500000
4.750000, 136045.265625, 136045.265625, 24033002.000000, 24033002.000000, 1414872.250000, 2596627.750000
4.800000, 121623.960938, 121623.960938, 23777120.000000, 23777120.000000, 1358429.750000, 2618070.000000
4.850000, 109317.125000, 109317.125000, 23541598.000000, 23541598.000000, 1295914.250000, 2644577.250000
4.900000, 98923.585938, 98923.585938, 23347336.000000, 23347336.000000, 1260148.000000, 2581097.250000
4.950000, 66200.046875, 66200.046875, 23075136.000000, 23075136.000000, 1192755.750000, 2479867.500000
5.000000, 54250.785156, 54250.785156, 22738218.000000, 22738218.000000, 1127316.250000, 2376067.500000
5.050000, 72484.773438, 72484.773438, 22462104.000000, 22462104.000000, 1054687.750000, 2336406.000000
5.100000, 69066.757812, 69066.757812, 22209600.000000, 22209600.000000, 1042022.625000, 2355755.250000
5.150000, 90520.390625, 90520.390625, 22009404.000000, 22009404.000000, 1083418.250000, 2361932.500000
5.200000, 84985.585938, 84985.585938, 21798368.000000, 21798368.000000, 1030259.500000, 2325598.750000
5.250000, 51955.828125, 51955.828125, 21527280.000000, 21527280.000000, 901361.000000, 2272942.250000
5.300000, 72000.929688, 72000.929688, 21323804.000000, 21323804.000000, 852642.812500, 2254907.250000
5.350000, 67075.070312, 67075.070312, 21113726.000000, 21113726.000000, 903390.875000, 2207855.250000
5.400000, 51447.757812, 51447.757812, 20817720.000000, 20817720.000000, 856961.062500, 2142624.000000
5.450000, 60979.273438, 60979.273438, 20510936.000000, 20510936.000000, 751054.687500, 2132601.000000
5.500000, 50299.589844, 50299.589844, 20246004.000000, 20246004.000000, 768707.875000, 2102479.750000
5.550000, 39554.960938, 39554.960938, 20065548.000000, 20065548.000000, 740506.250000, 2079800.500000
5.600000, 26957.667969, 26957.667969, 19906112.000000, 19906112.000000, 631790.375000, 2073074.875000
5.650000, 50050.410156, 50050.410156, 19638098.000000, 19638098.000000, 602340.125000, 2008255.000000
5.700000, 64666.539062, 64666.539062, 19276076.000000, 19276076.000000, 580109.437500, 1987192.250000
5.750000, 2359.278809, 2359.278809, 19009690.000000, 19009690.000000, 537783.000000, 2015359.125000
5.800000, 325.052246, 325.052246, 18842308.000000, 18842308.000000, 510573.718750, 2000193.750000
5.850000, 31552.568359, 31552.568359, 18555576.000000, 18555576.000000, 456934.406250, 1949729.625000
5.900000, 9477.902344, 9477.902344, 18254192.000000, 18254192.000000, 383612.625000, 1890984.125000
5.950000, 19097.089844, 19097.089844, 18079620.000000, 18079620.000000, 352214.593750, 1870008.875000
6.000000, 24073.671875, 24073.671875, 17857214.000000, 17857214.000000, 315090.875000, 1847702.250000
6.050000, -809.330566, -809.330566, 17556728.000000, 17556728.000000, 191416.359375, 1825606.000000
6.100000, -14234.214844, -14234.214844, 17288768.000000, 17288768.000000, 168130.187500, 1837530.500000
6.150000, -7651.462402, -7651.462402, 17064094.000000, 17064094.000000, 220639.140625, 1749016.000000
6.200000, 11864.948242, 11864.948242, 16822492.000000, 16822492.000000, 114270.531250, 1622522.375000
6.250000, -24220.748047, -24220.748047, 16533295.000000, 16533295.000000, 36167.964844, 1605227.250000
6.300000, -41848.820312, -41848.820312, 16213909.000000, 16213909.000000, 37638.507812, 1627234.000000
6.350000, -7857.107422, -7857.107422, 15928317.000000, 15928317.000000, -22770.375000, 1657974.875000
6.400000, -39728.625000, -39728.625000, 15810724.000000, 15810724.000000, -112447.953125, 1636748.625000
6.450000, -50837.765625, -50837.765625, 15655325.000000, 15655325.000000, -251890.796875, 1552351.375000
6.500000, 2336.396729, 2336.396729, 15274067.000000, 15274067.000000, -307095.468750, 1490504.250000
6.550000, 12294.109375, 12294.109375, 14958741.000000, 14958741.000000, -258286.031250, 1444082.750000
6.600000, -39217.988281, -39217.988281, 14713635.000000, 14713635.000000, -287969.031250, 1473608.750000
6.650000, -81136.304688, -81136.304688, 14449171.000000, 14449171.000000, -388983.125000, 1499772.375000
6.700000, -50752.835938, -50752.835938, 14255787.000000, 14255787.000000, -511290.593750, 1412395.625000
6.750000, -71029.867188, -71029.867188, 14052265.000000, 14052265.000000, -545331.000000, 1358450.125000
6.800000, -105533.625000, -105533.625000, 13835925.000000, 13835925.000000, -597186.062500, 1314769.375000
6.850000, -23395.888672, -23395.888672, 13494955.000000, 13494955.000000, -757233.187500, 1254057.250000
6.900000, -38003.914062, -38003.914062, 13049485.000000, 13049485.000000, -749427.312500, 1281715.000000
6.950000, -117328.515625, -117328.515625, 12750912.000000, 12750912.000000, -686113.250000, 1337550.625000
7.000000, -92961.585938, -92961.585938, 12590817.000000, 12590817.000000, -769337.937500, 1348263.875000
7.050000, -98837.234375, -98837.234375, 12494723.000000, 12494723.000000, -902828.062500, 1256240.500000
7.100000, -97785.000000, -97785.000000, 12233457.000000, 12233457.000000, -1019193.875000, 1161591.750000
7.150000, -71501.117188, -71501.117188, 11858072.000000, 11858072.000000, -1041930.812500, 1187026.625000
7.200000, -107429.875000, -107429.875000, 11612512.000000, 11612512.000000, -1081945.500000, 1173921.125000
7.250000, -113730.273438, -113730.273438, 11294065.000000, 11294065.000000, -1164431.375000, 1125436.625000
7.300000, -88940.703125, -88940.703125, 10995429.000000, 10995429.000000, -1200312.500000, 1100306.625000
7.350000, -86767.734375, -86767.734375, 10786568.000000, 10786568.000000, -1256955.375000, 995985.187500
7.400000, -121552.757812, -121552.757812, 10505456.000000, 10505456.000000, -1375201.375000, 907477.187500
7.450000, -174165.734375, -174165.734375, 10263789.000000, 10263789.000000, -1539133.375000, 913702.812500
7.500000, -162645.375000, -162645.375000, 10082028.000000, 10082028.000000, -1537818.875000, 958619.562500
7.550000, -166861.593750, -166861.593750, 10156260.000000, 10156260.000000, -1595503.500000, 1017023.000000
7.600000, -215008.546875, -215008.546875, 10405163.000000, 10405163.000000, -1963634.750000, 1022798.812500
7.650000, -175529.734375, -175529.734375, 10265759.000000, 10265759.000000, -1924140.750000, 971909.812500
7.700000, -117195.406250, -117195.406250, 9675166.000000, 9675166.000000, -1475612.625000, 936549.500000
7.750000, -112825.632812, -112825.632812, 8927014.000000, 8927014.000000, -1326484.000000, 931545.125000
7.800000, -104574.968750, -104574.968750, 8354530.000000, 8354530.000000, -1298778.250000, 909967.187500
7.850000, -119108.187500, -119108.187500, 7951502.000000, 7951502.000000, -1282679.750000, 822892.500000
7.900000, -144522.765625, -144522.765625, 7477836.000000, 7477836.000000, -1455105.625000, 713520.000000
7.950000, -152981.140625, -152981.140625, 6943106.500000, 6943106.500000, -1568542.250000, 636077.437500
8.000000, -166318.843750, -166318.843750, 6153107.000000, 6153107.000000, -1544567.625000, 551107.375000
8.050000, -150422.484375, -150422.484375, 5293869.000000, 5293869.000000, -1521260.250000, 474042.718750
8.100000, -129958.578125, -129958.578125, 5069573.000000, 5069573.000000, -1413165.375000, 474237.593750
8.150000, -127942.156250, -127942.156250, 5354918.500000, 5354918.500000, -1241952.375000, 516485.375000
8.200000, -112218.257812, -112218.257812, 5505105.500000, 5505105.500000, -1146180.125000, 547865.250000
8.250000, -107505.179688, -107505.179688, 5404004.500000, 5404004.500000, -1070909.875000, 544648.000000
8.300000, -96543.937500, -96543.937500, 5207260.000000, 5207260.000000, -994810.250000, 498646.500000
8.350000, -79650.625000, -79650.625000, 4934684.500000, 4934684.500000, -920763.062500, 472379.906250
8.400000, -85462.976562, -85462.976562, 4670497.000000, 4670497.000000, -838393.625000, 462981.656250
8.450000, -76098.398438, -76098.398438, 4453118.000000, 4453118.000000, -792953.625000, 428728.531250
8.500000, -69653.523438, -69653.523438, 4180652.500000, 4180652.500000, -742696.375000, 409409.343750
8.550000, -77167.617188, -77167.617188, 3930220.500000, 3930220.500000, -708526.125000, 396888.781250
8.600000, -73823.578125, -73823.578125, 3748575.000000, 3748575.000000, -699418.000000, 367781.750000
8.650000, -69535.234375, -69535.234375, 3533040.000000, 3533040.000000, -659338.500000, 337551.843750
8.700000, -50653.875000, -50653.875000, 3264467.000000, 3264467.000000, -579291.125000, 304846.781250
8.750000, -38741.312500, -38741.312500, 2986330.250000, 2986330.250000, -470008.687500, 284591.812500
8.800000, -47546.363281, -47546.363281, 2741625.750000, 2741625.750000, -432876.687500, 270274.718750
8.850000, -39803.277344, -39803.277344, 2504702.000000, 2504702.000000, -398176.875000, 246720.796875
8.900000, -30545.902344, -30545.902344, 2261976.500000, 2261976.500000, -313285.656250, 224796.390625
8.950000, -31782.771484, -31782.771484, 2018692.500000, 2018692.500000, -314695.343750, 206249.375000
9.000000, -30369.943359, -30369.943359, 1772786.375000, 1772786.375000, -307353.531250, 199981.062500
9.050000, -29365.562500, -29365.562500, 1540267.000000, 1540267.000000, -240836.375000, 185373.531250
9.100000, -22579.410156, -22579.410156, 1244934.125000, 1244934.125000, -190177.750000, 141023.281250
9.150000, -15383.916992, -15383.916992, 942722.000000, 942722.000000, -141001.000000, 103299.687500
9.200000, -14871.910156, -14871.910156, 710863.187500, 710863.187500, -126287.320312, 76008.421875
9.250000, -10035.455078, -10035.455078, 404007.468750, 404007.468750, -102474.375000, 37260.601562
9.300000, -2546.330078, -2546.330078, 104035.406250, 104035.406250, -34530.269531, 7671.775391
