Time 1XX 1ZZ 2XX 2ZZ 1X2Z 1Z2X 
-9.050000, 0.000000, 0.000000, 0.000000, 0.000000, 0.000000, 0.000000
-9.000000, -3402.598389, -3402.598389, 76564.359375, 76564.359375, 44567.363281, -5845.482422
-8.950000, -20854.773438, -20854.773438, 303573.375000, 303573.375000, 178111.500000, -35643.187500
-8.900000, -50063.386719, -50063.386719, 539156.750000, 539156.750000, 314317.062500, -85550.546875
-8.850000, -64432.785156, -64432.785156, 690929.750000, 690929.750000, 396572.000000, -111452.882812
-8.800000, -64734.210938, -64734.210938, 832109.750000, 832109.750000, 482521.906250, -113361.921875
-8.750000, -80881.687500, -80881.687500, 914591.625000, 914591.625000, 540459.062500, -137587.703125
-8.700000, -95434.390625, -95434.390625, 902671.125000, 902671.125000, 534404.687500, -158858.328125
-8.650000, -93168.000000, -93168.000000, 893195.437500, 893195.437500, 537807.937500, -157128.468750
-8.600000, -197161.046875, -197161.046875, 1196110.625000, 1196110.625000, 717686.750000, -334328.437500
-8.550000, -353284.187500, -353284.187500, 1846217.000000, 1846217.000000, 1078196.250000, -597739.187500
-8.500000, -382727.718750, -382727.718750, 2339732.250000, 2339732.250000, 1349057.750000, -669283.500000
-8.450000, -401562.468750, -401562.468750, 2823269.750000, 2823269.750000, 1622918.375000, -707412.937500
-8.400000, -300883.031250, -300883.031250, 3460894.500000, 3460894.500000, 2014969.000000, -496149.562500
-8.350000, -148867.453125, -148867.453125, 3885669.500000, 3885669.500000, 2279872.000000, -248892.828125
-8.300000, -352703.937500, -352703.937500, 4413837.500000, 4413837.500000, 2598902.750000, -579244.000000
-8.250000, -481038.062500, -481038.062500, 4915529.500000, 4915529.500000, 2947388.250000, -753754.500000
-8.200000, -269367.687500, -269367.687500, 4851024.500000, 4851024.500000, 2885960.000000, -506502.187500
-8.150000, -162670.375000, -162670.375000, 4668894.500000, 4668894.500000, 2718505.750000, -338316.937500
-8.100000, -181434.953125, -181434.953125, 4670965.000000, 4670965.000000, 2779624.000000, -280829.968750
-8.050000, -139196.562500, -139196.562500, 4679157.000000, 4679157.000000, 2776476.500000, -261732.250000
-8.000000, -38343.632812, -38343.632812, 4701949.500000, 4701949.500000, 2721262.750000, -30431.187500
-7.950000, -2865.679688, -2865.679688, 4880176.500000, 4880176.500000, 2861007.000000, 78957.429688
-7.900000, 72717.523438, 72717.523438, 5149239.000000, 5149239.000000, 3009826.250000, 93273.109375
-7.850000, 233789.250000, 233789.250000, 5248150.000000, 5248150.000000, 3047333.500000, 369087.437500
-7.800000, 229925.062500, 229925.062500, 5335163.500000, 5335163.500000, 3178408.750000, 426342.718750
-7.750000, 269657.937500, 269657.937500, 5527457.500000, 5527457.500000, 3334618.750000, 512841.468750
-7.700000, 407779.375000, 407779.375000, 5659997.500000, 5659997.500000, 3393689.750000, 679763.375000
-7.650000, 410794.062500, 410794.062500, 5842804.500000, 5842804.500000, 3494065.000000, 650200.937500
-7.600000, 477874.937500, 477874.937500, 6044016.500000, 6044016.500000, 3611485.250000, 858615.750000
-7.550000, 612731.625000, 612731.625000, 6174699.500000, 6174699.500000, 3652398.250000, 1032587.187500
-7.500000, 663553.812500, 663553.812500, 6374781.000000, 6374781.000000, 3719801.000000, 1081769.375000
-7.450000, 685979.250000, 685979.250000, 6566636.500000, 6566636.500000, 3854043.000000, 1229384.250000
-7.400000, 738492.875000, 738492.875000, 6688358.000000, 6688358.000000, 3941089.500000, 1273870.250000
-7.350000, 839340.500000, 839340.500000, 6853141.500000, 6853141.500000, 3983085.250000, 1380787.125000
-7.300000, 892957.187500, 892957.187500, 7032399.000000, 7032399.000000, 4097050.500000, 1477140.750000
-7.250000, 947486.500000, 947486.500000, 7157576.000000, 7157576.000000, 4222685.000000, 1570595.000000
-7.200000, 1022750.625000, 1022750.625000, 7274104.000000, 7274104.000000, 4293177.000000, 1754724.125000
-7.150000, 1040371.000000, 1040371.000000, 7456503.500000, 7456503.500000, 4403225.500000, 1800549.250000
-7.100000, 1126765.375000, 1126765.375000, 7645423.500000, 7645423.500000, 4521551.500000, 1919266.875000
-7.050000, 1209375.625000, 1209375.625000, 7823525.000000, 7823525.000000, 4600652.500000, 1998921.750000
-7.000000, 1230997.625000, 1230997.625000, 8040314.000000, 8040314.000000, 4713253.000000, 2031806.375000
-6.950000, 1300487.750000, 1300487.750000, 8177895.500000, 8177895.500000, 4842069.000000, 2290843.500000
-6.900000, 1382898.625000, 1382898.625000, 8312590.000000, 8312590.000000, 4919540.500000, 2370947.750000
-6.850000, 1478394.125000, 1478394.125000, 8546970.000000, 8546970.000000, 4972869.000000, 2412012.000000
-6.800000, 1500057.500000, 1500057.500000, 8710125.000000, 8710125.000000, 5102190.000000, 2566328.750000
-6.750000, 1521517.875000, 1521517.875000, 8857129.000000, 8857129.000000, 5253618.000000, 2597927.000000
-6.700000, 1644678.000000, 1644678.000000, 9018037.000000, 9018037.000000, 5306631.000000, 2779713.000000
-6.650000, 1682207.750000, 1682207.750000, 9123546.000000, 9123546.000000, 5378002.000000, 2916926.250000
-6.600000, 1731391.375000, 1731391.375000, 9336248.000000, 9336248.000000, 5519228.000000, 2910087.000000
-6.550000, 1832998.625000, 1832998.625000, 9553106.000000, 9553106.000000, 5602725.500000, 3033070.000000
-6.500000, 1866068.125000, 1866068.125000, 9626424.000000, 9626424.000000, 5657933.000000, 3166144.500000
-6.450000, 1922213.250000, 1922213.250000, 9785417.000000, 9785417.000000, 5770005.000000, 3306818.000000
-6.400000, 2006796.875000, 2006796.875000, 10041395.000000, 10041395.000000, 5869560.500000, 3391450.750000
-6.350000, 2072210.750000, 2072210.750000, 10191365.000000, 10191365.000000, 5938855.500000, 3462026.250000
-6.300000, 2076452.375000, 2076452.375000, 10339307.000000, 10339307.000000, 6072637.000000, 3571888.250000
-6.250000, 2136629.750000, 2136629.750000, 10560768.000000, 10560768.000000, 6177348.000000, 3626611.750000
-6.200000, 2278597.500000, 2278597.500000, 10698824.000000, 10698824.000000, 6230450.000000, 3814744.250000
-6.150000, 2304426.500000, 2304426.500000, 10846460.000000, 10846460.000000, 6385738.000000, 3914031.250000
-6.100000, 2325527.250000, 2325527.250000, 11082763.000000, 11082763.000000, 6521385.000000, 3899962.250000
-6.050000, 2389060.250000, 2389060.250000, 11225130.000000, 11225130.000000, 6580132.500000, 4100869.250000
-6.000000, 2459599.000000, 2459599.000000, 11345118.000000, 11345118.000000, 6671994.000000, 4219734.500000
-5.950000, 2556926.500000, 2556926.500000, 11560300.000000, 11560300.000000, 6754884.000000, 4250624.000000
-5.900000, 2579987.000000, 2579987.000000, 11732106.000000, 11732106.000000, 6845854.500000, 4385546.500000
-5.850000, 2620493.250000, 2620493.250000, 11855192.000000, 11855192.000000, 6952987.000000, 4488653.500000
-5.800000, 2677535.000000, 2677535.000000, 12047733.000000, 12047733.000000, 7064248.000000, 4573567.000000
-5.750000, 2748361.000000, 2748361.000000, 12231601.000000, 12231601.000000, 7168188.500000, 4663812.000000
-5.700000, 2839779.000000, 2839779.000000, 12351736.000000, 12351736.000000, 7229489.500000, 4783700.500000
-5.650000, 2848400.500000, 2848400.500000, 12543151.000000, 12543151.000000, 7354960.000000, 4888662.500000
-5.600000, 2948771.750000, 2948771.750000, 12748686.000000, 12748686.000000, 7489416.000000, 4981242.000000
-5.550000, 3008513.750000, 3008513.750000, 12897497.000000, 12897497.000000, 7561267.000000, 5095009.500000
-5.500000, 2968353.000000, 2968353.000000, 13099817.000000, 13099817.000000, 7683356.000000, 5136409.500000
-5.450000, 3101207.000000, 3101207.000000, 13250730.000000, 13250730.000000, 7767533.000000, 5270543.500000
-5.400000, 3204153.000000, 3204153.000000, 13362693.000000, 13362693.000000, 7800356.000000, 5433794.500000
-5.350000, 3234640.250000, 3234640.250000, 13613800.000000, 13613800.000000, 7921629.500000, 5456729.000000
-5.300000, 3282016.500000, 3282016.500000, 13841653.000000, 13841653.000000, 8075955.000000, 5561846.500000
-5.250000, 3302637.500000, 3302637.500000, 13974596.000000, 13974596.000000, 8202216.500000, 5698155.000000
-5.200000, 3389438.250000, 3389438.250000, 14160823.000000, 14160823.000000, 8324288.500000, 5779416.500000
-5.150000, 3460004.250000, 3460004.250000, 14341192.000000, 14341192.000000, 8400486.000000, 5891249.500000
-5.100000, 3535524.500000, 3535524.500000, 14468718.000000, 14468718.000000, 8441413.000000, 5992666.500000
-5.050000, 3614780.750000, 3614780.750000, 14642230.000000, 14642230.000000, 8555524.000000, 6093503.000000
-5.000000, 3634361.750000, 3634361.750000, 14859127.000000, 14859127.000000, 8665664.000000, 6164643.500000
-4.950000, 3659612.000000, 3659612.000000, 15051521.000000, 15051521.000000, 8741135.000000, 6249754.500000
-4.900000, 3688185.000000, 3688185.000000, 15210838.000000, 15210838.000000, 8888587.000000, 6392000.500000
-4.850000, 3834442.500000, 3834442.500000, 15361121.000000, 15361121.000000, 8954621.000000, 6496783.000000
-4.800000, 3915814.000000, 3915814.000000, 15556108.000000, 15556108.000000, 9026998.000000, 6605622.500000
-4.750000, 3868021.000000, 3868021.000000, 15762858.000000, 15762858.000000, 9257601.000000, 6716021.500000
-4.700000, 3962298.750000, 3962298.750000, 15924860.000000, 15924860.000000, 9370446.000000, 6759239.000000
-4.650000, 4032163.250000, 4032163.250000, 16116810.000000, 16116810.000000, 9430905.000000, 6824963.000000
-4.600000, 4097228.000000, 4097228.000000, 16248889.000000, 16248889.000000, 9556752.000000, 7002879.000000
-4.550000, 4177032.500000, 4177032.500000, 16312578.000000, 16312578.000000, 9619028.000000, 7164250.000000
-4.500000, 4188293.250000, 4188293.250000, 16557527.000000, 16557527.000000, 9714317.000000, 7203000.500000
-4.450000, 4261375.500000, 4261375.500000, 16821416.000000, 16821416.000000, 9827983.000000, 7262714.500000
-4.400000, 4271157.500000, 4271157.500000, 16949694.000000, 16949694.000000, 9932978.000000, 7363895.500000
-4.350000, 4392446.000000, 4392446.000000, 17130382.000000, 17130382.000000, 10023983.000000, 7493432.000000
-4.300000, 4525482.000000, 4525482.000000, 17290112.000000, 17290112.000000, 10084572.000000, 7658122.500000
-4.250000, 4452929.500000, 4452929.500000, 17439380.000000, 17439380.000000, 10273147.000000, 7725087.000000
-4.200000, 4568514.500000, 4568514.500000, 17658360.000000, 17658360.000000, 10409624.000000, 7791003.000000
-4.150000, 4644441.500000, 4644441.500000, 17833564.000000, 17833564.000000, 10407997.000000, 7882779.500000
-4.100000, 4662375.000000, 4662375.000000, 18026694.000000, 18026694.000000, 10514808.000000, 7978406.500000
-4.050000, 4822491.500000, 4822491.500000, 18192290.000000, 18192290.000000, 10633006.000000, 8162385.000000
-4.000000, 4801559.000000, 4801559.000000, 18326592.000000, 18326592.000000, 10698615.000000, 8225158.000000
-3.950000, 4822514.500000, 4822514.500000, 18560542.000000, 18560542.000000, 10817711.000000, 8275169.500000
-3.900000, 4933104.500000, 4933104.500000, 18711698.000000, 18711698.000000, 10947747.000000, 8452415.000000
-3.850000, 5036554.000000, 5036554.000000, 18840216.000000, 18840216.000000, 11010060.000000, 8515488.000000
-3.800000, 5107529.500000, 5107529.500000, 19092286.000000, 19092286.000000, 11084364.000000, 8595741.000000
-3.750000, 5037194.500000, 5037194.500000, 19259436.000000, 19259436.000000, 11249674.000000, 8722154.000000
-3.700000, 5201865.500000, 5201865.500000, 19391622.000000, 19391622.000000, 11307566.000000, 8815454.000000
-3.650000, 5310959.000000, 5310959.000000, 19598780.000000, 19598780.000000, 11352872.000000, 8963455.000000
-3.600000, 5230078.000000, 5230078.000000, 19795892.000000, 19795892.000000, 11553727.000000, 9044643.000000
-3.550000, 5339179.000000, 5339179.000000, 19977184.000000, 19977184.000000, 11673948.000000, 9140904.000000
-3.500000, 5374711.500000, 5374711.500000, 20124758.000000, 20124758.000000, 11742775.000000, 9252244.000000
-3.450000, 5489392.500000, 5489392.500000, 20251902.000000, 20251902.000000, 11818916.000000, 9317865.000000
-3.400000, 5581374.500000, 5581374.500000, 20401046.000000, 20401046.000000, 11911438.000000, 9479808.000000
-3.350000, 5527880.500000, 5527880.500000, 20571576.000000, 20571576.000000, 12096152.000000, 9561760.000000
-3.300000, 5654394.500000, 5654394.500000, 20749678.000000, 20749678.000000, 12183826.000000, 9607599.000000
-3.250000, 5643163.500000, 5643163.500000, 20925098.000000, 20925098.000000, 12262355.000000, 9738954.000000
-3.200000, 5706232.500000, 5706232.500000, 21096284.000000, 21096284.000000, 12409288.000000, 9846224.000000
-3.150000, 5883510.000000, 5883510.000000, 21235132.000000, 21235132.000000, 12452594.000000, 10001075.000000
-3.100000, 5872845.500000, 5872845.500000, 21437562.000000, 21437562.000000, 12502484.000000, 10057980.000000
-3.050000, 5950669.000000, 5950669.000000, 21709790.000000, 21709790.000000, 12657134.000000, 10090316.000000
-3.000000, 5961216.000000, 5961216.000000, 21880180.000000, 21880180.000000, 12831660.000000, 10254665.000000
-2.950000, 6029398.000000, 6029398.000000, 22042348.000000, 22042348.000000, 12877797.000000, 10313883.000000
-2.900000, 6129034.000000, 6129034.000000, 22250172.000000, 22250172.000000, 12911739.000000, 10408171.000000
-2.850000, 6147116.000000, 6147116.000000, 22372200.000000, 22372200.000000, 13017036.000000, 10589535.000000
-2.800000, 6331264.500000, 6331264.500000, 22501688.000000, 22501688.000000, 13049580.000000, 10678612.000000
-2.750000, 6270995.000000, 6270995.000000, 22702436.000000, 22702436.000000, 13193217.000000, 10750134.000000
-2.700000, 6275408.000000, 6275408.000000, 22859098.000000, 22859098.000000, 13321543.000000, 10837244.000000
-2.650000, 6451740.000000, 6451740.000000, 22974234.000000, 22974234.000000, 13362783.000000, 10953628.000000
-2.600000, 6458778.000000, 6458778.000000, 23135308.000000, 23135308.000000, 13520895.000000, 11032780.000000
-2.550000, 6579661.500000, 6579661.500000, 23264292.000000, 23264292.000000, 13585953.000000, 11161423.000000
-2.500000, 6517847.500000, 6517847.500000, 23365770.000000, 23365770.000000, 13739019.000000, 11339267.000000
-2.450000, 6620169.000000, 6620169.000000, 23623604.000000, 23623604.000000, 13887441.000000, 11356488.000000
-2.400000, 6789065.000000, 6789065.000000, 23884638.000000, 23884638.000000, 13888877.000000, 11440281.000000
-2.350000, 6638362.000000, 6638362.000000, 24032982.000000, 24032982.000000, 14116168.000000, 11561291.000000
-2.300000, 6839113.500000, 6839113.500000, 24211890.000000, 24211890.000000, 14201090.000000, 11642863.000000
-2.250000, 6865316.500000, 6865316.500000, 24327022.000000, 24327022.000000, 14221001.000000, 11858612.000000
-2.200000, 6908236.500000, 6908236.500000, 24465070.000000, 24465070.000000, 14376178.000000, 11914465.000000
-2.150000, 7076257.000000, 7076257.000000, 24700322.000000, 24700322.000000, 14431058.000000, 11918698.000000
-2.100000, 6874157.500000, 6874157.500000, 24785238.000000, 24785238.000000, 14650058.000000, 12081741.000000
-2.050000, 7126435.500000, 7126435.500000, 24883086.000000, 24883086.000000, 14727668.000000, 12187459.000000
-2.000000, 7177681.000000, 7177681.000000, 25143824.000000, 25143824.000000, 14767842.000000, 12291870.000000
-1.950000, 7153733.500000, 7153733.500000, 25319046.000000, 25319046.000000, 14988214.000000, 12344800.000000
-1.900000, 7397374.500000, 7397374.500000, 25413000.000000, 25413000.000000, 15025755.000000, 12425675.000000
-1.850000, 7172676.000000, 7172676.000000, 25590844.000000, 25590844.000000, 15190826.000000, 12609984.000000
-1.800000, 7417619.500000, 7417619.500000, 25826006.000000, 25826006.000000, 15240513.000000, 12685864.000000
-1.750000, 7486545.000000, 7486545.000000, 26015278.000000, 26015278.000000, 15260309.000000, 12774026.000000
-1.700000, 7418712.000000, 7418712.000000, 26199654.000000, 26199654.000000, 15480346.000000, 12829853.000000
-1.650000, 7715939.500000, 7715939.500000, 26403102.000000, 26403102.000000, 15474372.000000, 12918105.000000
-1.600000, 7440438.000000, 7440438.000000, 26517158.000000, 26517158.000000, 15691503.000000, 13151018.000000
-1.550000, 7733062.500000, 7733062.500000, 26610396.000000, 26610396.000000, 15838375.000000, 13180960.000000
-1.500000, 7811834.500000, 7811834.500000, 26743222.000000, 26743222.000000, 15877280.000000, 13241270.000000
-1.450000, 7628011.000000, 7628011.000000, 26859558.000000, 26859558.000000, 16144065.000000, 13452900.000000
-1.400000, 8120595.500000, 8120595.500000, 26994292.000000, 26994292.000000, 16079747.000000, 13512460.000000
-1.350000, 7829046.000000, 7829046.000000, 27181238.000000, 27181238.000000, 16243105.000000, 13533098.000000
-1.300000, 7983560.000000, 7983560.000000, 27394394.000000, 27394394.000000, 16430805.000000, 13575196.000000
-1.250000, 8119741.000000, 8119741.000000, 27495202.000000, 27495202.000000, 16391683.000000, 13792208.000000
-1.200000, 7868473.500000, 7868473.500000, 27595952.000000, 27595952.000000, 16571057.000000, 13984189.000000
-1.150000, 8466014.000000, 8466014.000000, 27890826.000000, 27890826.000000, 16466618.000000, 13927123.000000
-1.100000, 8215896.000000, 8215896.000000, 28155376.000000, 28155376.000000, 16644569.000000, 14019664.000000
-1.050000, 8216876.500000, 8216876.500000, 28357844.000000, 28357844.000000, 16948026.000000, 14118402.000000
-1.000000, 8341371.500000, 8341371.500000, 28473478.000000, 28473478.000000, 17072560.000000, 14194231.000000
-0.950000, 8177026.500000, 8177026.500000, 28377186.000000, 28377186.000000, 17306096.000000, 14358850.000000
-0.900000, 8815678.000000, 8815678.000000, 28279552.000000, 28279552.000000, 17060736.000000, 14491581.000000
-0.850000, 8410919.000000, 8410919.000000, 28112310.000000, 28112310.000000, 17299314.000000, 14707054.000000
-0.800000, 8618947.000000, 8618947.000000, 27895628.000000, 27895628.000000, 17656190.000000, 14752005.000000
-0.750000, 8762180.000000, 8762180.000000, 28165362.000000, 28165362.000000, 17557526.000000, 14866459.000000
-0.700000, 8243488.500000, 8243488.500000, 29194844.000000, 29194844.000000, 17622930.000000, 14898942.000000
-0.650000, 9348956.000000, 9348956.000000, 30318260.000000, 30318260.000000, 17056510.000000, 14591650.000000
-0.600000, 8816776.000000, 8816776.000000, 30666470.000000, 30666470.000000, 17473518.000000, 15002809.000000
-0.550000, 8647620.000000, 8647620.000000, 30735226.000000, 30735226.000000, 18219378.000000, 15482834.000000
-0.500000, 9638268.000000, 9638268.000000, 30911398.000000, 30911398.000000, 17279184.000000, 15415466.000000
-0.450000, 8920926.000000, 8920926.000000, 30267132.000000, 30267132.000000, 17440748.000000, 15771116.000000
-0.400000, 9271583.000000, 9271583.000000, 29188786.000000, 29188786.000000, 18186922.000000, 15702239.000000
-0.350000, 9381889.000000, 9381889.000000, 29434514.000000, 29434514.000000, 17310420.000000, 14806195.000000
-0.300000, 9755234.000000, 9755234.000000, 30230302.000000, 30230302.000000, 15956639.000000, 14636312.000000
-0.250000, 10501858.000000, 10501858.000000, 30272668.000000, 30272668.000000, 15826592.000000, 14697327.000000
-0.200000, 9811743.000000, 9811743.000000, 31878492.000000, 31878492.000000, 16792972.000000, 13990722.000000
-0.150000, 9732403.000000, 9732403.000000, 34362080.000000, 34362080.000000, 16669384.000000, 15071026.000000
-0.100000, 8378065.000000, 8378065.000000, 35378436.000000, 35378436.000000, 16600210.000000, 16584647.000000
-0.050000, 10024083.000000, 10024083.000000, 38378772.000000, 38378772.000000, 16110749.000000, 14541231.000000
0.000000, 13264462.000000, 13264462.000000, 41171964.000000, 41171964.000000, 13821244.000000, 13821244.000000
0.050000, 10024083.000000, 10024083.000000, 38378772.000000, 38378772.000000, 14541231.000000, 16110749.000000
0.100000, 8378065.000000, 8378065.000000, 35378436.000000, 35378436.000000, 16584647.000000, 16600210.000000
0.150000, 9732403.000000, 9732403.000000, 34362080.000000, 34362080.000000, 15071026.000000, 16669384.000000
0.200000, 9811743.000000, 9811743.000000, 31878492.000000, 31878492.000000, 13990722.000000, 16792972.000000
0.250000, 10501858.000000, 10501858.000000, 30272668.000000, 30272668.000000, 14697327.000000, 15826592.000000
0.300000, 9755234.000000, 9755234.000000, 30230302.000000, 30230302.000000, 14636312.000000, 15956639.000000
0.350000, 9381889.000000, 9381889.000000, 29434514.000000, 29434514.000000, 14806195.000000, 17310420.000000
0.400000, 9271583.000000, 9271583.000000, 29188786.000000, 29188786.000000, 15702239.000000, 18186922.000000
0.450000, 8920926.000000, 8920926.000000, 30267132.000000, 30267132.000000, 15771116.000000, 17440748.000000
0.500000, 9638268.000000, 9638268.000000, 30911398.000000, 30911398.000000, 15415466.000000, 17279184.000000
0.550000, 8647620.000000, 8647620.000000, 30735226.000000, 30735226.000000, 15482834.000000, 18219378.000000
0.600000, 8816776.000000, 8816776.000000, 30666470.000000, 30666470.000000, 15002809.000000, 17473518.000000
0.650000, 9348956.000000, 9348956.000000, 30318260.000000, 30318260.000000, 14591650.000000, 17056510.000000
0.700000, 8243488.500000, 8243488.500000, 29194844.000000, 29194844.000000, 14898942.000000, 17622930.000000
0.750000, 8762180.000000, 8762180.000000, 28165362.000000, 28165362.000000, 14866459.000000, 17557526.000000
0.800000, 8618947.000000, 8618947.000000, 27895628.000000, 27895628.000000, 14752005.000000, 17656190.000000
0.850000, 8410919.000000, 8410919.000000, 28112310.000000, 28112310.000000, 14707054.000000, 17299314.000000
0.900000, 8815678.000000, 8815678.000000, 28279552.000000, 28279552.000000, 14491581.000000, 17060736.000000
0.950000, 8177026.500000, 8177026.500000, 28377186.000000, 28377186.000000, 14358850.000000, 17306096.000000
1.000000, 8341371.500000, 8341371.500000, 28473478.000000, 28473478.000000, 14194231.000000, 17072560.000000
1.050000, 8216876.500000, 8216876.500000, 28357844.000000, 28357844.000000, 14118402.000000, 16948026.000000
1.100000, 8215896.000000, 8215896.000000, 28155376.000000, 28155376.000000, 14019664.000000, 16644569.000000
1.150000, 8466014.000000, 8466014.000000, 27890826.000000, 27890826.000000, 13927123.000000, 16466618.000000
1.200000, 7868473.500000, 7868473.500000, 27595952.000000, 27595952.000000, 13984189.000000, 16571057.000000
1.250000, 8119741.000000, 8119741.000000, 27495202.000000, 27495202.000000, 13792208.000000, 16391683.000000
1.300000, 7983560.000000, 7983560.000000, 27394394.000000, 27394394.000000, 13575196.000000, 16430805.000000
1.350000, 7829046.000000, 7829046.000000, 27181238.000000, 27181238.000000, 13533098.000000, 16243105.000000
1.400000, 8120595.500000, 8120595.500000, 26994292.000000, 26994292.000000, 13512460.000000, 16079747.000000
1.450000, 7628011.000000, 7628011.000000, 26859558.000000, 26859558.000000, 13452900.000000, 16144065.000000
1.500000, 7811834.500000, 7811834.500000, 26743222.000000, 26743222.000000, 13241270.000000, 15877280.000000
1.550000, 7733062.500000, 7733062.500000, 26610396.000000, 26610396.000000, 13180960.000000, 15838375.000000
1.600000, 7440438.000000, 7440438.000000, 26517158.000000, 26517158.000000, 13151018.000000, 15691503.000000
1.650000, 7715939.500000, 7715939.500000, 26403102.000000, 26403102.000000, 12918105.000000, 15474372.000000
1.700000, 7418712.000000, 7418712.000000, 26199654.000000, 26199654.000000, 12829853.000000, 15480346.000000
1.750000, 7486545.000000, 7486545.000000, 26015278.000000, 26015278.000000, 12774026.000000, 15260309.000000
1.800000, 7417619.500000, 7417619.500000, 25826006.000000, 25826006.000000, 12685864.000000, 15240513.000000
1.850000, 7172676.000000, 7172676.000000, 25590844.000000, 25590844.000000, 12609984.000000, 15190826.000000
1.900000, 7397374.500000, 7397374.500000, 25413000.000000, 25413000.000000, 12425675.000000, 15025755.000000
1.950000, 7153733.500000, 7153733.500000, 25319046.000000, 25319046.000000, 12344800.000000, 14988214.000000
2.000000, 7177681.000000, 7177681.000000, 25143824.000000, 25143824.000000, 12291870.000000, 14767842.000000
2.050000, 7126435.500000, 7126435.500000, 24883086.000000, 24883086.000000, 12187459.000000, 14727668.000000
2.100000, 6874157.500000, 6874157.500000, 24785238.000000, 24785238.000000, 12081741.000000, 14650058.000000
2.150000, 7076257.000000, 7076257.000000, 24700322.000000, 24700322.000000, 11918698.000000, 14431058.000000
2.200000, 6908236.500000, 6908236.500000, 24465070.000000, 24465070.000000, 11914465.000000, 14376178.000000
2.250000, 6865316.500000, 6865316.500000, 24327022.000000, 24327022.000000, 11858612.000000, 14221001.000000
2.300000, 6839113.500000, 6839113.500000, 24211890.000000, 24211890.000000, 11642863.000000, 14201090.000000
2.350000, 6638362.000000, 6638362.000000, 24032982.000000, 24032982.000000, 11561291.000000, 14116168.000000
2.400000, 6789065.000000, 6789065.000000, 23884638.000000, 23884638.000000, 11440281.000000, 13888877.000000
2.450000, 6620169.000000, 6620169.000000, 23623604.000000, 23623604.000000, 11356488.000000, 13887441.000000
2.500000, 6517847.500000, 6517847.500000, 23365770.000000, 23365770.000000, 11339267.000000, 13739019.000000
2.550000, 6579661.500000, 6579661.500000, 23264292.000000, 23264292.000000, 11161423.000000, 13585953.000000
2.600000, 6458778.000000, 6458778.000000, 23135308.000000, 23135308.000000, 11032780.000000, 13520895.000000
2.650000, 6451740.000000, 6451740.000000, 22974234.000000, 22974234.000000, 10953628.000000, 13362783.000000
2.700000, 6275408.000000, 6275408.000000, 22859098.000000, 22859098.000000, 10837244.000000, 13321543.000000
2.750000, 6270995.000000, 6270995.000000, 22702436.000000, 22702436.000000, 10750134.000000, 13193217.000000
2.800000, 6331264.500000, 6331264.500000, 22501688.000000, 22501688.000000, 10678612.000000, 13049580.000000
2.850000, 6147116.000000, 6147116.000000, 22372200.000000, 22372200.000000, 10589535.000000, 13017036.000000
2.900000, 6129034.000000, 6129034.000000, 22250172.000000, 22250172.000000, 10408171.000000, 12911739.000000
2.950000, 6029398.000000, 6029398.000000, 22042348.000000, 22042348.000000, 10313883.000000, 12877797.000000
3.000000, 5961216.000000, 5961216.000000, 21880180.000000, 21880180.000000, 10254665.000000, 12831660.000000
3.050000, 5950669.000000, 5950669.000000, 21709790.000000, 21709790.000000, 10090316.000000, 12657134.000000
3.100000, 5872845.500000, 5872845.500000, 21437562.000000, 21437562.000000, 10057980.000000, 12502484.000000
3.150000, 5883510.000000, 5883510.000000, 21235132.000000, 21235132.000000, 10001075.000000, 12452594.000000
3.200000, 5706232.500000, 5706232.500000, 21096284.000000, 21096284.000000, 9846224.000000, 12409288.000000
3.250000, 5643163.500000, 5643163.500000, 20925098.000000, 20925098.000000, 9738954.000000, 12262355.000000
3.300000, 5654394.500000, 5654394.500000, 20749678.000000, 20749678.000000, 9607599.000000, 12183826.000000
3.350000, 5527880.500000, 5527880.500000, 20571576.000000, 20571576.000000, 9561760.000000, 12096152.000000
3.400000, 5581374.500000, 5581374.500000, 20401046.000000, 20401046.000000, 9479808.000000, 11911438.000000
3.450000, 5489392.500000, 5489392.500000, 20251902.000000, 20251902.000000, 9317865.000000, 11818916.000000
3.500000, 5374711.500000, 5374711.500000, 20124758.000000, 20124758.000000, 9252244.000000, 11742775.000000
3.550000, 5339179.000000, 5339179.000000, 19977184.000000, 19977184.000000, 9140904.000000, 11673948.000000
3.600000, 5230078.000000, 5230078.000000, 19795892.000000, 19795892.000000, 9044643.000000, 11553727.000000
3.650000, 5310959.000000, 5310959.000000, 19598780.000000, 19598780.000000, 8963455.000000, 11352872.000000
3.700000, 5201865.500000, 5201865.500000, 19391622.000000, 19391622.000000, 8815454.000000, 11307566.000000
3.750000, 5037194.500000, 5037194.500000, 19259436.000000, 19259436.000000, 8722154.000000, 11249674.000000
3.800000, 5107529.500000, 5107529.500000, 19092286.000000, 19092286.000000, 8595741.000000, 11084364.000000
3.850000, 5036554.000000, 5036554.000000, 18840216.000000, 18840216.000000, 8515488.000000, 11010060.000000
3.900000, 4933104.500000, 4933104.500000, 18711698.000000, 18711698.000000, 8452415.000000, 10947747.000000
3.950000, 4822514.500000, 4822514.500000, 18560542.000000, 18560542.000000, 8275169.500000, 10817711.000000
4.000000, 4801559.000000, 4801559.000000, 18326592.000000, 18326592.000000, 8225158.000000, 10698615.000000
4.050000, 4822491.500000, 4822491.500000, 18192290.000000, 18192290.000000, 8162385.000000, 10633006.000000
4.100000, 4662375.000000, 4662375.000000, 18026694.000000, 18026694.000000, 7978406.500000, 10514808.000000
4.150000, 4644441.500000, 4644441.500000, 17833564.000000, 17833564.000000, 7882779.500000, 10407997.000000
4.200000, 4568514.500000, 4568514.500000, 17658360.000000, 17658360.000000, 7791003.000000, 10409624.000000
4.250000, 4452929.500000, 4452929.500000, 17439380.000000, 17439380.000000, 7725087.000000, 10273147.000000
4.300000, 4525482.000000, 4525482.000000, 17290112.000000, 17290112.000000, 7658122.500000, 10084572.000000
4.350000, 4392446.000000, 4392446.000000, 17130382.000000, 17130382.000000, 7493432.000000, 10023983.000000
4.400000, 4271157.500000, 4271157.500000, 16949694.000000, 16949694.000000, 7363895.500000, 9932978.000000
4.450000, 4261375.500000, 4261375.500000, 16821416.000000, 16821416.000000, 7262714.500000, 9827983.000000
4.500000, 4188293.250000, 4188293.250000, 16557527.000000, 16557527.000000, 7203000.500000, 9714317.000000
4.550000, 4177032.500000, 4177032.500000, 16312578.000000, 16312578.000000, 7164250.000000, 9619028.000000
4.600000, 4097228.000000, 4097228.000000, 16248889.000000, 16248889.000000, 7002879.000000, 9556752.000000
4.650000, 4032163.250000, 4032163.250000, 16116810.000000, 16116810.000000, 6824963.000000, 9430905.000000
4.700000, 3962298.750000, 3962298.750000, 15924860.000000, 15924860.000000, 6759239.000000, 9370446.000000
4.750000, 3868021.000000, 3868021.000000, 15762858.000000, 15762858.000000, 6716021.500000, 9257601.000000
4.800000, 3915814.000000, 3915814.000000, 15556108.000000, 15556108.000000, 6605622.500000, 9026998.000000
4.850000, 3834442.500000, 3834442.500000, 15361121.000000, 15361121.000000, 6496783.000000, 8954621.000000
4.900000, 3688185.000000, 3688185.000000, 15210838.000000, 15210838.000000, 6392000.500000, 8888587.000000
4.950000, 3659612.000000, 3659612.000000, 15051521.000000, 15051521.000000, 6249754.500000, 8741135.000000
5.000000, 3634361.750000, 3634361.750000, 14859127.000000, 14859127.000000, 6164643.500000, 8665664.000000
5.050000, 3614780.750000, 3614780.750000, 14642230.000000, 14642230.000000, 6093503.000000, 8555524.000000
5.100000, 3535524.500000, 3535524.500000, 14468718.000000, 14468718.000000, 5992666.500000, 8441413.000000
5.150000, 3460004.250000, 3460004.250000, 14341192.000000, 14341192.000000, 5891249.500000, 8400486.000000
5.200000, 3389438.250000, 3389438.250000, 14160823.000000, 14160823.000000, 5779416.500000, 8324288.500000
5.250000, 3302637.500000, 3302637.500000, 13974596.000000, 13974596.000000, 5698155.000000, 8202216.500000
5.300000, 3282016.500000, 3282016.500000, 13841653.000000, 13841653.000000, 5561846.500000, 8075955.000000
5.350000, 3234640.250000, 3234640.250000, 13613800.000000, 13613800.000000, 5456729.000000, 7921629.500000
5.400000, 3204153.000000, 3204153.000000, 13362693.000000, 13362693.000000, 5433794.500000, 7800356.000000
5.450000, 3101207.000000, 3101207.000000, 13250730.000000, 13250730.000000, 5270543.500000, 7767533.000000
5.500000, 2968353.000000, 2968353.000000, 13099817.000000, 13099817.000000, 5136409.500000, 7683356.000000
5.550000, 3008513.750000, 3008513.750000, 12897497.000000, 12897497.000000, 5095009.500000, 7561267.000000
5.600000, 2948771.750000, 2948771.750000, 12748686.000000, 12748686.000000, 4981242.000000, 7489416.000000
5.650000, 2848400.500000, 2848400.500000, 12543151.000000, 12543151.000000, 4888662.500000, 7354960.000000
5.700000, 2839779.000000, 2839779.000000, 12351736.000000, 12351736.000000, 4783700.500000, 7229489.500000
5.750000, 2748361.000000, 2748361.000000, 12231601.000000, 12231601.000000, 4663812.000000, 7168188.500000
5.800000, 2677535.000000, 2677535.000000, 12047733.000000, 12047733.000000, 4573567.000000, 7064248.000000
5.850000, 2620493.250000, 2620493.250000, 11855192.000000, 11855192.000000, 4488653.500000, 6952987.000000
5.900000, 2579987.000000, 2579987.000000, 11732106.000000, 11732106.000000, 4385546.500000, 6845854.500000
5.950000, 2556926.500000, 2556926.500000, 11560300.000000, 11560300.000000, 4250624.000000, 6754884.000000
6.000000, 2459599.000000, 2459599.000000, 11345118.000000, 11345118.000000, 4219734.500000, 6671994.000000
6.050000, 2389060.250000, 2389060.250000, 11225130.000000, 11225130.000000, 4100869.250000, 6580132.500000
6.100000, 2325527.250000, 2325527.250000, 11082763.000000, 11082763.000000, 3899962.250000, 6521385.000000
6.150000, 2304426.500000, 2304426.500000, 10846460.000000, 10846460.000000, 3914031.250000, 6385738.000000
6.200000, 2278597.500000, 2278597.500000, 10698824.000000, 10698824.000000, 3814744.250000, 6230450.000000
6.250000, 2136629.750000, 2136629.750000, 10560768.000000, 10560768.000000, 3626611.750000, 6177348.000000
6.300000, 2076452.375000, 2076452.375000, 10339307.000000, 10339307.000000, 3571888.250000, 6072637.000000
6.350000, 2072210.750000, 2072210.750000, 10191365.000000, 10191365.000000, 3462026.250000, 5938855.500000
6.400000, 2006796.875000, 2006796.875000, 10041395.000000, 10041395.000000, 3391450.750000, 5869560.500000
6.450000, 1922213.250000, 1922213.250000, 9785417.000000, 9785417.000000, 3306818.000000, 5770005.000000
6.500000, 1866068.125000, 1866068.125000, 9626424.000000, 9626424.000000, 3166144.500000, 5657933.000000
6.550000, 1832998.625000, 1832998.625000, 9553106.000000, 9553106.000000, 3033070.000000, 5602725.500000
6.600000, 1731391.375000, 1731391.375000, 9336248.000000, 9336248.000000, 2910087.000000, 5519228.000000
6.650000, 1682207.750000, 1682207.750000, 9123546.000000, 9123546.000000, 2916926.250000, 5378002.000000
6.700000, 1644678.000000, 1644678.000000, 9018037.000000, 9018037.000000, 2779713.000000, 5306631.000000
6.750000, 1521517.875000, 1521517.875000, 8857129.000000, 8857129.000000, 2597927.000000, 5253618.000000
6.800000, 1500057.500000, 1500057.500000, 8710125.000000, 8710125.000000, 2566328.750000, 5102190.000000
6.850000, 1478394.125000, 1478394.125000, 8546970.000000, 8546970.000000, 2412012.000000, 4972869.000000
6.900000, 1382898.625000, 1382898.625000, 8312590.000000, 8312590.000000, 2370947.750000, 4919540.500000
6.950000, 1300487.750000, 1300487.750000, 8177895.500000, 8177895.500000, 2290843.500000, 4842069.000000
7.000000, 1230997.625000, 1230997.625000, 8040314.000000, 8040314.000000, 2031806.375000, 4713253.000000
7.050000, 1209375.625000, 1209375.625000, 7823525.000000, 7823525.000000, 1998921.750000, 4600652.500000
7.100000, 1126765.375000, 1126765.375000, 7645423.500000, 7645423.500000, 1919266.875000, 4521551.500000
7.150000, 1040371.000000, 1040371.000000, 7456503.500000, 7456503.500000, 1800549.250000, 4403225.500000
7.200000, 1022750.625000, 1022750.625000, 7274104.000000, 7274104.000000, 1754724.125000, 4293177.000000
7.250000, 947486.500000, 947486.500000, 7157576.000000, 7157576.000000, 1570595.000000, 4222685.000000
7.300000, 892957.187500, 892957.187500, 7032399.000000, 7032399.000000, 1477140.750000, 4097050.500000
7.350000, 839340.500000, 839340.500000, 6853141.500000, 6853141.500000, 1380787.125000, 3983085.250000
7.400000, 738492.875000, 738492.875000, 6688358.000000, 6688358.000000, 1273870.250000, 3941089.500000
7.450000, 685979.250000, 685979.250000, 6566636.500000, 6566636.500000, 1229384.250000, 3854043.000000
7.500000, 663553.812500, 663553.812500, 6374781.000000, 6374781.000000, 1081769.375000, 3719801.000000
7.550000, 612731.625000, 612731.625000, 6174699.500000, 6174699.500000, 1032587.187500, 3652398.250000
7.600000, 477874.937500, 477874.937500, 6044016.500000, 6044016.500000, 858615.750000, 3611485.250000
7.650000, 410794.062500, 410794.062500, 5842804.500000, 5842804.500000, 650200.937500, 3494065.000000
7.700000, 407779.375000, 407779.375000, 5659997.500000, 5659997.500000, 679763.375000, 3393689.750000
7.750000, 269657.937500, 269657.937500, 5527457.500000, 5527457.500000, 512841.468750, 3334618.750000
7.800000, 229925.062500, 229925.062500, 5335163.500000, 5335163.500000, 426342.718750, 3178408.750000
7.850000, 233789.250000, 233789.250000, 5248150.000000, 5248150.000000, 369087.437500, 3047333.500000
7.900000, 72717.523438, 72717.523438, 5149239.000000, 5149239.000000, 93273.109375, 3009826.250000
7.950000, -2865.679688, -2865.679688, 4880176.500000, 4880176.500000, 78957.429688, 2861007.000000
8.000000, -38343.632812, -38343.632812, 4701949.500000, 4701949.500000, -30431.187500, 2721262.750000
8.050000, -139196.562500, -139196.562500, 4679157.000000, 4679157.000000, -261732.250000, 2776476.500000
8.100000, -181434.953125, -181434.953125, 4670965.000000, 4670965.000000, -280829.968750, 2779624.000000
8.150000, -162670.375000, -162670.375000, 4668894.500000, 4668894.500000, -338316.937500, 2718505.750000
8.200000, -269367.687500, -269367.687500, 4851024.500000, 4851024.500000, -506502.187500, 2885960.000000
8.250000, -481038.062500, -481038.062500, 4915529.500000, 4915529.500000, -753754.500000, 2947388.250000
8.300000, -352703.937500, -352703.937500, 4413837.500000, 4413837.500000, -579244.000000, 2598902.750000
8.350000, -148867.453125, -148867.453125, 3885669.500000, 3885669.500000, -248892.828125, 2279872.000000
8.400000, -300883.031250, -300883.031250, 3460894.500000, 3460894.500000, -496149.562500, 2014969.000000
8.450000, -401562.468750, -401562.468750, 2823269.750000, 2823269.750000, -707412.937500, 1622918.375000
8.500000, -382727.718750, -382727.718750, 2339732.250000, 2339732.250000, -669283.500000, 1349057.750000
8.550000, -353284.187500, -353284.187500, 1846217.000000, 1846217.000000, -597739.187500, 1078196.250000
8.600000, -197161.046875, -197161.046875, 1196110.625000, 1196110.625000, -334328.437500, 717686.750000
8.650000, -93168.000000, -93168.000000, 893195.437500, 893195.437500, -157128.468750, 537807.937500
8.700000, -95434.390625, -95434.390625, 902671.125000, 902671.125000, -158858.328125, 534404.687500
8.750000, -80881.687500, -80881.687500, 914591.625000, 914591.625000, -137587.703125, 540459.062500
8.800000, -64734.210938, -64734.210938, 832109.750000, 832109.750000, -113361.921875, 482521.906250
8.850000, -64432.785156, -64432.785156, 690929.750000, 690929.750000, -111452.882812, 396572.000000
8.900000, -50063.386719, -50063.386719, 539156.750000, 539156.750000, -85550.546875, 314317.062500
8.950000, -20854.773438, -20854.773438, 303573.375000, 303573.375000, -35643.187500, 178111.500000
9.000000, -3402.598389, -3402.598389, 76564.359375, 76564.359375, -5845.482422, 44567.363281
