Time 1XX 1ZZ 2XX 2ZZ 1X2Z 1Z2X 
-9.150000, 0.000000, 0.000000, 0.000000, 0.000000, 0.000000, 0.000000
-9.100000, 98.972755, 98.972755, 196316.453125, 196316.453125, 4156.855957, 4674.201172
-9.050000, 473.395081, 473.395081, 773890.375000, 773890.375000, 18321.523438, 20181.314453
-9.000000, 708.847229, 708.847229, 1354859.500000, 1354859.500000, 32395.371094, 28491.128906
-8.950000, 100.996063, 100.996063, 1743704.500000, 1743704.500000, 31305.503906, 14494.124023
-8.900000, -686.616272, -686.616272, 2253221.500000, 2253221.500000, 23784.777344, 4986.157227
-8.850000, -559.070129, -559.070129, 2783714.250000, 2783714.250000, 25857.744141, 4862.605469
-8.800000, 179.884781, 179.884781, 3240102.000000, 3240102.000000, 40198.605469, -1827.536621
-8.750000, 828.086548, 828.086548, 3751291.500000, 3751291.500000, 59216.101562, 803.112061
-8.700000, 859.151489, 859.151489, 4240706.500000, 4240706.500000, 70408.703125, 8212.046875
-8.650000, 116.671646, 116.671646, 4740403.000000, 4740403.000000, 74539.898438, 2982.523926
-8.600000, -512.380920, -512.380920, 5239523.500000, 5239523.500000, 81808.062500, -2407.664062
-8.550000, -281.357391, -281.357391, 5720621.000000, 5720621.000000, 92642.562500, 4456.317871
-8.500000, 382.599152, 382.599152, 6237767.500000, 6237767.500000, 103668.890625, 13397.885742
-8.450000, 498.284698, 498.284698, 6710674.000000, 6710674.000000, 111163.039062, 8289.703125
-8.400000, -4.465687, -4.465687, 7195794.500000, 7195794.500000, 117622.273438, 5317.700684
-8.350000, -138.438766, -138.438766, 7709454.500000, 7709454.500000, 129129.250000, 12844.936523
-8.300000, 63.422302, 63.422302, 8194706.000000, 8194706.000000, 134201.859375, 14759.400391
-8.250000, 189.395554, 189.395554, 8688304.000000, 8688304.000000, 131495.750000, 23857.361328
-8.200000, 586.268494, 586.268494, 9174844.000000, 9174844.000000, 136428.781250, 33815.281250
-8.150000, 330.591614, 330.591614, 9684188.000000, 9684188.000000, 142555.046875, 21475.333984
-8.100000, -617.902588, -617.902588, 10180990.000000, 10180990.000000, 146748.125000, 7926.819336
-8.050000, -347.947784, -347.947784, 10651112.000000, 10651112.000000, 149845.781250, 11203.269531
-8.000000, 602.791565, 602.791565, 11162508.000000, 11162508.000000, 146750.796875, 19045.988281
-7.950000, 1192.796875, 1192.796875, 11644968.000000, 11644968.000000, 152664.796875, 26285.175781
-7.900000, 1356.367920, 1356.367920, 12130134.000000, 12130134.000000, 165915.328125, 30492.324219
-7.850000, 449.013733, 449.013733, 12648896.000000, 12648896.000000, 177808.656250, 19602.984375
-7.800000, -552.600159, -552.600159, 13134861.000000, 13134861.000000, 179818.593750, 12425.134766
-7.750000, -1032.794189, -1032.794189, 13629267.000000, 13629267.000000, 161934.265625, 17897.150391
-7.700000, -281.191742, -281.191742, 14117759.000000, 14117759.000000, 170684.562500, 8152.162109
-7.650000, 1439.877930, 1439.877930, 14595535.000000, 14595535.000000, 202627.859375, -6214.046875
-7.600000, 347.830627, 347.830627, 15090308.000000, 15090308.000000, 201131.390625, -18907.300781
-7.550000, -1581.999878, -1581.999878, 15583377.000000, 15583377.000000, 188938.218750, -30400.972656
-7.500000, -1089.047974, -1089.047974, 16088995.000000, 16088995.000000, 184214.343750, -29000.794922
-7.450000, -895.799133, -895.799133, 16577685.000000, 16577685.000000, 184838.843750, -34966.578125
-7.400000, -609.697998, -609.697998, 17064454.000000, 17064454.000000, 192193.546875, -33644.300781
-7.350000, 209.682785, 209.682785, 17564504.000000, 17564504.000000, 187393.171875, -26798.253906
-7.300000, -636.072815, -636.072815, 18044600.000000, 18044600.000000, 179631.593750, -45737.781250
-7.250000, -2302.594238, -2302.594238, 18553686.000000, 18553686.000000, 176142.187500, -54759.484375
-7.200000, -1933.789307, -1933.789307, 19051100.000000, 19051100.000000, 187343.812500, -44465.882812
-7.150000, 278.018951, 278.018951, 19509030.000000, 19509030.000000, 196450.718750, -41376.945312
-7.100000, 85.226608, 85.226608, 20001576.000000, 20001576.000000, 177513.843750, -48935.550781
-7.050000, -1435.587524, -1435.587524, 20499892.000000, 20499892.000000, 180730.500000, -63193.195312
-7.000000, -1953.205566, -1953.205566, 20996030.000000, 20996030.000000, 188973.406250, -68295.078125
-6.950000, -2675.004150, -2675.004150, 21490858.000000, 21490858.000000, 182255.937500, -63162.710938
-6.900000, -866.853516, -866.853516, 21967302.000000, 21967302.000000, 198399.250000, -57874.070312
-6.850000, 1325.267212, 1325.267212, 22469044.000000, 22469044.000000, 192898.140625, -68457.484375
-6.800000, -682.013184, -682.013184, 22966600.000000, 22966600.000000, 182793.203125, -85899.218750
-6.750000, -3119.852783, -3119.852783, 23450616.000000, 23450616.000000, 195773.375000, -80126.445312
-6.700000, -2072.999268, -2072.999268, 23949208.000000, 23949208.000000, 198832.828125, -72383.085938
-6.650000, 407.697357, 407.697357, 24446810.000000, 24446810.000000, 219697.937500, -73285.500000
-6.600000, 68.457863, 68.457863, 24949658.000000, 24949658.000000, 228375.859375, -79279.835938
-6.550000, -1437.645264, -1437.645264, 25434448.000000, 25434448.000000, 212058.296875, -94403.039062
-6.500000, -2421.402588, -2421.402588, 25919958.000000, 25919958.000000, 215354.953125, -92997.023438
-6.450000, -3228.841064, -3228.841064, 26410890.000000, 26410890.000000, 218344.515625, -87396.351562
-6.400000, -668.909058, -668.909058, 26860890.000000, 26860890.000000, 221280.265625, -81553.304688
-6.350000, 1931.707397, 1931.707397, 27303410.000000, 27303410.000000, 225499.250000, -34960.886719
-6.300000, 2591.692627, 2591.692627, 27668774.000000, 27668774.000000, 237301.296875, 46593.980469
-6.250000, 5289.547363, 5289.547363, 27965728.000000, 27965728.000000, 250502.531250, 217212.640625
-6.200000, 10237.971680, 10237.971680, 28434846.000000, 28434846.000000, 237451.437500, 529404.000000
-6.150000, 14466.820312, 14466.820312, 29063034.000000, 29063034.000000, 251448.656250, 772021.750000
-6.100000, 9547.355469, 9547.355469, 29792662.000000, 29792662.000000, 279540.031250, 741946.562500
-6.050000, -6108.071289, -6108.071289, 30787560.000000, 30787560.000000, 280390.781250, 392197.843750
-6.000000, -22222.148438, -22222.148438, 31761070.000000, 31761070.000000, 276120.218750, -234981.937500
-5.950000, -23937.242188, -23937.242188, 32358690.000000, 32358690.000000, 258401.953125, -797394.750000
-5.900000, -7910.650391, -7910.650391, 32842724.000000, 32842724.000000, 267112.656250, -1169916.125000
-5.850000, 1860.743164, 1860.743164, 33288480.000000, 33288480.000000, 282720.468750, -1593037.250000
-5.800000, -8189.579102, -8189.579102, 33595472.000000, 33595472.000000, 263627.031250, -2070062.750000
-5.750000, -28316.089844, -28316.089844, 33854892.000000, 33854892.000000, 275217.218750, -2455595.500000
-5.700000, -42580.972656, -42580.972656, 34006436.000000, 34006436.000000, 290125.062500, -2595329.500000
-5.650000, -36974.386719, -36974.386719, 34158380.000000, 34158380.000000, 286459.468750, -2568927.500000
-5.600000, -28193.400391, -28193.400391, 34364348.000000, 34364348.000000, 282539.937500, -2495991.750000
-5.550000, -31264.339844, -31264.339844, 34566728.000000, 34566728.000000, 255203.328125, -2278657.250000
-5.500000, -38690.785156, -38690.785156, 34959912.000000, 34959912.000000, 268292.187500, -2051694.375000
-5.450000, -47133.343750, -47133.343750, 35535116.000000, 35535116.000000, 308414.968750, -1764176.500000
-5.400000, -43504.761719, -43504.761719, 36255392.000000, 36255392.000000, 309386.843750, -1336821.500000
-5.350000, -30918.576172, -30918.576172, 37147272.000000, 37147272.000000, 320396.062500, -994102.375000
-5.300000, -26567.580078, -26567.580078, 38050964.000000, 38050964.000000, 326906.531250, -719680.500000
-5.250000, -22828.785156, -22828.785156, 38771016.000000, 38771016.000000, 303765.593750, -580913.625000
-5.200000, -18635.753906, -18635.753906, 39320624.000000, 39320624.000000, 317960.125000, -606379.000000
-5.150000, -13550.036133, -13550.036133, 39964616.000000, 39964616.000000, 354375.500000, -691434.500000
-5.100000, -1095.424561, -1095.424561, 40550284.000000, 40550284.000000, 345614.281250, -796912.875000
-5.050000, 12583.716797, 12583.716797, 40979252.000000, 40979252.000000, 335066.718750, -823323.000000
-5.000000, 23992.798828, 23992.798828, 41583588.000000, 41583588.000000, 367031.781250, -1101267.000000
-4.950000, 13390.332031, 13390.332031, 42186792.000000, 42186792.000000, 385584.156250, -1583586.625000
-4.900000, -12393.781250, -12393.781250, 42661292.000000, 42661292.000000, 376920.343750, -1692890.875000
-4.850000, -8584.000000, -8584.000000, 43199444.000000, 43199444.000000, 384602.875000, -1624776.000000
-4.800000, 9340.838867, 9340.838867, 43712376.000000, 43712376.000000, 391886.812500, -1608667.250000
-4.750000, 12399.539062, 12399.539062, 44188528.000000, 44188528.000000, 375041.531250, -1547496.125000
-4.700000, -5076.539062, -5076.539062, 44703640.000000, 44703640.000000, 385840.750000, -1549442.125000
-4.650000, -44922.703125, -44922.703125, 45235076.000000, 45235076.000000, 415163.593750, -1574551.375000
-4.600000, -63843.394531, -63843.394531, 45773636.000000, 45773636.000000, 391599.500000, -1568978.375000
-4.550000, -45969.980469, -45969.980469, 46330652.000000, 46330652.000000, 366159.718750, -1555495.500000
-4.500000, -15685.433594, -15685.433594, 46896024.000000, 46896024.000000, 375204.281250, -1557449.250000
-4.450000, -5185.287109, -5185.287109, 47418316.000000, 47418316.000000, 365879.656250, -1590257.875000
-4.400000, -27120.042969, -27120.042969, 47941088.000000, 47941088.000000, 337288.062500, -1561483.125000
-4.350000, -15430.029297, -15430.029297, 48471304.000000, 48471304.000000, 350100.750000, -1544410.000000
-4.300000, 13676.692383, 13676.692383, 48950888.000000, 48950888.000000, 427988.406250, -1584886.250000
-4.250000, 13804.622070, 13804.622070, 49470456.000000, 49470456.000000, 479078.718750, -1582178.500000
-4.200000, 28917.343750, 28917.343750, 50003232.000000, 50003232.000000, 466010.156250, -1575797.750000
-4.150000, 14831.211914, 14831.211914, 50496216.000000, 50496216.000000, 239171.750000, -1575785.625000
-4.100000, -16972.289062, -16972.289062, 51092140.000000, 51092140.000000, -240874.562500, -1557567.500000
-4.050000, 6151.454590, 6151.454590, 51646172.000000, 51646172.000000, -417226.031250, -1544886.750000
-4.000000, 22473.826172, 22473.826172, 52074600.000000, 52074600.000000, -311607.187500, -1562864.125000
-3.950000, 15034.525391, 15034.525391, 52688608.000000, 52688608.000000, -444162.906250, -1582026.250000
-3.900000, 3653.206787, 3653.206787, 53353920.000000, 53353920.000000, -560785.062500, -1515706.750000
-3.850000, -2755.158447, -2755.158447, 53915476.000000, 53915476.000000, -493926.937500, -1472636.125000
-3.800000, 3848.616699, 3848.616699, 54723376.000000, 54723376.000000, -311239.187500, -1494923.125000
-3.750000, -9575.431641, -9575.431641, 55697920.000000, 55697920.000000, 38199.093750, -1460238.750000
-3.700000, 1317.778564, 1317.778564, 56492356.000000, 56492356.000000, 384952.031250, -1454600.000000
-3.650000, 4184.412598, 4184.412598, 57104680.000000, 57104680.000000, 741672.062500, -1477674.750000
-3.600000, -55529.648438, -55529.648438, 57577108.000000, 57577108.000000, 1005490.375000, -1457787.750000
-3.550000, -65775.851562, -65775.851562, 57881084.000000, 57881084.000000, 1121927.625000, -1474930.125000
-3.500000, -24198.552734, -24198.552734, 58068476.000000, 58068476.000000, 1298124.125000, -1503351.875000
-3.450000, -126.510849, -126.510849, 58262796.000000, 58262796.000000, 1354763.375000, -1508099.875000
-3.400000, -3995.113037, -3995.113037, 58447024.000000, 58447024.000000, 1265383.000000, -1497261.250000
-3.350000, -35446.625000, -35446.625000, 58648488.000000, 58648488.000000, 1042392.000000, -1488523.375000
-3.300000, -52701.796875, -52701.796875, 58968620.000000, 58968620.000000, 591677.750000, -1511419.625000
-3.250000, -52106.539062, -52106.539062, 59334204.000000, 59334204.000000, 160371.484375, -1487508.125000
-3.200000, -10391.462891, -10391.462891, 59798352.000000, 59798352.000000, -218276.390625, -1442550.000000
-3.150000, 19217.068359, 19217.068359, 60359720.000000, 60359720.000000, -622862.937500, -1442988.375000
-3.100000, -39648.750000, -39648.750000, 61080080.000000, 61080080.000000, -1169899.625000, -1429362.000000
-3.050000, -45409.335938, -45409.335938, 62150380.000000, 62150380.000000, -1740524.125000, -1416633.375000
-3.000000, 4858.932129, 4858.932129, 63084228.000000, 63084228.000000, -1846911.375000, -1422367.250000
-2.950000, 29990.478516, 29990.478516, 63634292.000000, 63634292.000000, -1665798.000000, -1421411.625000
-2.900000, 62434.285156, 62434.285156, 64187568.000000, 64187568.000000, -1415283.375000, -1433741.000000
-2.850000, 23161.259766, 23161.259766, 64613992.000000, 64613992.000000, -1123113.500000, -1455060.375000
-2.800000, -26482.248047, -26482.248047, 64881692.000000, 64881692.000000, -1067488.625000, -1459212.875000
-2.750000, 733.593262, 733.593262, 65302748.000000, 65302748.000000, -1039877.625000, -1446655.625000
-2.700000, 17796.662109, 17796.662109, 65790964.000000, 65790964.000000, -967632.187500, -1428115.625000
-2.650000, 33677.343750, 33677.343750, 66243020.000000, 66243020.000000, -990923.187500, -1410653.375000
-2.600000, 23564.925781, 23564.925781, 66736400.000000, 66736400.000000, -967925.812500, -1425843.000000
-2.550000, 2351.869141, 2351.869141, 67240240.000000, 67240240.000000, -986561.000000, -1456988.125000
-2.500000, 29407.054688, 29407.054688, 67712544.000000, 67712544.000000, -1000272.875000, -1453323.125000
-2.450000, 11824.207031, 11824.207031, 68203600.000000, 68203600.000000, -947963.062500, -1439553.875000
-2.400000, -22225.103516, -22225.103516, 68713224.000000, 68713224.000000, -965746.062500, -1433417.625000
-2.350000, -21097.205078, -21097.205078, 69206800.000000, 69206800.000000, -979507.937500, -1431613.875000
-2.300000, -42518.503906, -42518.503906, 69691392.000000, 69691392.000000, -983387.250000, -1418267.250000
-2.250000, -83133.164062, -83133.164062, 70168464.000000, 70168464.000000, -998346.125000, -1378808.125000
-2.200000, -116309.945312, -116309.945312, 70677088.000000, 70677088.000000, -989191.125000, -1356209.500000
-2.150000, -91330.664062, -91330.664062, 71191800.000000, 71191800.000000, -978259.000000, -1343523.375000
-2.100000, -47323.968750, -47323.968750, 71681872.000000, 71681872.000000, -996886.812500, -1314360.875000
-2.050000, -49943.679688, -49943.679688, 72199192.000000, 72199192.000000, -1059615.750000, -1300462.500000
-2.000000, -53911.582031, -53911.582031, 72706984.000000, 72706984.000000, -1057334.875000, -1332627.750000
-1.950000, -53687.957031, -53687.957031, 73197504.000000, 73197504.000000, -1038607.937500, -1371442.375000
-1.900000, -9458.013672, -9458.013672, 73684296.000000, 73684296.000000, -1083166.500000, -1349979.625000
-1.850000, 61515.679688, 61515.679688, 74168024.000000, 74168024.000000, -1080137.875000, -1337406.750000
-1.800000, 55637.425781, 55637.425781, 74671064.000000, 74671064.000000, -1077159.250000, -1371647.875000
-1.750000, 46041.718750, 46041.718750, 75151976.000000, 75151976.000000, -1074776.375000, -1388819.750000
-1.700000, 73985.507812, 73985.507812, 75651720.000000, 75651720.000000, -1018141.375000, -1404276.500000
-1.650000, 82814.929688, 82814.929688, 76138744.000000, 76138744.000000, -1001634.437500, -1388921.875000
-1.600000, 74468.312500, 74468.312500, 76602000.000000, 76602000.000000, -1009285.687500, -1365373.125000
-1.550000, 39800.066406, 39800.066406, 77167344.000000, 77167344.000000, -1016806.250000, -1420592.875000
-1.500000, 31349.923828, 31349.923828, 77694072.000000, 77694072.000000, -1034878.562500, -1458326.625000
-1.450000, 40843.238281, 40843.238281, 78139240.000000, 78139240.000000, -1004756.062500, -1426853.750000
-1.400000, -17149.396484, -17149.396484, 78624512.000000, 78624512.000000, -945618.125000, -1378253.375000
-1.350000, -82675.062500, -82675.062500, 79093344.000000, 79093344.000000, -849719.312500, -1353106.500000
-1.300000, -247642.937500, -247642.937500, 79545312.000000, 79545312.000000, -731262.437500, -1369087.000000
-1.250000, -545289.250000, -545289.250000, 80023920.000000, 80023920.000000, -822310.437500, -1300707.500000
-1.200000, -568492.437500, -568492.437500, 80557920.000000, 80557920.000000, -1102229.375000, -1224646.500000
-1.150000, -229907.375000, -229907.375000, 81009168.000000, 81009168.000000, -1363774.750000, -1277885.500000
-1.100000, 225946.828125, 225946.828125, 81419408.000000, 81419408.000000, -1720378.875000, -1239655.750000
-1.050000, 689802.187500, 689802.187500, 81986056.000000, 81986056.000000, -1950480.625000, -1140846.000000
-1.000000, 920352.312500, 920352.312500, 82384520.000000, 82384520.000000, -1792245.625000, -1088182.875000
-0.950000, 1003228.500000, 1003228.500000, 82823800.000000, 82823800.000000, -1649761.375000, -936713.250000
-0.900000, 1273495.500000, 1273495.500000, 83668328.000000, 83668328.000000, -1550943.750000, -887096.375000
-0.850000, 1542816.000000, 1542816.000000, 84435288.000000, 84435288.000000, -1218038.875000, -1077172.625000
-0.800000, 1390898.625000, 1390898.625000, 85198256.000000, 85198256.000000, -697228.375000, -1409243.625000
-0.750000, 716376.562500, 716376.562500, 86073240.000000, 86073240.000000, -110274.781250, -1943307.125000
-0.700000, -51181.984375, -51181.984375, 86656264.000000, 86656264.000000, 293713.281250, -2590668.500000
-0.650000, -695426.000000, -695426.000000, 86886544.000000, 86886544.000000, 519116.781250, -3053830.250000
-0.600000, -1369775.125000, -1369775.125000, 86818072.000000, 86818072.000000, 564923.187500, -3058782.500000
-0.550000, -1882191.875000, -1882191.875000, 86724224.000000, 86724224.000000, 268352.468750, -2780241.250000
-0.500000, -2356987.750000, -2356987.750000, 86686144.000000, 86686144.000000, -192500.218750, -2425526.500000
-0.450000, -2854562.250000, -2854562.250000, 86651328.000000, 86651328.000000, -871607.437500, -1742560.500000
-0.400000, -2882814.250000, -2882814.250000, 86865496.000000, 86865496.000000, -1763387.000000, -877338.250000
-0.350000, -2350734.500000, -2350734.500000, 87289392.000000, 87289392.000000, -2495338.750000, -59513.750000
-0.300000, -1384644.375000, -1384644.375000, 87907000.000000, 87907000.000000, -2948639.500000, 726339.625000
-0.250000, -316798.968750, -316798.968750, 88769432.000000, 88769432.000000, -3248521.250000, 1320411.375000
-0.200000, 653759.687500, 653759.687500, 90085160.000000, 90085160.000000, -3521861.750000, 1688406.625000
-0.150000, 1719134.625000, 1719134.625000, 91685496.000000, 91685496.000000, -3407813.500000, 1628331.875000
-0.100000, 2890392.000000, 2890392.000000, 92995264.000000, 92995264.000000, -2873510.750000, 1073931.000000
-0.050000, 4310885.000000, 4310885.000000, 94539472.000000, 94539472.000000, -2307043.750000, 106067.703125
0.000000, 5128445.500000, 5128445.500000, 95658952.000000, 95658952.000000, -1265760.125000, -1265760.125000
0.050000, 4310885.000000, 4310885.000000, 94539472.000000, 94539472.000000, 106067.703125, -2307043.750000
0.100000, 2890392.000000, 2890392.000000, 92995264.000000, 92995264.000000, 1073931.000000, -2873510.750000
0.150000, 1719134.625000, 1719134.625000, 91685496.000000, 91685496.000000, 1628331.875000, -3407813.500000
0.200000, 653759.687500, 653759.687500, 90085160.000000, 90085160.000000, 1688406.625000, -3521861.750000
0.250000, -316798.968750, -316798.968750, 88769432.000000, 88769432.000000, 1320411.375000, -3248521.250000
0.300000, -1384644.375000, -1384644.375000, 87907000.000000, 87907000.000000, 726339.625000, -2948639.500000
0.350000, -2350734.500000, -2350734.500000, 87289392.000000, 87289392.000000, -59513.750000, -2495338.750000
0.400000, -2882814.250000, -2882814.250000, 86865496.000000, 86865496.000000, -877338.250000, -1763387.000000
0.450000, -2854562.250000, -2854562.250000, 86651328.000000, 86651328.000000, -1742560.500000, -871607.437500
0.500000, -2356987.750000, -2356987.750000, 86686144.000000, 86686144.000000, -2425526.500000, -192500.218750
0.550000, -1882191.875000, -1882191.875000, 86724224.000000, 86724224.000000, -2780241.250000, 268352.468750
0.600000, -1369775.125000, -1369775.125000, 86818072.000000, 86818072.000000, -3058782.500000, 564923.187500
0.650000, -695426.000000, -695426.000000, 86886544.000000, 86886544.000000, -3053830.250000, 519116.781250
0.700000, -51181.984375, -51181.984375, 86656264.000000, 86656264.000000, -2590668.500000, 293713.281250
0.750000, 716376.562500, 716376.562500, 86073240.000000, 86073240.000000, -1943307.125000, -110274.781250
0.800000, 1390898.625000, 1390898.625000, 85198256.000000, 85198256.000000, -1409243.625000, -697228.375000
0.850000, 1542816.000000, 1542816.000000, 84435288.000000, 84435288.000000, -1077172.625000, -1218038.875000
0.900000, 1273495.500000, 1273495.500000, 83668328.000000, 83668328.000000, -887096.375000, -1550943.750000
0.950000, 1003228.500000, 1003228.500000, 82823800.000000, 82823800.000000, -936713.250000, -1649761.375000
1.000000, 920352.312500, 920352.312500, 82384520.000000, 82384520.000000, -1088182.875000, -1792245.625000
1.050000, 689802.187500, 689802.187500, 81986056.000000, 81986056.000000, -1140846.000000, -1950480.625000
1.100000, 225946.828125, 225946.828125, 81419408.000000, 81419408.000000, -1239655.750000, -1720378.875000
1.150000, -229907.375000, -229907.375000, 81009168.000000, 81009168.000000, -1277885.500000, -1363774.750000
1.200000, -568492.437500, -568492.437500, 80557920.000000, 80557920.000000, -1224646.500000, -1102229.375000
1.250000, -545289.250000, -545289.250000, 80023920.000000, 80023920.000000, -1300707.500000, -822310.437500
1.300000, -247642.937500, -247642.937500, 79545312.000000, 79545312.000000, -1369087.000000, -731262.437500
1.350000, -82675.062500, -82675.062500, 79093344.000000, 79093344.000000, -1353106.500000, -849719.312500
1.400000, -17149.396484, -17149.396484, 78624512.000000, 78624512.000000, -1378253.375000, -945618.125000
1.450000, 40843.238281, 40843.238281, 78139240.000000, 78139240.000000, -1426853.750000, -1004756.062500
1.500000, 31349.923828, 31349.923828, 77694072.000000, 77694072.000000, -1458326.625000, -1034878.562500
1.550000, 39800.066406, 39800.066406, 77167344.000000, 77167344.000000, -1420592.875000, -1016806.250000
1.600000, 74468.312500, 74468.312500, 76602000.000000, 76602000.000000, -1365373.125000, -1009285.687500
1.650000, 82814.929688, 82814.929688, 76138744.000000, 76138744.000000, -1388921.875000, -1001634.437500
1.700000, 73985.507812, 73985.507812, 75651720.000000, 75651720.000000, -1404276.500000, -1018141.375000
1.750000, 46041.718750, 46041.718750, 75151976.000000, 75151976.000000, -1388819.750000, -1074776.375000
1.800000, 55637.425781, 55637.425781, 74671064.000000, 74671064.000000, -1371647.875000, -1077159.250000
1.850000, 61515.679688, 61515.679688, 74168024.000000, 74168024.000000, -1337406.750000, -1080137.875000
1.900000, -9458.013672, -9458.013672, 73684296.000000, 73684296.000000, -1349979.625000, -1083166.500000
1.950000, -53687.957031, -53687.957031, 73197504.000000, 73197504.000000, -1371442.375000, -1038607.937500
2.000000, -53911.582031, -53911.582031, 72706984.000000, 72706984.000000, -1332627.750000, -1057334.875000
2.050000, -49943.679688, -49943.679688, 72199192.000000, 72199192.000000, -1300462.500000, -1059615.750000
2.100000, -47323.968750, -47323.968750, 71681872.000000, 71681872.000000, -1314360.875000, -996886.812500
2.150000, -91330.664062, -91330.664062, 71191800.000000, 71191800.000000, -1343523.375000, -978259.000000
2.200000, -116309.945312, -116309.945312, 70677088.000000, 70677088.000000, -1356209.500000, -989191.125000
2.250000, -83133.164062, -83133.164062, 70168464.000000, 70168464.000000, -1378808.125000, -998346.125000
2.300000, -42518.503906, -42518.503906, 69691392.000000, 69691392.000000, -1418267.250000, -983387.250000
2.350000, -21097.205078, -21097.205078, 69206800.000000, 69206800.000000, -1431613.875000, -979507.937500
2.400000, -22225.103516, -22225.103516, 68713224.000000, 68713224.000000, -1433417.625000, -965746.062500
2.450000, 11824.207031, 11824.207031, 68203600.000000, 68203600.000000, -1439553.875000, -947963.062500
2.500000, 29407.054688, 29407.054688, 67712544.000000, 67712544.000000, -1453323.125000, -1000272.875000
2.550000, 2351.869141, 2351.869141, 67240240.000000, 67240240.000000, -1456988.125000, -986561.000000
2.600000, 23564.925781, 23564.925781, 66736400.000000, 66736400.000000, -1425843.000000, -967925.812500
2.650000, 33677.343750, 33677.343750, 66243020.000000, 66243020.000000, -1410653.375000, -990923.187500
2.700000, 17796.662109, 17796.662109, 65790964.000000, 65790964.000000, -1428115.625000, -967632.187500
2.750000, 733.593262, 733.593262, 65302748.000000, 65302748.000000, -1446655.625000, -1039877.625000
2.800000, -26482.248047, -26482.248047, 64881692.000000, 64881692.000000, -1459212.875000, -1067488.625000
2.850000, 23161.259766, 23161.259766, 64613992.000000, 64613992.000000, -1455060.375000, -1123113.500000
2.900000, 62434.285156, 62434.285156, 64187568.000000, 64187568.000000, -1433741.000000, -1415283.375000
2.950000, 29990.478516, 29990.478516, 63634292.000000, 63634292.000000, -1421411.625000, -1665798.000000
3.000000, 4858.932129, 4858.932129, 63084228.000000, 63084228.000000, -1422367.250000, -1846911.375000
3.050000, -45409.335938, -45409.335938, 62150380.000000, 62150380.000000, -1416633.375000, -1740524.125000
3.100000, -39648.750000, -39648.750000, 61080080.000000, 61080080.000000, -1429362.000000, -1169899.625000
3.150000, 19217.068359, 19217.068359, 60359720.000000, 60359720.000000, -1442988.375000, -622862.937500
3.200000, -10391.462891, -10391.462891, 59798352.000000, 59798352.000000, -1442550.000000, -218276.390625
3.250000, -52106.539062, -52106.539062, 59334204.000000, 59334204.000000, -1487508.125000, 160371.484375
3.300000, -52701.796875, -52701.796875, 58968620.000000, 58968620.000000, -1511419.625000, 591677.750000
3.350000, -35446.625000, -35446.625000, 58648488.000000, 58648488.000000, -1488523.375000, 1042392.000000
3.400000, -3995.113037, -3995.113037, 58447024.000000, 58447024.000000, -1497261.250000, 1265383.000000
3.450000, -126.510849, -126.510849, 58262796.000000, 58262796.000000, -1508099.875000, 1354763.375000
3.500000, -24198.552734, -24198.552734, 58068476.000000, 58068476.000000, -1503351.875000, 1298124.125000
3.550000, -65775.851562, -65775.851562, 57881084.000000, 57881084.000000, -1474930.125000, 1121927.625000
3.600000, -55529.648438, -55529.648438, 57577108.000000, 57577108.000000, -1457787.750000, 1005490.375000
3.650000, 4184.412598, 4184.412598, 57104680.000000, 57104680.000000, -1477674.750000, 741672.062500
3.700000, 1317.778564, 1317.778564, 56492356.000000, 56492356.000000, -1454600.000000, 384952.031250
3.750000, -9575.431641, -9575.431641, 55697920.000000, 55697920.000000, -1460238.750000, 38199.093750
3.800000, 3848.616699, 3848.616699, 54723376.000000, 54723376.000000, -1494923.125000, -311239.187500
3.850000, -2755.158447, -2755.158447, 53915476.000000, 53915476.000000, -1472636.125000, -493926.937500
3.900000, 3653.206787, 3653.206787, 53353920.000000, 53353920.000000, -1515706.750000, -560785.062500
3.950000, 15034.525391, 15034.525391, 52688608.000000, 52688608.000000, -1582026.250000, -444162.906250
4.000000, 22473.826172, 22473.826172, 52074600.000000, 52074600.000000, -1562864.125000, -311607.187500
4.050000, 6151.454590, 6151.454590, 51646172.000000, 51646172.000000, -1544886.750000, -417226.031250
4.100000, -16972.289062, -16972.289062, 51092140.000000, 51092140.000000, -1557567.500000, -240874.562500
4.150000, 14831.211914, 14831.211914, 50496216.000000, 50496216.000000, -1575785.625000, 239171.750000
4.200000, 28917.343750, 28917.343750, 50003232.000000, 50003232.000000, -1575797.750000, 466010.156250
4.250000, 13804.622070, 13804.622070, 49470456.000000, 49470456.000000, -1582178.500000, 479078.718750
4.300000, 13676.692383, 13676.692383, 48950888.000000, 48950888.000000, -1584886.250000, 427988.406250
4.350000, -15430.029297, -15430.029297, 48471304.000000, 48471304.000000, -1544410.000000, 350100.750000
4.400000, -27120.042969, -27120.042969, 47941088.000000, 47941088.000000, -1561483.125000, 337288.062500
4.450000, -5185.287109, -5185.287109, 47418316.000000, 47418316.000000, -1590257.875000, 365879.656250
4.500000, -15685.433594, -15685.433594, 46896024.000000, 46896024.000000, -1557449.250000, 375204.281250
4.550000, -45969.980469, -45969.980469, 46330652.000000, 46330652.000000, -1555495.500000, 366159.718750
4.600000, -63843.394531, -63843.394531, 45773636.000000, 45773636.000000, -1568978.375000, 391599.500000
4.650000, -44922.703125, -44922.703125, 45235076.000000, 45235076.000000, -1574551.375000, 415163.593750
4.700000, -5076.539062, -5076.539062, 44703640.000000, 44703640.000000, -1549442.125000, 385840.750000
4.750000, 12399.539062, 12399.539062, 44188528.000000, 44188528.000000, -1547496.125000, 375041.531250
4.800000, 9340.838867, 9340.838867, 43712376.000000, 43712376.000000, -1608667.250000, 391886.812500
4.850000, -8584.000000, -8584.000000, 43199444.000000, 43199444.000000, -1624776.000000, 384602.875000
4.900000, -12393.781250, -12393.781250, 42661292.000000, 42661292.000000, -1692890.875000, 376920.343750
4.950000, 13390.332031, 13390.332031, 42186792.000000, 42186792.000000, -1583586.625000, 385584.156250
5.000000, 23992.798828, 23992.798828, 41583588.000000, 41583588.000000, -1101267.000000, 367031.781250
5.050000, 12583.716797, 12583.716797, 40979252.000000, 40979252.000000, -823323.000000, 335066.718750
5.100000, -1095.424561, -1095.424561, 40550284.000000, 40550284.000000, -796912.875000, 345614.281250
5.150000, -13550.036133, -13550.036133, 39964616.000000, 39964616.000000, -691434.500000, 354375.500000
5.200000, -18635.753906, -18635.753906, 39320624.000000, 39320624.000000, -606379.000000, 317960.125000
5.250000, -22828.785156, -22828.785156, 38771016.000000, 38771016.000000, -580913.625000, 303765.593750
5.300000, -26567.580078, -26567.580078, 38050964.000000, 38050964.000000, -719680.500000, 326906.531250
5.350000, -30918.576172, -30918.576172, 37147272.000000, 37147272.000000, -994102.375000, 320396.062500
5.400000, -43504.761719, -43504.761719, 36255392.000000, 36255392.000000, -1336821.500000, 309386.843750
5.450000, -47133.343750, -47133.343750, 35535116.000000, 35535116.000000, -1764176.500000, 308414.968750
5.500000, -38690.785156, -38690.785156, 34959912.000000, 34959912.000000, -2051694.375000, 268292.187500
5.550000, -31264.339844, -31264.339844, 34566728.000000, 34566728.000000, -2278657.250000, 255203.328125
5.600000, -28193.400391, -28193.400391, 34364348.000000, 34364348.000000, -2495991.750000, 282539.937500
5.650000, -36974.386719, -36974.386719, 34158380.000000, 34158380.000000, -2568927.500000, 286459.468750
5.700000, -42580.972656, -42580.972656, 34006436.000000, 34006436.000000, -2595329.500000, 290125.062500
5.750000, -28316.089844, -28316.089844, 33854892.000000, 33854892.000000, -2455595.500000, 275217.218750
5.800000, -8189.579102, -8189.579102, 33595472.000000, 33595472.000000, -2070062.750000, 263627.031250
5.850000, 1860.743164, 1860.743164, 33288480.000000, 33288480.000000, -1593037.250000, 282720.468750
5.900000, -7910.650391, -7910.650391, 32842724.000000, 32842724.000000, -1169916.125000, 267112.656250
5.950000, -23937.242188, -23937.242188, 32358690.000000, 32358690.000000, -797394.750000, 258401.953125
6.000000, -22222.148438, -22222.148438, 31761070.000000, 31761070.000000, -234981.937500, 276120.218750
6.050000, -6108.071289, -6108.071289, 30787560.000000, 30787560.000000, 392197.843750, 280390.781250
6.100000, 9547.355469, 9547.355469, 29792662.000000, 29792662.000000, 741946.562500, 279540.031250
6.150000, 14466.820312, 14466.820312, 29063034.000000, 29063034.000000, 772021.750000, 251448.656250
6.200000, 10237.971680, 10237.971680, 28434846.000000, 28434846.000000, 529404.000000, 237451.437500
6.250000, 5289.547363, 5289.547363, 27965728.000000, 27965728.000000, 217212.640625, 250502.531250
6.300000, 2591.692627, 2591.692627, 27668774.000000, 27668774.000000, 46593.980469, 237301.296875
6.350000, 1931.707397, 1931.707397, 27303410.000000, 27303410.000000, -34960.886719, 225499.250000
6.400000, -668.909058, -668.909058, 26860890.000000, 26860890.000000, -81553.304688, 221280.265625
6.450000, -3228.841064, -3228.841064, 26410890.000000, 26410890.000000, -87396.351562, 218344.515625
6.500000, -2421.402588, -2421.402588, 25919958.000000, 25919958.000000, -92997.023438, 215354.953125
6.550000, -1437.645264, -1437.645264, 25434448.000000, 25434448.000000, -94403.039062, 212058.296875
6.600000, 68.457863, 68.457863, 24949658.000000, 24949658.000000, -79279.835938, 228375.859375
6.650000, 407.697357, 407.697357, 24446810.000000, 24446810.000000, -73285.500000, 219697.937500
6.700000, -2072.999268, -2072.999268, 23949208.000000, 23949208.000000, -72383.085938, 198832.828125
6.750000, -3119.852783, -3119.852783, 23450616.000000, 23450616.000000, -80126.445312, 195773.375000
6.800000, -682.013184, -682.013184, 22966600.000000, 22966600.000000, -85899.218750, 182793.203125
6.850000, 1325.267212, 1325.267212, 22469044.000000, 22469044.000000, -68457.484375, 192898.140625
6.900000, -866.853516, -866.853516, 21967302.000000, 21967302.000000, -57874.070312, 198399.250000
6.950000, -2675.004150, -2675.004150, 21490858.000000, 21490858.000000, -63162.710938, 182255.937500
7.000000, -1953.205566, -1953.205566, 20996030.000000, 20996030.000000, -68295.078125, 188973.406250
7.050000, -1435.587524, -1435.587524, 20499892.000000, 20499892.000000, -63193.195312, 180730.500000
7.100000, 85.226608, 85.226608, 20001576.000000, 20001576.000000, -48935.550781, 177513.843750
7.150000, 278.018951, 278.018951, 19509030.000000, 19509030.000000, -41376.945312, 196450.718750
7.200000, -1933.789307, -1933.789307, 19051100.000000, 19051100.000000, -44465.882812, 187343.812500
7.250000, -2302.594238, -2302.594238, 18553686.000000, 18553686.000000, -54759.484375, 176142.187500
7.300000, -636.072815, -636.072815, 18044600.000000, 18044600.000000, -45737.781250, 179631.593750
7.350000, 209.682785, 209.682785, 17564504.000000, 17564504.000000, -26798.253906, 187393.171875
7.400000, -609.697998, -609.697998, 17064454.000000, 17064454.000000, -33644.300781, 192193.546875
7.450000, -895.799133, -895.799133, 16577685.000000, 16577685.000000, -34966.578125, 184838.843750
7.500000, -1089.047974, -1089.047974, 16088995.000000, 16088995.000000, -29000.794922, 184214.343750
7.550000, -1581.999878, -1581.999878, 15583377.000000, 15583377.000000, -30400.972656, 188938.218750
7.600000, 347.830627, 347.830627, 15090308.000000, 15090308.000000, -18907.300781, 201131.390625
7.650000, 1439.877930, 1439.877930, 14595535.000000, 14595535.000000, -6214.046875, 202627.859375
7.700000, -281.191742, -281.191742, 14117759.000000, 14117759.000000, 8152.162109, 170684.562500
7.750000, -1032.794189, -1032.794189, 13629267.000000, 13629267.000000, 17897.150391, 161934.265625
7.800000, -552.600159, -552.600159, 13134861.000000, 13134861.000000, 12425.134766, 179818.593750
7.850000, 449.013733, 449.013733, 12648896.000000, 12648896.000000, 19602.984375, 177808.656250
7.900000, 1356.367920, 1356.367920, 12130134.000000, 12130134.000000, 30492.324219, 165915.328125
7.950000, 1192.796875, 1192.796875, 11644968.000000, 11644968.000000, 26285.175781, 152664.796875
8.000000, 602.791565, 602.791565, 11162508.000000, 11162508.000000, 19045.988281, 146750.796875
8.050000, -347.947784, -347.947784, 10651112.000000, 10651112.000000, 11203.269531, 149845.781250
8.100000, -617.902588, -617.902588, 10180990.000000, 10180990.000000, 7926.819336, 146748.125000
8.150000, 330.591614, 330.591614, 9684188.000000, 9684188.000000, 21475.333984, 142555.046875
8.200000, 586.268494, 586.268494, 9174844.000000, 9174844.000000, 33815.281250, 136428.781250
8.250000, 189.395554, 189.395554, 8688304.000000, 8688304.000000, 23857.361328, 131495.750000
8.300000, 63.422302, 63.422302, 8194706.000000, 8194706.000000, 14759.400391, 134201.859375
8.350000, -138.438766, -138.438766, 7709454.500000, 7709454.500000, 12844.936523, 129129.250000
8.400000, -4.465687, -4.465687, 7195794.500000, 7195794.500000, 5317.700684, 117622.273438
8.450000, 498.284698, 498.284698, 6710674.000000, 6710674.000000, 8289.703125, 111163.039062
8.500000, 382.599152, 382.599152, 6237767.500000, 6237767.500000, 13397.885742, 103668.890625
8.550000, -281.357391, -281.357391, 5720621.000000, 5720621.000000, 4456.317871, 92642.562500
8.600000, -512.380920, -512.380920, 5239523.500000, 5239523.500000, -2407.664062, 81808.062500
8.650000, 116.671646, 116.671646, 4740403.000000, 4740403.000000, 2982.523926, 74539.898438
8.700000, 859.151489, 859.151489, 4240706.500000, 4240706.500000, 8212.046875, 70408.703125
8.750000, 828.086548, 828.086548, 3751291.500000, 3751291.500000, 803.112061, 59216.101562
8.800000, 179.884781, 179.884781, 3240102.000000, 3240102.000000, -1827.536621, 40198.605469
8.850000, -559.070129, -559.070129, 2783714.250000, 2783714.250000, 4862.605469, 25857.744141
8.900000, -686.616272, -686.616272, 2253221.500000, 2253221.500000, 4986.157227, 23784.777344
8.950000, 100.996063, 100.996063, 1743704.500000, 1743704.500000, 14494.124023, 31305.503906
9.000000, 708.847229, 708.847229, 1354859.500000, 1354859.500000, 28491.128906, 32395.371094
9.050000, 473.395081, 473.395081, 773890.375000, 773890.375000, 20181.314453, 18321.523438
9.100000, 98.972755, 98.972755, 196316.453125, 196316.453125, 4674.201172, 4156.855957
