Time 1XX 1YY 2XX 2YY 1X2Y 1Y2X 
-9.200000, 0.000000, 0.000000, 0.000000, 0.000000, 0.000000, 0.000000
-9.150000, -27.493143, -27.493143, 14479.933594, 14479.933594, -320.420105, 1242.427979
-9.100000, -242.628540, -242.628540, 56076.570312, 56076.570312, -2994.674561, 4164.216797
-9.050000, -176.227646, -176.227646, 97913.281250, 97913.281250, -3513.852539, 6283.319824
-9.000000, 279.252136, 279.252136, 127723.476562, 127723.476562, 2261.271484, 7700.173828
-8.950000, -100.922356, -100.922356, 165235.078125, 165235.078125, 289.188660, 10069.941406
-8.900000, -194.143860, -194.143860, 205301.421875, 205301.421875, -2935.906250, 12243.382812
-8.850000, 534.847107, 534.847107, 243055.828125, 243055.828125, 4990.183594, 12872.184570
-8.800000, -215.922974, -215.922974, 278101.718750, 278101.718750, -2618.098633, 13100.546875
-8.750000, -900.927124, -900.927124, 310483.000000, 310483.000000, -11819.300781, 15814.624023
-8.700000, -38.700554, -38.700554, 349942.281250, 349942.281250, 752.301697, 19287.015625
-8.650000, 238.384888, 238.384888, 385032.718750, 385032.718750, 439.380249, 20742.669922
-8.600000, -703.281311, -703.281311, 417549.187500, 417549.187500, -9528.486328, 21775.511719
-8.550000, -1014.372437, -1014.372437, 456922.875000, 456922.875000, -11420.521484, 24114.753906
-8.500000, -94.504822, -94.504822, 492718.437500, 492718.437500, -13321.748047, 28374.937500
-8.450000, -792.346680, -792.346680, 527741.687500, 527741.687500, -13290.938477, 31566.332031
-8.400000, -1754.921509, -1754.921509, 563657.062500, 563657.062500, -18078.505859, 33624.707031
-8.350000, -956.219727, -956.219727, 601394.375000, 601394.375000, -19489.882812, 37144.304688
-8.300000, -864.665283, -864.665283, 640058.500000, 640058.500000, -20706.656250, 39609.414062
-8.250000, -1103.670044, -1103.670044, 673265.000000, 673265.000000, -32510.517578, 42035.625000
-8.200000, -2287.072021, -2287.072021, 709009.875000, 709009.875000, -34160.906250, 44593.488281
-8.150000, -2480.069580, -2480.069580, 745590.562500, 745590.562500, -31695.388672, 45845.218750
-8.100000, -974.713440, -974.713440, 782094.562500, 782094.562500, -32265.218750, 49432.171875
-8.050000, -2664.904053, -2664.904053, 821007.812500, 821007.812500, -36707.246094, 52747.140625
-8.000000, -2219.949463, -2219.949463, 855393.187500, 855393.187500, -43313.882812, 53014.960938
-7.950000, -439.743011, -439.743011, 892273.187500, 892273.187500, -33010.289062, 53669.421875
-7.900000, -3171.409424, -3171.409424, 930164.687500, 930164.687500, -32590.339844, 55635.140625
-7.850000, -3214.083984, -3214.083984, 963755.812500, 963755.812500, -43437.910156, 58621.152344
-7.800000, -2382.599854, -2382.599854, 999430.500000, 999430.500000, -44480.656250, 60728.390625
-7.750000, -3361.914795, -3361.914795, 1036081.937500, 1036081.937500, -49859.203125, 61783.347656
-7.700000, -2565.872559, -2565.872559, 1074769.000000, 1074769.000000, -43823.789062, 64419.699219
-7.650000, -3242.976074, -3242.976074, 1111703.625000, 1111703.625000, -43764.433594, 67101.914062
-7.600000, -3571.667236, -3571.667236, 1146534.375000, 1146534.375000, -56937.703125, 68381.171875
-7.550000, -3189.121582, -3189.121582, 1185571.875000, 1185571.875000, -51068.250000, 69980.578125
-7.500000, -3517.777832, -3517.777832, 1221582.750000, 1221582.750000, -52080.128906, 72992.773438
-7.450000, -3145.914062, -3145.914062, 1255623.625000, 1255623.625000, -56074.097656, 75829.093750
-7.400000, -3741.538086, -3741.538086, 1291860.250000, 1291860.250000, -51891.898438, 76894.304688
-7.350000, -2416.763184, -2416.763184, 1330571.750000, 1330571.750000, -49792.226562, 78710.859375
-7.300000, -1790.598877, -1790.598877, 1371786.625000, 1371786.625000, -42224.175781, 82170.421875
-7.250000, -3653.632568, -3653.632568, 1407132.125000, 1407132.125000, -51557.863281, 83732.203125
-7.200000, -3130.978027, -3130.978027, 1442485.750000, 1442485.750000, -55450.925781, 84575.781250
-7.150000, -3629.355957, -3629.355957, 1481313.125000, 1481313.125000, -44394.789062, 86740.929688
-7.100000, -2628.454590, -2628.454590, 1518024.250000, 1518024.250000, -49717.984375, 88175.890625
-7.050000, -1379.299316, -1379.299316, 1557412.000000, 1557412.000000, -47126.406250, 90789.773438
-7.000000, -4491.616211, -4491.616211, 1596436.875000, 1596436.875000, -41478.781250, 93768.890625
-6.950000, -2743.037842, -2743.037842, 1634820.750000, 1634820.750000, -43152.964844, 95131.085938
-6.900000, -1169.275269, -1169.275269, 1673023.375000, 1673023.375000, -46641.417969, 96664.851562
-6.850000, -3910.952881, -3910.952881, 1709750.875000, 1709750.875000, -52007.664062, 96653.648438
-6.800000, -3106.464355, -3106.464355, 1749537.625000, 1749537.625000, -44550.007812, 98800.929688
-6.750000, -2880.229492, -2880.229492, 1787494.250000, 1787494.250000, -39817.253906, 103402.468750
-6.700000, -880.601135, -880.601135, 1831013.750000, 1831013.750000, -25439.097656, 105335.359375
-6.650000, 1296.511719, 1296.511719, 1877459.125000, 1877459.125000, -11433.041992, 107591.359375
-6.600000, -2200.815186, -2200.815186, 1913224.250000, 1913224.250000, -23466.416016, 110070.906250
-6.550000, -2007.078491, -2007.078491, 1952996.125000, 1952996.125000, -27521.599609, 113553.171875
-6.500000, -935.899170, -935.899170, 1994161.625000, 1994161.625000, -33241.652344, 117606.406250
-6.450000, -3112.148682, -3112.148682, 2028672.875000, 2028672.875000, -33425.457031, 120178.445312
-6.400000, -3224.234375, -3224.234375, 2056879.625000, 2056879.625000, -30997.136719, 124390.828125
-6.350000, -719.063660, -719.063660, 2071128.250000, 2071128.250000, -41215.847656, 91037.234375
-6.300000, 8673.384766, 8673.384766, 2086459.125000, 2086459.125000, -26411.621094, 1252.976562
-6.250000, 5075.655273, 5075.655273, 2109742.750000, 2109742.750000, -28188.886719, -43652.832031
-6.200000, -18651.078125, -18651.078125, 2142972.500000, 2142972.500000, -42820.929688, 4507.578125
-6.150000, -11952.956055, -11952.956055, 2181297.000000, 2181297.000000, -43353.605469, 80232.062500
-6.100000, 1603.487549, 1603.487549, 2204068.000000, 2204068.000000, -52712.945312, 173459.968750
-6.050000, -17343.851562, -17343.851562, 2222540.250000, 2222540.250000, -36558.386719, 281734.656250
-6.000000, 6338.119141, 6338.119141, 2231418.000000, 2231418.000000, -34741.160156, 377189.687500
-5.950000, 32984.566406, 32984.566406, 2225811.500000, 2225811.500000, -50013.695312, 444056.843750
-5.900000, -9764.986328, -9764.986328, 2225338.500000, 2225338.500000, -46608.996094, 461203.156250
-5.850000, -18066.837891, -18066.837891, 2225019.000000, 2225019.000000, -48359.445312, 461832.406250
-5.800000, 8630.228516, 8630.228516, 2230133.250000, 2230133.250000, -39234.722656, 457913.718750
-5.750000, 3961.025391, 3961.025391, 2232034.750000, 2232034.750000, -56433.835938, 420970.437500
-5.700000, -53.353149, -53.353149, 2233332.500000, 2233332.500000, -60226.039062, 376626.000000
-5.650000, -4338.410156, -4338.410156, 2257718.500000, 2257718.500000, -38883.441406, 333900.250000
-5.600000, -8742.511719, -8742.511719, 2277038.250000, 2277038.250000, -56630.609375, 278166.718750
-5.550000, -18199.923828, -18199.923828, 2289788.000000, 2289788.000000, -33511.910156, 220032.390625
-5.500000, -26315.718750, -26315.718750, 2310890.500000, 2310890.500000, -25546.759766, 192169.890625
-5.450000, -8333.361328, -8333.361328, 2328304.500000, 2328304.500000, -42487.722656, 186997.281250
-5.400000, -5951.822266, -5951.822266, 2345772.500000, 2345772.500000, -25943.935547, 175213.562500
-5.350000, -31549.488281, -31549.488281, 2355839.000000, 2355839.000000, -62807.429688, 182079.171875
-5.300000, -50264.703125, -50264.703125, 2363406.750000, 2363406.750000, -65814.195312, 182396.687500
-5.250000, -25642.472656, -25642.472656, 2377418.250000, 2377418.250000, -50659.742188, 190354.828125
-5.200000, -19885.666016, -19885.666016, 2393226.750000, 2393226.750000, -77668.328125, 244053.187500
-5.150000, -61824.859375, -61824.859375, 2412768.250000, 2412768.250000, -66098.031250, 273413.781250
-5.100000, -27454.880859, -27454.880859, 2427644.250000, 2427644.250000, -68699.343750, 299717.031250
-5.050000, 8926.681641, 8926.681641, 2446632.500000, 2446632.500000, -64130.914062, 325682.093750
-5.000000, 11183.346680, 11183.346680, 2464466.500000, 2464466.500000, -73804.164062, 317190.312500
-4.950000, 40236.367188, 40236.367188, 2474808.250000, 2474808.250000, -86335.671875, 316095.000000
-4.900000, -8114.113281, -8114.113281, 2496732.500000, 2496732.500000, -57668.929688, 295088.593750
-4.850000, -19023.916016, -19023.916016, 2512614.750000, 2512614.750000, -113153.210938, 287801.500000
-4.800000, 23407.251953, 23407.251953, 2525085.500000, 2525085.500000, -125436.101562, 296483.718750
-4.750000, -8317.646484, -8317.646484, 2538946.000000, 2538946.000000, -89234.781250, 275585.125000
-4.700000, -8446.875977, -8446.875977, 2544826.000000, 2544826.000000, -110823.195312, 284872.031250
-4.650000, -13928.167969, -13928.167969, 2560554.250000, 2560554.250000, -96733.835938, 293272.750000
-4.600000, -27928.400391, -27928.400391, 2565899.000000, 2565899.000000, -131605.984375, 289239.031250
-4.550000, -34681.101562, -34681.101562, 2569336.750000, 2569336.750000, -155179.375000, 281775.031250
-4.500000, -62461.683594, -62461.683594, 2582079.000000, 2582079.000000, -156575.609375, 256533.234375
-4.450000, -7030.953125, -7030.953125, 2586564.000000, 2586564.000000, -192438.375000, 274147.375000
-4.400000, 6107.832031, 6107.832031, 2603201.750000, 2603201.750000, -169597.296875, 283397.281250
-4.350000, -17333.445312, -17333.445312, 2604476.000000, 2604476.000000, -229194.968750, 276908.531250
-4.300000, 8941.710938, 8941.710938, 2602850.750000, 2602850.750000, -262907.468750, 287328.718750
-4.250000, -12075.420898, -12075.420898, 2618037.000000, 2618037.000000, -242948.390625, 270029.468750
-4.200000, -10095.802734, -10095.802734, 2609861.000000, 2609861.000000, -335513.156250, 272637.781250
-4.150000, -21340.650391, -21340.650391, 2611099.250000, 2611099.250000, -357121.125000, 274043.718750
-4.100000, 1472.607300, 1472.607300, 2611516.000000, 2611516.000000, -330973.812500, 266686.562500
-4.050000, 56784.222656, 56784.222656, 2612125.250000, 2612125.250000, -217094.750000, 284525.031250
-4.000000, 3344.790771, 3344.790771, 2640128.250000, 2640128.250000, -15001.053711, 278811.468750
-3.950000, 15944.698242, 15944.698242, 2661085.500000, 2661085.500000, 167901.609375, 282482.687500
-3.900000, -14220.304688, -14220.304688, 2681851.000000, 2681851.000000, 412027.375000, 267312.125000
-3.850000, -76807.351562, -76807.351562, 2643006.000000, 2643006.000000, 401620.281250, 237945.046875
-3.800000, 20582.517578, 20582.517578, 2592805.000000, 2592805.000000, 325218.562500, 264507.750000
-3.750000, 58300.332031, 58300.332031, 2632951.250000, 2632951.250000, 437909.406250, 272020.500000
-3.700000, 91887.195312, 91887.195312, 2650895.000000, 2650895.000000, 301202.437500, 274921.906250
-3.650000, 84847.437500, 84847.437500, 2669160.500000, 2669160.500000, 133019.234375, 289448.625000
-3.600000, 11615.830078, 11615.830078, 2710906.250000, 2710906.250000, -34833.488281, 290615.625000
-3.550000, 18014.876953, 18014.876953, 2716249.500000, 2716249.500000, -440097.656250, 303010.000000
-3.500000, -87439.273438, -87439.273438, 2759145.750000, 2759145.750000, -732548.625000, 279026.656250
-3.450000, -112827.156250, -112827.156250, 2757607.250000, 2757607.250000, -929431.500000, 271218.718750
-3.400000, -44966.347656, -44966.347656, 2691252.250000, 2691252.250000, -1096903.875000, 292311.031250
-3.350000, -60561.382812, -60561.382812, 2670912.000000, 2670912.000000, -1174066.375000, 284555.656250
-3.300000, -10372.230469, -10372.230469, 2625629.000000, 2625629.000000, -1229413.750000, 281444.312500
-3.250000, -67477.773438, -67477.773438, 2540757.250000, 2540757.250000, -1164110.250000, 248123.781250
-3.200000, -95733.273438, -95733.273438, 2448823.000000, 2448823.000000, -958004.562500, 222630.828125
-3.150000, -16628.109375, -16628.109375, 2371165.250000, 2371165.250000, -548528.375000, 227864.312500
-3.100000, -15001.123047, -15001.123047, 2382892.500000, 2382892.500000, 79257.679688, 220063.312500
-3.050000, 38369.171875, 38369.171875, 2454445.750000, 2454445.750000, 743433.500000, 239328.921875
-3.000000, 61406.136719, 61406.136719, 2580374.000000, 2580374.000000, 1264489.875000, 252283.125000
-2.950000, 110592.804688, 110592.804688, 2778956.750000, 2778956.750000, 1586227.125000, 281699.437500
-2.900000, 88986.781250, 88986.781250, 2918250.750000, 2918250.750000, 1647959.125000, 306154.312500
-2.850000, -56353.832031, -56353.832031, 2923256.250000, 2923256.250000, 1157240.750000, 268085.250000
-2.800000, -49874.652344, -49874.652344, 2908481.500000, 2908481.500000, 574325.812500, 274465.656250
-2.750000, -76038.359375, -76038.359375, 2986095.250000, 2986095.250000, 617832.625000, 292962.375000
-2.700000, -26472.730469, -26472.730469, 3125920.750000, 3125920.750000, 774001.250000, 299235.531250
-2.650000, 48644.976562, 48644.976562, 3272027.250000, 3272027.250000, 711302.375000, 316955.906250
-2.600000, 42907.886719, 42907.886719, 3442137.500000, 3442137.500000, 757345.687500, 315250.937500
-2.550000, 197054.750000, 197054.750000, 3625481.500000, 3625481.500000, 818362.687500, 338414.906250
-2.500000, 135483.453125, 135483.453125, 3792000.250000, 3792000.250000, 807524.625000, 324363.562500
-2.450000, 79105.960938, 79105.960938, 3959793.250000, 3959793.250000, 788236.250000, 315155.406250
-2.400000, 160100.671875, 160100.671875, 4129907.750000, 4129907.750000, 794633.812500, 350093.125000
-2.350000, 67001.304688, 67001.304688, 4298324.000000, 4298324.000000, 847394.875000, 353279.937500
-2.300000, 79564.218750, 79564.218750, 4470678.000000, 4470678.000000, 849490.625000, 392585.875000
-2.250000, -234.124893, -234.124893, 4635942.500000, 4635942.500000, 854302.625000, 389874.062500
-2.200000, -16346.394531, -16346.394531, 4804409.500000, 4804409.500000, 902242.000000, 372222.906250
-2.150000, 16901.488281, 16901.488281, 4974388.000000, 4974388.000000, 897900.375000, 407944.343750
-2.100000, -105255.562500, -105255.562500, 5140642.000000, 5140642.000000, 915288.312500, 397147.531250
-2.050000, 93005.890625, 93005.890625, 5313226.000000, 5313226.000000, 955106.687500, 443581.312500
-2.000000, 87072.117188, 87072.117188, 5483620.500000, 5483620.500000, 961290.437500, 480396.187500
-1.950000, -39378.496094, -39378.496094, 5663932.500000, 5663932.500000, 992193.125000, 490661.937500
-1.900000, 9577.111328, 9577.111328, 5838910.000000, 5838910.000000, 981683.937500, 546593.562500
-1.850000, -94842.679688, -94842.679688, 5998295.500000, 5998295.500000, 976054.875000, 515506.562500
-1.800000, 58986.765625, 58986.765625, 6170201.000000, 6170201.000000, 1027434.062500, 515258.343750
-1.750000, 58929.812500, 58929.812500, 6334315.500000, 6334315.500000, 1027693.125000, 508572.937500
-1.700000, 107615.039062, 107615.039062, 6507633.500000, 6507633.500000, 1069918.875000, 480578.281250
-1.650000, 285958.093750, 285958.093750, 6689876.500000, 6689876.500000, 1110232.875000, 521032.718750
-1.600000, -6536.007324, -6536.007324, 6857191.000000, 6857191.000000, 1094301.875000, 470530.718750
-1.550000, 84912.515625, 84912.515625, 7048016.000000, 7048016.000000, 1144008.875000, 484728.156250
-1.500000, 35035.242188, 35035.242188, 7230455.000000, 7230455.000000, 1167880.875000, 499729.250000
-1.450000, -147415.968750, -147415.968750, 7407722.500000, 7407722.500000, 1206364.375000, 457238.281250
-1.400000, 147276.265625, 147276.265625, 7596916.000000, 7596916.000000, 1240900.375000, 536271.687500
-1.350000, 16222.534180, 16222.534180, 7760782.500000, 7760782.500000, 1189284.000000, 522379.468750
-1.300000, -58531.199219, -58531.199219, 7938236.000000, 7938236.000000, 1142041.625000, 545033.375000
-1.250000, -469747.781250, -469747.781250, 8104933.500000, 8104933.500000, 1004710.937500, 560988.937500
-1.200000, -1061649.250000, -1061649.250000, 8263166.000000, 8263166.000000, 913341.875000, 444142.593750
-1.150000, -1018146.312500, -1018146.312500, 8448812.000000, 8448812.000000, 922713.750000, 434940.250000
-1.100000, -1021052.437500, -1021052.437500, 8641015.000000, 8641015.000000, 980924.312500, 410339.562500
-1.050000, 177594.984375, 177594.984375, 8882820.000000, 8882820.000000, 1237591.750000, 628176.625000
-1.000000, 1507670.500000, 1507670.500000, 9080795.000000, 9080795.000000, 1340109.125000, 885771.625000
-0.950000, 1726184.000000, 1726184.000000, 9192885.000000, 9192885.000000, 1240294.250000, 739774.312500
-0.900000, 2371791.500000, 2371791.500000, 9318732.000000, 9318732.000000, 1169490.375000, 664807.937500
-0.850000, 2327764.750000, 2327764.750000, 9455971.000000, 9455971.000000, 1091944.750000, 531992.812500
-0.800000, 2012049.250000, 2012049.250000, 9650189.000000, 9650189.000000, 1174524.500000, 401437.968750
-0.750000, 1998850.375000, 1998850.375000, 9855512.000000, 9855512.000000, 1234902.500000, 467557.093750
-0.700000, 1230775.375000, 1230775.375000, 10058564.000000, 10058564.000000, 1281164.875000, 442531.625000
-0.650000, 319647.843750, 319647.843750, 10309114.000000, 10309114.000000, 1358186.500000, 711166.937500
-0.600000, -1126530.625000, -1126530.625000, 10502969.000000, 10502969.000000, 1294030.750000, 1047665.250000
-0.550000, -2461566.750000, -2461566.750000, 10688108.000000, 10688108.000000, 1444154.125000, 1105539.375000
-0.500000, -3439594.500000, -3439594.500000, 10863077.000000, 10863077.000000, 1603687.750000, 1105730.250000
-0.450000, -4321540.500000, -4321540.500000, 11037414.000000, 11037414.000000, 1710262.750000, 1035070.562500
-0.400000, -4223283.500000, -4223283.500000, 11258856.000000, 11258856.000000, 1849148.125000, 1052375.625000
-0.350000, -4358102.000000, -4358102.000000, 11358965.000000, 11358965.000000, 1602613.500000, 857611.750000
-0.300000, -4093884.250000, -4093884.250000, 11446973.000000, 11446973.000000, 1446310.875000, 405173.187500
-0.250000, -3063454.000000, -3063454.000000, 11567686.000000, 11567686.000000, 1389481.875000, -65249.132812
-0.200000, -1385589.875000, -1385589.875000, 11684388.000000, 11684388.000000, 1372302.750000, -633906.187500
-0.150000, 2055775.875000, 2055775.875000, 11930092.000000, 11930092.000000, 1735717.250000, -866312.375000
-0.100000, 5215603.000000, 5215603.000000, 12189477.000000, 12189477.000000, 1817473.375000, -655673.312500
-0.050000, 8906098.000000, 8906098.000000, 12577595.000000, 12577595.000000, 1767370.125000, 225339.765625
0.000000, 11546133.000000, 11546133.000000, 12865517.000000, 12865517.000000, 1413267.875000, 1413267.875000
0.050000, 8906098.000000, 8906098.000000, 12577595.000000, 12577595.000000, 225339.765625, 1767370.125000
0.100000, 5215603.000000, 5215603.000000, 12189477.000000, 12189477.000000, -655673.312500, 1817473.375000
0.150000, 2055775.875000, 2055775.875000, 11930092.000000, 11930092.000000, -866312.375000, 1735717.250000
0.200000, -1385589.875000, -1385589.875000, 11684388.000000, 11684388.000000, -633906.187500, 1372302.750000
0.250000, -3063454.000000, -3063454.000000, 11567686.000000, 11567686.000000, -65249.132812, 1389481.875000
0.300000, -4093884.250000, -4093884.250000, 11446973.000000, 11446973.000000, 405173.187500, 1446310.875000
0.350000, -4358102.000000, -4358102.000000, 11358965.000000, 11358965.000000, 857611.750000, 1602613.500000
0.400000, -4223283.500000, -4223283.500000, 11258856.000000, 11258856.000000, 1052375.625000, 1849148.125000
0.450000, -4321540.500000, -4321540.500000, 11037414.000000, 11037414.000000, 1035070.562500, 1710262.750000
0.500000, -3439594.500000, -3439594.500000, 10863077.000000, 10863077.000000, 1105730.250000, 1603687.750000
0.550000, -2461566.750000, -2461566.750000, 10688108.000000, 10688108.000000, 1105539.375000, 1444154.125000
0.600000, -1126530.625000, -1126530.625000, 10502969.000000, 10502969.000000, 1047665.250000, 1294030.750000
0.650000, 319647.843750, 319647.843750, 10309114.000000, 10309114.000000, 711166.937500, 1358186.500000
0.700000, 1230775.375000, 1230775.375000, 10058564.000000, 10058564.000000, 442531.625000, 1281164.875000
0.750000, 1998850.375000, 1998850.375000, 9855512.000000, 9855512.000000, 467557.093750, 1234902.500000
0.800000, 2012049.250000, 2012049.250000, 9650189.000000, 9650189.000000, 401437.968750, 1174524.500000
0.850000, 2327764.750000, 2327764.750000, 9455971.000000, 9455971.000000, 531992.812500, 1091944.750000
0.900000, 2371791.500000, 2371791.500000, 9318732.000000, 9318732.000000, 664807.937500, 1169490.375000
0.950000, 1726184.000000, 1726184.000000, 9192885.000000, 9192885.000000, 739774.312500, 1240294.250000
1.000000, 1507670.500000, 1507670.500000, 9080795.000000, 9080795.000000, 885771.625000, 1340109.125000
1.050000, 177594.984375, 177594.984375, 8882820.000000, 8882820.000000, 628176.625000, 1237591.750000
1.100000, -1021052.437500, -1021052.437500, 8641015.000000, 8641015.000000, 410339.562500, 980924.312500
1.150000, -1018146.312500, -1018146.312500, 8448812.000000, 8448812.000000, 434940.250000, 922713.750000
1.200000, -1061649.250000, -1061649.250000, 8263166.000000, 8263166.000000, 444142.593750, 913341.875000
1.250000, -469747.781250, -469747.781250, 8104933.500000, 8104933.500000, 560988.937500, 1004710.937500
1.300000, -58531.199219, -58531.199219, 7938236.000000, 7938236.000000, 545033.375000, 1142041.625000
1.350000, 16222.534180, 16222.534180, 7760782.500000, 7760782.500000, 522379.468750, 1189284.000000
1.400000, 147276.265625, 147276.265625, 7596916.000000, 7596916.000000, 536271.687500, 1240900.375000
1.450000, -147415.968750, -147415.968750, 7407722.500000, 7407722.500000, 457238.281250, 1206364.375000
1.500000, 35035.242188, 35035.242188, 7230455.000000, 7230455.000000, 499729.250000, 1167880.875000
1.550000, 84912.515625, 84912.515625, 7048016.000000, 7048016.000000, 484728.156250, 1144008.875000
1.600000, -6536.007324, -6536.007324, 6857191.000000, 6857191.000000, 470530.718750, 1094301.875000
1.650000, 285958.093750, 285958.093750, 6689876.500000, 6689876.500000, 521032.718750, 1110232.875000
1.700000, 107615.039062, 107615.039062, 6507633.500000, 6507633.500000, 480578.281250, 1069918.875000
1.750000, 58929.812500, 58929.812500, 6334315.500000, 6334315.500000, 508572.937500, 1027693.125000
1.800000, 58986.765625, 58986.765625, 6170201.000000, 6170201.000000, 515258.343750, 1027434.062500
1.850000, -94842.679688, -94842.679688, 5998295.500000, 5998295.500000, 515506.562500, 976054.875000
1.900000, 9577.111328, 9577.111328, 5838910.000000, 5838910.000000, 546593.562500, 981683.937500
1.950000, -39378.496094, -39378.496094, 5663932.500000, 5663932.500000, 490661.937500, 992193.125000
2.000000, 87072.117188, 87072.117188, 5483620.500000, 5483620.500000, 480396.187500, 961290.437500
2.050000, 93005.890625, 93005.890625, 5313226.000000, 5313226.000000, 443581.312500, 955106.687500
2.100000, -105255.562500, -105255.562500, 5140642.000000, 5140642.000000, 397147.531250, 915288.312500
2.150000, 16901.488281, 16901.488281, 4974388.000000, 4974388.000000, 407944.343750, 897900.375000
2.200000, -16346.394531, -16346.394531, 4804409.500000, 4804409.500000, 372222.906250, 902242.000000
2.250000, -234.124893, -234.124893, 4635942.500000, 4635942.500000, 389874.062500, 854302.625000
2.300000, 79564.218750, 79564.218750, 4470678.000000, 4470678.000000, 392585.875000, 849490.625000
2.350000, 67001.304688, 67001.304688, 4298324.000000, 4298324.000000, 353279.937500, 847394.875000
2.400000, 160100.671875, 160100.671875, 4129907.750000, 4129907.750000, 350093.125000, 794633.812500
2.450000, 79105.960938, 79105.960938, 3959793.250000, 3959793.250000, 315155.406250, 788236.250000
2.500000, 135483.453125, 135483.453125, 3792000.250000, 3792000.250000, 324363.562500, 807524.625000
2.550000, 197054.750000, 197054.750000, 3625481.500000, 3625481.500000, 338414.906250, 818362.687500
2.600000, 42907.886719, 42907.886719, 3442137.500000, 3442137.500000, 315250.937500, 757345.687500
2.650000, 48644.976562, 48644.976562, 3272027.250000, 3272027.250000, 316955.906250, 711302.375000
2.700000, -26472.730469, -26472.730469, 3125920.750000, 3125920.750000, 299235.531250, 774001.250000
2.750000, -76038.359375, -76038.359375, 2986095.250000, 2986095.250000, 292962.375000, 617832.625000
2.800000, -49874.652344, -49874.652344, 2908481.500000, 2908481.500000, 274465.656250, 574325.812500
2.850000, -56353.832031, -56353.832031, 2923256.250000, 2923256.250000, 268085.250000, 1157240.750000
2.900000, 88986.781250, 88986.781250, 2918250.750000, 2918250.750000, 306154.312500, 1647959.125000
2.950000, 110592.804688, 110592.804688, 2778956.750000, 2778956.750000, 281699.437500, 1586227.125000
3.000000, 61406.136719, 61406.136719, 2580374.000000, 2580374.000000, 252283.125000, 1264489.875000
3.050000, 38369.171875, 38369.171875, 2454445.750000, 2454445.750000, 239328.921875, 743433.500000
3.100000, -15001.123047, -15001.123047, 2382892.500000, 2382892.500000, 220063.312500, 79257.679688
3.150000, -16628.109375, -16628.109375, 2371165.250000, 2371165.250000, 227864.312500, -548528.375000
3.200000, -95733.273438, -95733.273438, 2448823.000000, 2448823.000000, 222630.828125, -958004.562500
3.250000, -67477.773438, -67477.773438, 2540757.250000, 2540757.250000, 248123.781250, -1164110.250000
3.300000, -10372.230469, -10372.230469, 2625629.000000, 2625629.000000, 281444.312500, -1229413.750000
3.350000, -60561.382812, -60561.382812, 2670912.000000, 2670912.000000, 284555.656250, -1174066.375000
3.400000, -44966.347656, -44966.347656, 2691252.250000, 2691252.250000, 292311.031250, -1096903.875000
3.450000, -112827.156250, -112827.156250, 2757607.250000, 2757607.250000, 271218.718750, -929431.500000
3.500000, -87439.273438, -87439.273438, 2759145.750000, 2759145.750000, 279026.656250, -732548.625000
3.550000, 18014.876953, 18014.876953, 2716249.500000, 2716249.500000, 303010.000000, -440097.656250
3.600000, 11615.830078, 11615.830078, 2710906.250000, 2710906.250000, 290615.625000, -34833.488281
3.650000, 84847.437500, 84847.437500, 2669160.500000, 2669160.500000, 289448.625000, 133019.234375
3.700000, 91887.195312, 91887.195312, 2650895.000000, 2650895.000000, 274921.906250, 301202.437500
3.750000, 58300.332031, 58300.332031, 2632951.250000, 2632951.250000, 272020.500000, 437909.406250
3.800000, 20582.517578, 20582.517578, 2592805.000000, 2592805.000000, 264507.750000, 325218.562500
3.850000, -76807.351562, -76807.351562, 2643006.000000, 2643006.000000, 237945.046875, 401620.281250
3.900000, -14220.304688, -14220.304688, 2681851.000000, 2681851.000000, 267312.125000, 412027.375000
3.950000, 15944.698242, 15944.698242, 2661085.500000, 2661085.500000, 282482.687500, 167901.609375
4.000000, 3344.790771, 3344.790771, 2640128.250000, 2640128.250000, 278811.468750, -15001.053711
4.050000, 56784.222656, 56784.222656, 2612125.250000, 2612125.250000, 284525.031250, -217094.750000
4.100000, 1472.607300, 1472.607300, 2611516.000000, 2611516.000000, 266686.562500, -330973.812500
4.150000, -21340.650391, -21340.650391, 2611099.250000, 2611099.250000, 274043.718750, -357121.125000
4.200000, -10095.802734, -10095.802734, 2609861.000000, 2609861.000000, 272637.781250, -335513.156250
4.250000, -12075.420898, -12075.420898, 2618037.000000, 2618037.000000, 270029.468750, -242948.390625
4.300000, 8941.710938, 8941.710938, 2602850.750000, 2602850.750000, 287328.718750, -262907.468750
4.350000, -17333.445312, -17333.445312, 2604476.000000, 2604476.000000, 276908.531250, -229194.968750
4.400000, 6107.832031, 6107.832031, 2603201.750000, 2603201.750000, 283397.281250, -169597.296875
4.450000, -7030.953125, -7030.953125, 2586564.000000, 2586564.000000, 274147.375000, -192438.375000
4.500000, -62461.683594, -62461.683594, 2582079.000000, 2582079.000000, 256533.234375, -156575.609375
4.550000, -34681.101562, -34681.101562, 2569336.750000, 2569336.750000, 281775.031250, -155179.375000
4.600000, -27928.400391, -27928.400391, 2565899.000000, 2565899.000000, 289239.031250, -131605.984375
4.650000, -13928.167969, -13928.167969, 2560554.250000, 2560554.250000, 293272.750000, -96733.835938
4.700000, -8446.875977, -8446.875977, 2544826.000000, 2544826.000000, 284872.031250, -110823.195312
4.750000, -8317.646484, -8317.646484, 2538946.000000, 2538946.000000, 275585.125000, -89234.781250
4.800000, 23407.251953, 23407.251953, 2525085.500000, 2525085.500000, 296483.718750, -125436.101562
4.850000, -19023.916016, -19023.916016, 2512614.750000, 2512614.750000, 287801.500000, -113153.210938
4.900000, -8114.113281, -8114.113281, 2496732.500000, 2496732.500000, 295088.593750, -57668.929688
4.950000, 40236.367188, 40236.367188, 2474808.250000, 2474808.250000, 316095.000000, -86335.671875
5.000000, 11183.346680, 11183.346680, 2464466.500000, 2464466.500000, 317190.312500, -73804.164062
5.050000, 8926.681641, 8926.681641, 2446632.500000, 2446632.500000, 325682.093750, -64130.914062
5.100000, -27454.880859, -27454.880859, 2427644.250000, 2427644.250000, 299717.031250, -68699.343750
5.150000, -61824.859375, -61824.859375, 2412768.250000, 2412768.250000, 273413.781250, -66098.031250
5.200000, -19885.666016, -19885.666016, 2393226.750000, 2393226.750000, 244053.187500, -77668.328125
5.250000, -25642.472656, -25642.472656, 2377418.250000, 2377418.250000, 190354.828125, -50659.742188
5.300000, -50264.703125, -50264.703125, 2363406.750000, 2363406.750000, 182396.687500, -65814.195312
5.350000, -31549.488281, -31549.488281, 2355839.000000, 2355839.000000, 182079.171875, -62807.429688
5.400000, -5951.822266, -5951.822266, 2345772.500000, 2345772.500000, 175213.562500, -25943.935547
5.450000, -8333.361328, -8333.361328, 2328304.500000, 2328304.500000, 186997.281250, -42487.722656
5.500000, -26315.718750, -26315.718750, 2310890.500000, 2310890.500000, 192169.890625, -25546.759766
5.550000, -18199.923828, -18199.923828, 2289788.000000, 2289788.000000, 220032.390625, -33511.910156
5.600000, -8742.511719, -8742.511719, 2277038.250000, 2277038.250000, 278166.718750, -56630.609375
5.650000, -4338.410156, -4338.410156, 2257718.500000, 2257718.500000, 333900.250000, -38883.441406
5.700000, -53.353149, -53.353149, 2233332.500000, 2233332.500000, 376626.000000, -60226.039062
5.750000, 3961.025391, 3961.025391, 2232034.750000, 2232034.750000, 420970.437500, -56433.835938
5.800000, 8630.228516, 8630.228516, 2230133.250000, 2230133.250000, 457913.718750, -39234.722656
5.850000, -18066.837891, -18066.837891, 2225019.000000, 2225019.000000, 461832.406250, -48359.445312
5.900000, -9764.986328, -9764.986328, 2225338.500000, 2225338.500000, 461203.156250, -46608.996094
5.950000, 32984.566406, 32984.566406, 2225811.500000, 2225811.500000, 444056.843750, -50013.695312
6.000000, 6338.119141, 6338.119141, 2231418.000000, 2231418.000000, 377189.687500, -34741.160156
6.050000, -17343.851562, -17343.851562, 2222540.250000, 2222540.250000, 281734.656250, -36558.386719
6.100000, 1603.487549, 1603.487549, 2204068.000000, 2204068.000000, 173459.968750, -52712.945312
6.150000, -11952.956055, -11952.956055, 2181297.000000, 2181297.000000, 80232.062500, -43353.605469
6.200000, -18651.078125, -18651.078125, 2142972.500000, 2142972.500000, 4507.578125, -42820.929688
6.250000, 5075.655273, 5075.655273, 2109742.750000, 2109742.750000, -43652.832031, -28188.886719
6.300000, 8673.384766, 8673.384766, 2086459.125000, 2086459.125000, 1252.976562, -26411.621094
6.350000, -719.063660, -719.063660, 2071128.250000, 2071128.250000, 91037.234375, -41215.847656
6.400000, -3224.234375, -3224.234375, 2056879.625000, 2056879.625000, 124390.828125, -30997.136719
6.450000, -3112.148682, -3112.148682, 2028672.875000, 2028672.875000, 120178.445312, -33425.457031
6.500000, -935.899170, -935.899170, 1994161.625000, 1994161.625000, 117606.406250, -33241.652344
6.550000, -2007.078491, -2007.078491, 1952996.125000, 1952996.125000, 113553.171875, -27521.599609
6.600000, -2200.815186, -2200.815186, 1913224.250000, 1913224.250000, 110070.906250, -23466.416016
6.650000, 1296.511719, 1296.511719, 1877459.125000, 1877459.125000, 107591.359375, -11433.041992
6.700000, -880.601135, -880.601135, 1831013.750000, 1831013.750000, 105335.359375, -25439.097656
6.750000, -2880.229492, -2880.229492, 1787494.250000, 1787494.250000, 103402.468750, -39817.253906
6.800000, -3106.464355, -3106.464355, 1749537.625000, 1749537.625000, 98800.929688, -44550.007812
6.850000, -3910.952881, -3910.952881, 1709750.875000, 1709750.875000, 96653.648438, -52007.664062
6.900000, -1169.275269, -1169.275269, 1673023.375000, 1673023.375000, 96664.851562, -46641.417969
6.950000, -2743.037842, -2743.037842, 1634820.750000, 1634820.750000, 95131.085938, -43152.964844
7.000000, -4491.616211, -4491.616211, 1596436.875000, 1596436.875000, 93768.890625, -41478.781250
7.050000, -1379.299316, -1379.299316, 1557412.000000, 1557412.000000, 90789.773438, -47126.406250
7.100000, -2628.454590, -2628.454590, 1518024.250000, 1518024.250000, 88175.890625, -49717.984375
7.150000, -3629.355957, -3629.355957, 1481313.125000, 1481313.125000, 86740.929688, -44394.789062
7.200000, -3130.978027, -3130.978027, 1442485.750000, 1442485.750000, 84575.781250, -55450.925781
7.250000, -3653.632568, -3653.632568, 1407132.125000, 1407132.125000, 83732.203125, -51557.863281
7.300000, -1790.598877, -1790.598877, 1371786.625000, 1371786.625000, 82170.421875, -42224.175781
7.350000, -2416.763184, -2416.763184, 1330571.750000, 1330571.750000, 78710.859375, -49792.226562
7.400000, -3741.538086, -3741.538086, 1291860.250000, 1291860.250000, 76894.304688, -51891.898438
7.450000, -3145.914062, -3145.914062, 1255623.625000, 1255623.625000, 75829.093750, -56074.097656
7.500000, -3517.777832, -3517.777832, 1221582.750000, 1221582.750000, 72992.773438, -52080.128906
7.550000, -3189.121582, -3189.121582, 1185571.875000, 1185571.875000, 69980.578125, -51068.250000
7.600000, -3571.667236, -3571.667236, 1146534.375000, 1146534.375000, 68381.171875, -56937.703125
7.650000, -3242.976074, -3242.976074, 1111703.625000, 1111703.625000, 67101.914062, -43764.433594
7.700000, -2565.872559, -2565.872559, 1074769.000000, 1074769.000000, 64419.699219, -43823.789062
7.750000, -3361.914795, -3361.914795, 1036081.937500, 1036081.937500, 61783.347656, -49859.203125
7.800000, -2382.599854, -2382.599854, 999430.500000, 999430.500000, 60728.390625, -44480.656250
7.850000, -3214.083984, -3214.083984, 963755.812500, 963755.812500, 58621.152344, -43437.910156
7.900000, -3171.409424, -3171.409424, 930164.687500, 930164.687500, 55635.140625, -32590.339844
7.950000, -439.743011, -439.743011, 892273.187500, 892273.187500, 53669.421875, -33010.289062
8.000000, -2219.949463, -2219.949463, 855393.187500, 855393.187500, 53014.960938, -43313.882812
8.050000, -2664.904053, -2664.904053, 821007.812500, 821007.812500, 52747.140625, -36707.246094
8.100000, -974.713440, -974.713440, 782094.562500, 782094.562500, 49432.171875, -32265.218750
8.150000, -2480.069580, -2480.069580, 745590.562500, 745590.562500, 45845.218750, -31695.388672
8.200000, -2287.072021, -2287.072021, 709009.875000, 709009.875000, 44593.488281, -34160.906250
8.250000, -1103.670044, -1103.670044, 673265.000000, 673265.000000, 42035.625000, -32510.517578
8.300000, -864.665283, -864.665283, 640058.500000, 640058.500000, 39609.414062, -20706.656250
8.350000, -956.219727, -956.219727, 601394.375000, 601394.375000, 37144.304688, -19489.882812
8.400000, -1754.921509, -1754.921509, 563657.062500, 563657.062500, 33624.707031, -18078.505859
8.450000, -792.346680, -792.346680, 527741.687500, 527741.687500, 31566.332031, -13290.938477
8.500000, -94.504822, -94.504822, 492718.437500, 492718.437500, 28374.937500, -13321.748047
8.550000, -1014.372437, -1014.372437, 456922.875000, 456922.875000, 24114.753906, -11420.521484
8.600000, -703.281311, -703.281311, 417549.187500, 417549.187500, 21775.511719, -9528.486328
8.650000, 238.384888, 238.384888, 385032.718750, 385032.718750, 20742.669922, 439.380249
8.700000, -38.700554, -38.700554, 349942.281250, 349942.281250, 19287.015625, 752.301697
8.750000, -900.927124, -900.927124, 310483.000000, 310483.000000, 15814.624023, -11819.300781
8.800000, -215.922974, -215.922974, 278101.718750, 278101.718750, 13100.546875, -2618.098633
8.850000, 534.847107, 534.847107, 243055.828125, 243055.828125, 12872.184570, 4990.183594
8.900000, -194.143860, -194.143860, 205301.421875, 205301.421875, 12243.382812, -2935.906250
8.950000, -100.922356, -100.922356, 165235.078125, 165235.078125, 10069.941406, 289.188660
9.000000, 279.252136, 279.252136, 127723.476562, 127723.476562, 7700.173828, 2261.271484
9.050000, -176.227646, -176.227646, 97913.281250, 97913.281250, 6283.319824, -3513.852539
9.100000, -242.628540, -242.628540, 56076.570312, 56076.570312, 4164.216797, -2994.674561
9.150000, -27.493143, -27.493143, 14479.933594, 14479.933594, 1242.427979, -320.420105
