Time 1XX 1ZZ 2XX 2ZZ 1X2Z 1Z2X 
-9.200000, 0.000000, 0.000000, 0.000000, 0.000000, 0.000000, 0.000000
-9.150000, -27.493143, -27.493143, 167569.609375, 167569.609375, 395.401398, -11651.489258
-9.100000, -242.628540, -242.628540, 657438.750000, 657438.750000, 3706.921875, -39304.531250
-9.050000, -176.227646, -176.227646, 1147550.125000, 1147550.125000, 4434.535645, -58739.789062
-9.000000, 279.252136, 279.252136, 1484013.250000, 1484013.250000, -2747.933594, -71496.218750
-8.950000, -100.922356, -100.922356, 1926742.125000, 1926742.125000, -546.721863, -94709.781250
-8.900000, -194.143860, -194.143860, 2372160.500000, 2372160.500000, 3687.750488, -112421.335938
-8.850000, 534.847107, 534.847107, 2754321.250000, 2754321.250000, -5839.775879, -114273.703125
-8.800000, -215.922974, -215.922974, 3183970.000000, 3183970.000000, 3082.568604, -119171.273438
-8.750000, -900.927124, -900.927124, 3580161.250000, 3580161.250000, 14450.942383, -145831.734375
-8.700000, -38.700554, -38.700554, 3990008.500000, 3990008.500000, -585.760254, -174680.156250
-8.650000, 238.384888, 238.384888, 4406794.500000, 4406794.500000, -687.385376, -189312.671875
-8.600000, -703.281311, -703.281311, 4787881.500000, 4787881.500000, 11219.399414, -203011.453125
-8.550000, -1014.372437, -1014.372437, 5203600.000000, 5203600.000000, 14699.618164, -222749.125000
-8.500000, -94.504822, -94.504822, 5624844.000000, 5624844.000000, 17565.234375, -257452.656250
-8.450000, -792.346680, -792.346680, 6044216.000000, 6044216.000000, 16144.968750, -289106.593750
-8.400000, -1754.921509, -1754.921509, 6447323.000000, 6447323.000000, 21868.837891, -310061.968750
-8.350000, -956.219727, -956.219727, 6851035.500000, 6851035.500000, 24889.136719, -340439.375000
-8.300000, -864.665283, -864.665283, 7274019.000000, 7274019.000000, 26203.927734, -362391.375000
-8.250000, -1103.670044, -1103.670044, 7668935.000000, 7668935.000000, 40120.574219, -382998.093750
-8.200000, -2287.072021, -2287.072021, 8083959.500000, 8083959.500000, 42968.660156, -407820.906250
-8.150000, -2480.069580, -2480.069580, 8496571.000000, 8496571.000000, 40268.152344, -419017.656250
-8.100000, -974.713440, -974.713440, 8898371.000000, 8898371.000000, 39744.058594, -449307.281250
-8.050000, -2664.904053, -2664.904053, 9334035.000000, 9334035.000000, 45289.566406, -484372.375000
-8.000000, -2219.949463, -2219.949463, 9746530.000000, 9746530.000000, 54668.179688, -484580.468750
-7.950000, -439.743011, -439.743011, 10163656.000000, 10163656.000000, 41671.417969, -486687.468750
-7.900000, -3171.409424, -3171.409424, 10582392.000000, 10582392.000000, 40306.683594, -509653.406250
-7.850000, -3214.083984, -3214.083984, 10978308.000000, 10978308.000000, 53410.210938, -534028.875000
-7.800000, -2382.599854, -2382.599854, 11399302.000000, 11399302.000000, 55445.195312, -553634.937500
-7.750000, -3361.914795, -3361.914795, 11806458.000000, 11806458.000000, 62382.683594, -569195.437500
-7.700000, -2565.872559, -2565.872559, 12214747.000000, 12214747.000000, 53813.886719, -588116.250000
-7.650000, -3242.976074, -3242.976074, 12645064.000000, 12645064.000000, 54545.847656, -609763.875000
-7.600000, -3571.667236, -3571.667236, 13060060.000000, 13060060.000000, 71467.625000, -623677.187500
-7.550000, -3189.121582, -3189.121582, 13477114.000000, 13477114.000000, 63166.804688, -637362.062500
-7.500000, -3517.777832, -3517.777832, 13880952.000000, 13880952.000000, 65091.132812, -664132.187500
-7.450000, -3145.914062, -3145.914062, 14271915.000000, 14271915.000000, 70223.265625, -690995.312500
-7.400000, -3741.538086, -3741.538086, 14685996.000000, 14685996.000000, 64475.828125, -702724.875000
-7.350000, -2416.763184, -2416.763184, 15128173.000000, 15128173.000000, 62543.078125, -716135.625000
-7.300000, -1790.598877, -1790.598877, 15565059.000000, 15565059.000000, 52859.890625, -744007.750000
-7.250000, -3653.632568, -3653.632568, 15982038.000000, 15982038.000000, 63446.171875, -760036.750000
-7.200000, -3130.978027, -3130.978027, 16419491.000000, 16419491.000000, 69770.078125, -769133.375000
-7.150000, -3629.355957, -3629.355957, 16831718.000000, 16831718.000000, 56938.617188, -789988.000000
-7.100000, -2628.454590, -2628.454590, 17217596.000000, 17217596.000000, 60097.207031, -797882.625000
-7.050000, -1379.299316, -1379.299316, 17646030.000000, 17646030.000000, 57521.714844, -818316.687500
-7.000000, -4491.616211, -4491.616211, 18062088.000000, 18062088.000000, 53794.117188, -851587.750000
-6.950000, -2743.037842, -2743.037842, 18471098.000000, 18471098.000000, 53502.839844, -858041.625000
-6.900000, -1169.275269, -1169.275269, 18900524.000000, 18900524.000000, 58165.050781, -867420.312500
-6.850000, -3910.952881, -3910.952881, 19308916.000000, 19308916.000000, 65530.527344, -874309.875000
-6.800000, -3106.464355, -3106.464355, 19730034.000000, 19730034.000000, 54522.085938, -890763.687500
-6.750000, -2880.229492, -2880.229492, 20154936.000000, 20154936.000000, 50993.808594, -928062.312500
-6.700000, -880.601135, -880.601135, 20556812.000000, 20556812.000000, 32020.154297, -940116.562500
-6.650000, 1296.511719, 1296.511719, 20981638.000000, 20981638.000000, 13992.068359, -958501.812500
-6.600000, -2200.815186, -2200.815186, 21417338.000000, 21417338.000000, 31571.710938, -988114.500000
-6.550000, -2007.078491, -2007.078491, 21814524.000000, 21814524.000000, 34576.078125, -1011904.125000
-6.500000, -935.899170, -935.899170, 22175446.000000, 22175446.000000, 41567.859375, -1039445.437500
-6.450000, -3112.148682, -3112.148682, 22506046.000000, 22506046.000000, 42034.132812, -1067293.250000
-6.400000, -3224.234375, -3224.234375, 22715504.000000, 22715504.000000, 37740.058594, -1109625.625000
-6.350000, -719.063660, -719.063660, 22897190.000000, 22897190.000000, 51878.851562, -788188.750000
-6.300000, 8673.384766, 8673.384766, 23412762.000000, 23412762.000000, 38176.335938, 76175.187500
-6.250000, 5075.655273, 5075.655273, 24308244.000000, 24308244.000000, 43992.847656, 481699.781250
-6.200000, -18651.078125, -18651.078125, 25368772.000000, 25368772.000000, 54241.343750, -732.656250
-6.150000, -11952.956055, -11952.956055, 26368576.000000, 26368576.000000, 54106.824219, -672985.187500
-6.100000, 1603.487549, 1603.487549, 27043894.000000, 27043894.000000, 69325.539062, -1596714.875000
-6.050000, -17343.851562, -17343.851562, 27413562.000000, 27413562.000000, 36762.410156, -2741664.500000
-6.000000, 6338.119141, 6338.119141, 27593210.000000, 27593210.000000, 40455.308594, -3513893.000000
-5.950000, 32984.566406, 32984.566406, 27612654.000000, 27612654.000000, 75876.757812, -3959940.250000
-5.900000, -9764.986328, -9764.986328, 27594642.000000, 27594642.000000, 66575.671875, -4139382.500000
-5.850000, -18066.837891, -18066.837891, 27593456.000000, 27593456.000000, 63444.226562, -4064699.250000
-5.800000, 8630.228516, 8630.228516, 27614518.000000, 27614518.000000, 53471.687500, -3949062.000000
-5.750000, 3961.025391, 3961.025391, 27723000.000000, 27723000.000000, 81945.390625, -3720702.000000
-5.700000, -53.353149, -53.353149, 28093314.000000, 28093314.000000, 94980.109375, -3342507.250000
-5.650000, -4338.410156, -4338.410156, 28737874.000000, 28737874.000000, 73493.781250, -2915465.500000
-5.600000, -8742.511719, -8742.511719, 29324278.000000, 29324278.000000, 95403.867188, -2445400.750000
-5.550000, -18199.923828, -18199.923828, 29932838.000000, 29932838.000000, 58453.082031, -1963278.750000
-5.500000, -26315.718750, -26315.718750, 30797142.000000, 30797142.000000, 59002.894531, -1732839.750000
-5.450000, -8333.361328, -8333.361328, 31675932.000000, 31675932.000000, 87817.281250, -1656018.875000
-5.400000, -5951.822266, -5951.822266, 32492654.000000, 32492654.000000, 66368.148438, -1507315.375000
-5.350000, -31549.488281, -31549.488281, 33227904.000000, 33227904.000000, 128195.250000, -1592679.875000
-5.300000, -50264.703125, -50264.703125, 33827284.000000, 33827284.000000, 118212.687500, -1622437.625000
-5.250000, -25642.472656, -25642.472656, 34373916.000000, 34373916.000000, 86581.046875, -1645921.000000
-5.200000, -19885.666016, -19885.666016, 34895604.000000, 34895604.000000, 132166.781250, -2128463.500000
-5.150000, -61824.859375, -61824.859375, 35549452.000000, 35549452.000000, 116598.937500, -2411006.750000
-5.100000, -27454.880859, -27454.880859, 36181384.000000, 36181384.000000, 128492.414062, -2561763.000000
-5.050000, 8926.681641, 8926.681641, 36681032.000000, 36681032.000000, 111839.867188, -2781694.750000
-5.000000, 11183.346680, 11183.346680, 37262292.000000, 37262292.000000, 126356.265625, -2671787.500000
-4.950000, 40236.367188, 40236.367188, 37762624.000000, 37762624.000000, 171026.156250, -2606137.000000
-4.900000, -8114.113281, -8114.113281, 38261120.000000, 38261120.000000, 119057.351562, -2554697.500000
-4.850000, -19023.916016, -19023.916016, 38843148.000000, 38843148.000000, 202047.375000, -2501766.000000
-4.800000, 23407.251953, 23407.251953, 39334984.000000, 39334984.000000, 240565.125000, -2529792.000000
-4.750000, -8317.646484, -8317.646484, 39873768.000000, 39873768.000000, 180836.093750, -2427038.750000
-4.700000, -8446.875977, -8446.875977, 40369056.000000, 40369056.000000, 212834.687500, -2475381.000000
-4.650000, -13928.167969, -13928.167969, 40832796.000000, 40832796.000000, 198312.453125, -2482629.000000
-4.600000, -27928.400391, -27928.400391, 41360940.000000, 41360940.000000, 260180.671875, -2405855.750000
-4.550000, -34681.101562, -34681.101562, 41805268.000000, 41805268.000000, 271859.468750, -2411415.500000
-4.500000, -62461.683594, -62461.683594, 42348748.000000, 42348748.000000, 232229.265625, -2297448.250000
-4.450000, -7030.953125, -7030.953125, 42905512.000000, 42905512.000000, 307097.250000, -2313319.250000
-4.400000, 6107.832031, 6107.832031, 43374756.000000, 43374756.000000, 280978.718750, -2334440.750000
-4.350000, -17333.445312, -17333.445312, 43945140.000000, 43945140.000000, 351351.875000, -2321374.000000
-4.300000, 8941.710938, 8941.710938, 44451448.000000, 44451448.000000, 403853.843750, -2404676.500000
-4.250000, -12075.420898, -12075.420898, 44962132.000000, 44962132.000000, 360792.718750, -2301339.750000
-4.200000, -10095.802734, -10095.802734, 45493932.000000, 45493932.000000, 494553.625000, -2301690.000000
-4.150000, -21340.650391, -21340.650391, 45958648.000000, 45958648.000000, 510489.093750, -2352287.750000
-4.100000, 1472.607300, 1472.607300, 46520860.000000, 46520860.000000, 477419.000000, -2250579.750000
-4.050000, 56784.222656, 56784.222656, 47030536.000000, 47030536.000000, 367515.468750, -2257503.750000
-4.000000, 3344.790771, 3344.790771, 47621888.000000, 47621888.000000, 97284.250000, -2225975.000000
-3.950000, 15944.698242, 15944.698242, 48322504.000000, 48322504.000000, -123526.273438, -2218648.750000
-3.900000, -14220.304688, -14220.304688, 48820604.000000, 48820604.000000, -460433.093750, -2241442.500000
-3.850000, -76807.351562, -76807.351562, 49389572.000000, 49389572.000000, -494895.218750, -2163573.250000
-3.800000, 20582.517578, 20582.517578, 50091408.000000, 50091408.000000, -380249.781250, -2172589.250000
-3.750000, 58300.332031, 58300.332031, 50823396.000000, 50823396.000000, -535638.437500, -2205783.250000
-3.700000, 91887.195312, 91887.195312, 51648200.000000, 51648200.000000, -359215.250000, -2270583.500000
-3.650000, 84847.437500, 84847.437500, 52420992.000000, 52420992.000000, -128196.187500, -2322156.000000
-3.600000, 11615.830078, 11615.830078, 53108604.000000, 53108604.000000, 103757.617188, -2283782.000000
-3.550000, 18014.876953, 18014.876953, 53619492.000000, 53619492.000000, 643535.875000, -2294377.500000
-3.500000, -87439.273438, -87439.273438, 54112684.000000, 54112684.000000, 984661.875000, -2258284.000000
-3.450000, -112827.156250, -112827.156250, 54708936.000000, 54708936.000000, 1243195.625000, -2241282.000000
-3.400000, -44966.347656, -44966.347656, 54995612.000000, 54995612.000000, 1453611.625000, -2254509.000000
-3.350000, -60561.382812, -60561.382812, 55070064.000000, 55070064.000000, 1528997.875000, -2195710.500000
-3.300000, -10372.230469, -10372.230469, 55189224.000000, 55189224.000000, 1631772.250000, -2223006.000000
-3.250000, -67477.773438, -67477.773438, 55287932.000000, 55287932.000000, 1533396.375000, -2197429.000000
-3.200000, -95733.273438, -95733.273438, 55428992.000000, 55428992.000000, 1264776.500000, -2107316.500000
-3.150000, -16628.109375, -16628.109375, 55613292.000000, 55613292.000000, 750519.187500, -2126744.000000
-3.100000, -15001.123047, -15001.123047, 55941260.000000, 55941260.000000, -49505.218750, -2122388.250000
-3.050000, 38369.171875, 38369.171875, 56488972.000000, 56488972.000000, -895892.875000, -2128996.000000
-3.000000, 61406.136719, 61406.136719, 57251308.000000, 57251308.000000, -1592503.500000, -2164508.750000
-2.950000, 110592.804688, 110592.804688, 58254588.000000, 58254588.000000, -1942843.375000, -2135108.750000
-2.900000, 88986.781250, 88986.781250, 59196848.000000, 59196848.000000, -2020194.750000, -2122374.500000
-2.850000, -56353.832031, -56353.832031, 59852092.000000, 59852092.000000, -1459958.875000, -2148904.250000
-2.800000, -49874.652344, -49874.652344, 60211716.000000, 60211716.000000, -681900.312500, -2163418.250000
-2.750000, -76038.359375, -76038.359375, 60401184.000000, 60401184.000000, -752778.375000, -2119810.500000
-2.700000, -26472.730469, -26472.730469, 60745548.000000, 60745548.000000, -935295.937500, -2073281.875000
-2.650000, 48644.976562, 48644.976562, 61198904.000000, 61198904.000000, -830214.000000, -2077253.625000
-2.600000, 42907.886719, 42907.886719, 61589584.000000, 61589584.000000, -856678.750000, -2067337.750000
-2.550000, 197054.750000, 197054.750000, 61987880.000000, 61987880.000000, -811674.000000, -2064975.125000
-2.500000, 135483.453125, 135483.453125, 62413828.000000, 62413828.000000, -831787.375000, -2069937.125000
-2.450000, 79105.960938, 79105.960938, 62857768.000000, 62857768.000000, -829492.812500, -2097571.250000
-2.400000, 160100.671875, 160100.671875, 63284064.000000, 63284064.000000, -799178.875000, -2149483.500000
-2.350000, 67001.304688, 67001.304688, 63715984.000000, 63715984.000000, -889352.000000, -2145603.250000
-2.300000, 79564.218750, 79564.218750, 64161924.000000, 64161924.000000, -867835.312500, -2170491.250000
-2.250000, -234.124893, -234.124893, 64582548.000000, 64582548.000000, -916999.062500, -2158129.250000
-2.200000, -16346.394531, -16346.394531, 65027484.000000, 65027484.000000, -948199.000000, -2092228.250000
-2.150000, 16901.488281, 16901.488281, 65450084.000000, 65450084.000000, -968476.875000, -2146271.500000
-2.100000, -105255.562500, -105255.562500, 65885668.000000, 65885668.000000, -1113309.500000, -2135247.250000
-2.050000, 93005.890625, 93005.890625, 66350484.000000, 66350484.000000, -1080088.875000, -2068240.000000
-2.000000, 87072.117188, 87072.117188, 66757052.000000, 66757052.000000, -1096707.500000, -2076683.625000
-1.950000, -39378.496094, -39378.496094, 67236672.000000, 67236672.000000, -1100478.375000, -2030419.000000
-1.900000, 9577.111328, 9577.111328, 67756640.000000, 67756640.000000, -1041766.500000, -2019116.500000
-1.850000, -94842.679688, -94842.679688, 68239992.000000, 68239992.000000, -1140588.125000, -2011537.375000
-1.800000, 58986.765625, 58986.765625, 68736520.000000, 68736520.000000, -1055675.625000, -2013343.500000
-1.750000, 58929.812500, 58929.812500, 69156472.000000, 69156472.000000, -1026083.437500, -2098246.750000
-1.700000, 107615.039062, 107615.039062, 69540816.000000, 69540816.000000, -1054804.875000, -2090891.875000
-1.650000, 285958.093750, 285958.093750, 69915344.000000, 69915344.000000, -971214.500000, -2145139.750000
-1.600000, -6536.007324, -6536.007324, 70305992.000000, 70305992.000000, -1077559.125000, -2212521.750000
-1.550000, 84912.515625, 84912.515625, 70739576.000000, 70739576.000000, -1030640.312500, -2097545.500000
-1.500000, 35035.242188, 35035.242188, 71123632.000000, 71123632.000000, -1037810.687500, -1990832.750000
-1.450000, -147415.968750, -147415.968750, 71577104.000000, 71577104.000000, -1168952.625000, -1902906.875000
-1.400000, 147276.265625, 147276.265625, 72046912.000000, 72046912.000000, -998686.750000, -1906998.750000
-1.350000, 16222.534180, 16222.534180, 72483712.000000, 72483712.000000, -936269.875000, -1923640.125000
-1.300000, -58531.199219, -58531.199219, 72964056.000000, 72964056.000000, -882183.750000, -1908420.500000
-1.250000, -469747.781250, -469747.781250, 73345200.000000, 73345200.000000, -855096.500000, -1987836.750000
-1.200000, -1061649.250000, -1061649.250000, 73831952.000000, 73831952.000000, -1084546.875000, -1797885.375000
-1.150000, -1018146.312500, -1018146.312500, 74440120.000000, 74440120.000000, -1444302.625000, -1686112.250000
-1.100000, -1021052.437500, -1021052.437500, 74930464.000000, 74930464.000000, -2115661.250000, -1993909.875000
-1.050000, 177594.984375, 177594.984375, 75361472.000000, 75361472.000000, -2494949.000000, -2159177.500000
-1.000000, 1507670.500000, 1507670.500000, 75601856.000000, 75601856.000000, -2474128.750000, -2135204.000000
-0.950000, 1726184.000000, 1726184.000000, 75883672.000000, 75883672.000000, -2309356.750000, -1942187.625000
-0.900000, 2371791.500000, 2371791.500000, 76482032.000000, 76482032.000000, -1694744.125000, -1703358.125000
-0.850000, 2327764.750000, 2327764.750000, 77247952.000000, 77247952.000000, -1315203.125000, -1655539.875000
-0.800000, 2012049.250000, 2012049.250000, 78128152.000000, 78128152.000000, -994156.250000, -1993565.500000
-0.750000, 1998850.375000, 1998850.375000, 78727672.000000, 78727672.000000, -291474.312500, -2926171.500000
-0.700000, 1230775.375000, 1230775.375000, 79042088.000000, 79042088.000000, 289227.968750, -3494034.250000
-0.650000, 319647.843750, 319647.843750, 79332728.000000, 79332728.000000, 831983.875000, -3677792.500000
-0.600000, -1126530.625000, -1126530.625000, 79396520.000000, 79396520.000000, 895814.500000, -4292874.500000
-0.550000, -2461566.750000, -2461566.750000, 79391456.000000, 79391456.000000, 493200.406250, -4549849.000000
-0.500000, -3439594.500000, -3439594.500000, 79173792.000000, 79173792.000000, -54588.460938, -4116532.000000
-0.450000, -4321540.500000, -4321540.500000, 78717624.000000, 78717624.000000, -925303.437500, -3239354.500000
-0.400000, -4223283.500000, -4223283.500000, 78605784.000000, 78605784.000000, -1526956.875000, -2116873.500000
-0.350000, -4358102.000000, -4358102.000000, 78831352.000000, 78831352.000000, -2345285.250000, -854271.625000
-0.300000, -4093884.250000, -4093884.250000, 79417104.000000, 79417104.000000, -3617826.250000, 850634.375000
-0.250000, -3063454.000000, -3063454.000000, 80395432.000000, 80395432.000000, -4709673.500000, 2311393.500000
-0.200000, -1385589.875000, -1385589.875000, 81798944.000000, 81798944.000000, -5898284.000000, 3492010.750000
-0.150000, 2055775.875000, 2055775.875000, 83769400.000000, 83769400.000000, -6518943.500000, 4284500.500000
-0.100000, 5215603.000000, 5215603.000000, 85908008.000000, 85908008.000000, -6172913.000000, 3391149.000000
-0.050000, 8906098.000000, 8906098.000000, 88123136.000000, 88123136.000000, -4716249.000000, 1182376.250000
0.000000, 11546133.000000, 11546133.000000, 89433384.000000, 89433384.000000, -1799539.500000, -1799539.500000
0.050000, 8906098.000000, 8906098.000000, 88123136.000000, 88123136.000000, 1182376.250000, -4716249.000000
0.100000, 5215603.000000, 5215603.000000, 85908008.000000, 85908008.000000, 3391149.000000, -6172913.000000
0.150000, 2055775.875000, 2055775.875000, 83769400.000000, 83769400.000000, 4284500.500000, -6518943.500000
0.200000, -1385589.875000, -1385589.875000, 81798944.000000, 81798944.000000, 3492010.750000, -5898284.000000
0.250000, -3063454.000000, -3063454.000000, 80395432.000000, 80395432.000000, 2311393.500000, -4709673.500000
0.300000, -4093884.250000, -4093884.250000, 79417104.000000, 79417104.000000, 850634.375000, -3617826.250000
0.350000, -4358102.000000, -4358102.000000, 78831352.000000, 78831352.000000, -854271.625000, -2345285.250000
0.400000, -4223283.500000, -4223283.500000, 78605784.000000, 78605784.000000, -2116873.500000, -1526956.875000
0.450000, -4321540.500000, -4321540.500000, 78717624.000000, 78717624.000000, -3239354.500000, -925303.437500
0.500000, -3439594.500000, -3439594.500000, 79173792.000000, 79173792.000000, -4116532.000000, -54588.460938
0.550000, -2461566.750000, -2461566.750000, 79391456.000000, 79391456.000000, -4549849.000000, 493200.406250
0.600000, -1126530.625000, -1126530.625000, 79396520.000000, 79396520.000000, -4292874.500000, 895814.500000
0.650000, 319647.843750, 319647.843750, 79332728.000000, 79332728.000000, -3677792.500000, 831983.875000
0.700000, 1230775.375000, 1230775.375000, 79042088.000000, 79042088.000000, -3494034.250000, 289227.968750
0.750000, 1998850.375000, 1998850.375000, 78727672.000000, 78727672.000000, -2926171.500000, -291474.312500
0.800000, 2012049.250000, 2012049.250000, 78128152.000000, 78128152.000000, -1993565.500000, -994156.250000
0.850000, 2327764.750000, 2327764.750000, 77247952.000000, 77247952.000000, -1655539.875000, -1315203.125000
0.900000, 2371791.500000, 2371791.500000, 76482032.000000, 76482032.000000, -1703358.125000, -1694744.125000
0.950000, 1726184.000000, 1726184.000000, 75883672.000000, 75883672.000000, -1942187.625000, -2309356.750000
1.000000, 1507670.500000, 1507670.500000, 75601856.000000, 75601856.000000, -2135204.000000, -2474128.750000
1.050000, 177594.984375, 177594.984375, 75361472.000000, 75361472.000000, -2159177.500000, -2494949.000000
1.100000, -1021052.437500, -1021052.437500, 74930464.000000, 74930464.000000, -1993909.875000, -2115661.250000
1.150000, -1018146.312500, -1018146.312500, 74440120.000000, 74440120.000000, -1686112.250000, -1444302.625000
1.200000, -1061649.250000, -1061649.250000, 73831952.000000, 73831952.000000, -1797885.375000, -1084546.875000
1.250000, -469747.781250, -469747.781250, 73345200.000000, 73345200.000000, -1987836.750000, -855096.500000
1.300000, -58531.199219, -58531.199219, 72964056.000000, 72964056.000000, -1908420.500000, -882183.750000
1.350000, 16222.534180, 16222.534180, 72483712.000000, 72483712.000000, -1923640.125000, -936269.875000
1.400000, 147276.265625, 147276.265625, 72046912.000000, 72046912.000000, -1906998.750000, -998686.750000
1.450000, -147415.968750, -147415.968750, 71577104.000000, 71577104.000000, -1902906.875000, -1168952.625000
1.500000, 35035.242188, 35035.242188, 71123632.000000, 71123632.000000, -1990832.750000, -1037810.687500
1.550000, 84912.515625, 84912.515625, 70739576.000000, 70739576.000000, -2097545.500000, -1030640.312500
1.600000, -6536.007324, -6536.007324, 70305992.000000, 70305992.000000, -2212521.750000, -1077559.125000
1.650000, 285958.093750, 285958.093750, 69915344.000000, 69915344.000000, -2145139.750000, -971214.500000
1.700000, 107615.039062, 107615.039062, 69540816.000000, 69540816.000000, -2090891.875000, -1054804.875000
1.750000, 58929.812500, 58929.812500, 69156472.000000, 69156472.000000, -2098246.750000, -1026083.437500
1.800000, 58986.765625, 58986.765625, 68736520.000000, 68736520.000000, -2013343.500000, -1055675.625000
1.850000, -94842.679688, -94842.679688, 68239992.000000, 68239992.000000, -2011537.375000, -1140588.125000
1.900000, 9577.111328, 9577.111328, 67756640.000000, 67756640.000000, -2019116.500000, -1041766.500000
1.950000, -39378.496094, -39378.496094, 67236672.000000, 67236672.000000, -2030419.000000, -1100478.375000
2.000000, 87072.117188, 87072.117188, 66757052.000000, 66757052.000000, -2076683.625000, -1096707.500000
2.050000, 93005.890625, 93005.890625, 66350484.000000, 66350484.000000, -2068240.000000, -1080088.875000
2.100000, -105255.562500, -105255.562500, 65885668.000000, 65885668.000000, -2135247.250000, -1113309.500000
2.150000, 16901.488281, 16901.488281, 65450084.000000, 65450084.000000, -2146271.500000, -968476.875000
2.200000, -16346.394531, -16346.394531, 65027484.000000, 65027484.000000, -2092228.250000, -948199.000000
2.250000, -234.124893, -234.124893, 64582548.000000, 64582548.000000, -2158129.250000, -916999.062500
2.300000, 79564.218750, 79564.218750, 64161924.000000, 64161924.000000, -2170491.250000, -867835.312500
2.350000, 67001.304688, 67001.304688, 63715984.000000, 63715984.000000, -2145603.250000, -889352.000000
2.400000, 160100.671875, 160100.671875, 63284064.000000, 63284064.000000, -2149483.500000, -799178.875000
2.450000, 79105.960938, 79105.960938, 62857768.000000, 62857768.000000, -2097571.250000, -829492.812500
2.500000, 135483.453125, 135483.453125, 62413828.000000, 62413828.000000, -2069937.125000, -831787.375000
2.550000, 197054.750000, 197054.750000, 61987880.000000, 61987880.000000, -2064975.125000, -811674.000000
2.600000, 42907.886719, 42907.886719, 61589584.000000, 61589584.000000, -2067337.750000, -856678.750000
2.650000, 48644.976562, 48644.976562, 61198904.000000, 61198904.000000, -2077253.625000, -830214.000000
2.700000, -26472.730469, -26472.730469, 60745548.000000, 60745548.000000, -2073281.875000, -935295.937500
2.750000, -76038.359375, -76038.359375, 60401184.000000, 60401184.000000, -2119810.500000, -752778.375000
2.800000, -49874.652344, -49874.652344, 60211716.000000, 60211716.000000, -2163418.250000, -681900.312500
2.850000, -56353.832031, -56353.832031, 59852092.000000, 59852092.000000, -2148904.250000, -1459958.875000
2.900000, 88986.781250, 88986.781250, 59196848.000000, 59196848.000000, -2122374.500000, -2020194.750000
2.950000, 110592.804688, 110592.804688, 58254588.000000, 58254588.000000, -2135108.750000, -1942843.375000
3.000000, 61406.136719, 61406.136719, 57251308.000000, 57251308.000000, -2164508.750000, -1592503.500000
3.050000, 38369.171875, 38369.171875, 56488972.000000, 56488972.000000, -2128996.000000, -895892.875000
3.100000, -15001.123047, -15001.123047, 55941260.000000, 55941260.000000, -2122388.250000, -49505.218750
3.150000, -16628.109375, -16628.109375, 55613292.000000, 55613292.000000, -2126744.000000, 750519.187500
3.200000, -95733.273438, -95733.273438, 55428992.000000, 55428992.000000, -2107316.500000, 1264776.500000
3.250000, -67477.773438, -67477.773438, 55287932.000000, 55287932.000000, -2197429.000000, 1533396.375000
3.300000, -10372.230469, -10372.230469, 55189224.000000, 55189224.000000, -2223006.000000, 1631772.250000
3.350000, -60561.382812, -60561.382812, 55070064.000000, 55070064.000000, -2195710.500000, 1528997.875000
3.400000, -44966.347656, -44966.347656, 54995612.000000, 54995612.000000, -2254509.000000, 1453611.625000
3.450000, -112827.156250, -112827.156250, 54708936.000000, 54708936.000000, -2241282.000000, 1243195.625000
3.500000, -87439.273438, -87439.273438, 54112684.000000, 54112684.000000, -2258284.000000, 984661.875000
3.550000, 18014.876953, 18014.876953, 53619492.000000, 53619492.000000, -2294377.500000, 643535.875000
3.600000, 11615.830078, 11615.830078, 53108604.000000, 53108604.000000, -2283782.000000, 103757.617188
3.650000, 84847.437500, 84847.437500, 52420992.000000, 52420992.000000, -2322156.000000, -128196.187500
3.700000, 91887.195312, 91887.195312, 51648200.000000, 51648200.000000, -2270583.500000, -359215.250000
3.750000, 58300.332031, 58300.332031, 50823396.000000, 50823396.000000, -2205783.250000, -535638.437500
3.800000, 20582.517578, 20582.517578, 50091408.000000, 50091408.000000, -2172589.250000, -380249.781250
3.850000, -76807.351562, -76807.351562, 49389572.000000, 49389572.000000, -2163573.250000, -494895.218750
3.900000, -14220.304688, -14220.304688, 48820604.000000, 48820604.000000, -2241442.500000, -460433.093750
3.950000, 15944.698242, 15944.698242, 48322504.000000, 48322504.000000, -2218648.750000, -123526.273438
4.000000, 3344.790771, 3344.790771, 47621888.000000, 47621888.000000, -2225975.000000, 97284.250000
4.050000, 56784.222656, 56784.222656, 47030536.000000, 47030536.000000, -2257503.750000, 367515.468750
4.100000, 1472.607300, 1472.607300, 46520860.000000, 46520860.000000, -2250579.750000, 477419.000000
4.150000, -21340.650391, -21340.650391, 45958648.000000, 45958648.000000, -2352287.750000, 510489.093750
4.200000, -10095.802734, -10095.802734, 45493932.000000, 45493932.000000, -2301690.000000, 494553.625000
4.250000, -12075.420898, -12075.420898, 44962132.000000, 44962132.000000, -2301339.750000, 360792.718750
4.300000, 8941.710938, 8941.710938, 44451448.000000, 44451448.000000, -2404676.500000, 403853.843750
4.350000, -17333.445312, -17333.445312, 43945140.000000, 43945140.000000, -2321374.000000, 351351.875000
4.400000, 6107.832031, 6107.832031, 43374756.000000, 43374756.000000, -2334440.750000, 280978.718750
4.450000, -7030.953125, -7030.953125, 42905512.000000, 42905512.000000, -2313319.250000, 307097.250000
4.500000, -62461.683594, -62461.683594, 42348748.000000, 42348748.000000, -2297448.250000, 232229.265625
4.550000, -34681.101562, -34681.101562, 41805268.000000, 41805268.000000, -2411415.500000, 271859.468750
4.600000, -27928.400391, -27928.400391, 41360940.000000, 41360940.000000, -2405855.750000, 260180.671875
4.650000, -13928.167969, -13928.167969, 40832796.000000, 40832796.000000, -2482629.000000, 198312.453125
4.700000, -8446.875977, -8446.875977, 40369056.000000, 40369056.000000, -2475381.000000, 212834.687500
4.750000, -8317.646484, -8317.646484, 39873768.000000, 39873768.000000, -2427038.750000, 180836.093750
4.800000, 23407.251953, 23407.251953, 39334984.000000, 39334984.000000, -2529792.000000, 240565.125000
4.850000, -19023.916016, -19023.916016, 38843148.000000, 38843148.000000, -2501766.000000, 202047.375000
4.900000, -8114.113281, -8114.113281, 38261120.000000, 38261120.000000, -2554697.500000, 119057.351562
4.950000, 40236.367188, 40236.367188, 37762624.000000, 37762624.000000, -2606137.000000, 171026.156250
5.000000, 11183.346680, 11183.346680, 37262292.000000, 37262292.000000, -2671787.500000, 126356.265625
5.050000, 8926.681641, 8926.681641, 36681032.000000, 36681032.000000, -2781694.750000, 111839.867188
5.100000, -27454.880859, -27454.880859, 36181384.000000, 36181384.000000, -2561763.000000, 128492.414062
5.150000, -61824.859375, -61824.859375, 35549452.000000, 35549452.000000, -2411006.750000, 116598.937500
5.200000, -19885.666016, -19885.666016, 34895604.000000, 34895604.000000, -2128463.500000, 132166.781250
5.250000, -25642.472656, -25642.472656, 34373916.000000, 34373916.000000, -1645921.000000, 86581.046875
5.300000, -50264.703125, -50264.703125, 33827284.000000, 33827284.000000, -1622437.625000, 118212.687500
5.350000, -31549.488281, -31549.488281, 33227904.000000, 33227904.000000, -1592679.875000, 128195.250000
5.400000, -5951.822266, -5951.822266, 32492654.000000, 32492654.000000, -1507315.375000, 66368.148438
5.450000, -8333.361328, -8333.361328, 31675932.000000, 31675932.000000, -1656018.875000, 87817.281250
5.500000, -26315.718750, -26315.718750, 30797142.000000, 30797142.000000, -1732839.750000, 59002.894531
5.550000, -18199.923828, -18199.923828, 29932838.000000, 29932838.000000, -1963278.750000, 58453.082031
5.600000, -8742.511719, -8742.511719, 29324278.000000, 29324278.000000, -2445400.750000, 95403.867188
5.650000, -4338.410156, -4338.410156, 28737874.000000, 28737874.000000, -2915465.500000, 73493.781250
5.700000, -53.353149, -53.353149, 28093314.000000, 28093314.000000, -3342507.250000, 94980.109375
5.750000, 3961.025391, 3961.025391, 27723000.000000, 27723000.000000, -3720702.000000, 81945.390625
5.800000, 8630.228516, 8630.228516, 27614518.000000, 27614518.000000, -3949062.000000, 53471.687500
5.850000, -18066.837891, -18066.837891, 27593456.000000, 27593456.000000, -4064699.250000, 63444.226562
5.900000, -9764.986328, -9764.986328, 27594642.000000, 27594642.000000, -4139382.500000, 66575.671875
5.950000, 32984.566406, 32984.566406, 27612654.000000, 27612654.000000, -3959940.250000, 75876.757812
6.000000, 6338.119141, 6338.119141, 27593210.000000, 27593210.000000, -3513893.000000, 40455.308594
6.050000, -17343.851562, -17343.851562, 27413562.000000, 27413562.000000, -2741664.500000, 36762.410156
6.100000, 1603.487549, 1603.487549, 27043894.000000, 27043894.000000, -1596714.875000, 69325.539062
6.150000, -11952.956055, -11952.956055, 26368576.000000, 26368576.000000, -672985.187500, 54106.824219
6.200000, -18651.078125, -18651.078125, 25368772.000000, 25368772.000000, -732.656250, 54241.343750
6.250000, 5075.655273, 5075.655273, 24308244.000000, 24308244.000000, 481699.781250, 43992.847656
6.300000, 8673.384766, 8673.384766, 23412762.000000, 23412762.000000, 76175.187500, 38176.335938
6.350000, -719.063660, -719.063660, 22897190.000000, 22897190.000000, -788188.750000, 51878.851562
6.400000, -3224.234375, -3224.234375, 22715504.000000, 22715504.000000, -1109625.625000, 37740.058594
6.450000, -3112.148682, -3112.148682, 22506046.000000, 22506046.000000, -1067293.250000, 42034.132812
6.500000, -935.899170, -935.899170, 22175446.000000, 22175446.000000, -1039445.437500, 41567.859375
6.550000, -2007.078491, -2007.078491, 21814524.000000, 21814524.000000, -1011904.125000, 34576.078125
6.600000, -2200.815186, -2200.815186, 21417338.000000, 21417338.000000, -988114.500000, 31571.710938
6.650000, 1296.511719, 1296.511719, 20981638.000000, 20981638.000000, -958501.812500, 13992.068359
6.700000, -880.601135, -880.601135, 20556812.000000, 20556812.000000, -940116.562500, 32020.154297
6.750000, -2880.229492, -2880.229492, 20154936.000000, 20154936.000000, -928062.312500, 50993.808594
6.800000, -3106.464355, -3106.464355, 19730034.000000, 19730034.000000, -890763.687500, 54522.085938
6.850000, -3910.952881, -3910.952881, 19308916.000000, 19308916.000000, -874309.875000, 65530.527344
6.900000, -1169.275269, -1169.275269, 18900524.000000, 18900524.000000, -867420.312500, 58165.050781
6.950000, -2743.037842, -2743.037842, 18471098.000000, 18471098.000000, -858041.625000, 53502.839844
7.000000, -4491.616211, -4491.616211, 18062088.000000, 18062088.000000, -851587.750000, 53794.117188
7.050000, -1379.299316, -1379.299316, 17646030.000000, 17646030.000000, -818316.687500, 57521.714844
7.100000, -2628.454590, -2628.454590, 17217596.000000, 17217596.000000, -797882.625000, 60097.207031
7.150000, -3629.355957, -3629.355957, 16831718.000000, 16831718.000000, -789988.000000, 56938.617188
7.200000, -3130.978027, -3130.978027, 16419491.000000, 16419491.000000, -769133.375000, 69770.078125
7.250000, -3653.632568, -3653.632568, 15982038.000000, 15982038.000000, -760036.750000, 63446.171875
7.300000, -1790.598877, -1790.598877, 15565059.000000, 15565059.000000, -744007.750000, 52859.890625
7.350000, -2416.763184, -2416.763184, 15128173.000000, 15128173.000000, -716135.625000, 62543.078125
7.400000, -3741.538086, -3741.538086, 14685996.000000, 14685996.000000, -702724.875000, 64475.828125
7.450000, -3145.914062, -3145.914062, 14271915.000000, 14271915.000000, -690995.312500, 70223.265625
7.500000, -3517.777832, -3517.777832, 13880952.000000, 13880952.000000, -664132.187500, 65091.132812
7.550000, -3189.121582, -3189.121582, 13477114.000000, 13477114.000000, -637362.062500, 63166.804688
7.600000, -3571.667236, -3571.667236, 13060060.000000, 13060060.000000, -623677.187500, 71467.625000
7.650000, -3242.976074, -3242.976074, 12645064.000000, 12645064.000000, -609763.875000, 54545.847656
7.700000, -2565.872559, -2565.872559, 12214747.000000, 12214747.000000, -588116.250000, 53813.886719
7.750000, -3361.914795, -3361.914795, 11806458.000000, 11806458.000000, -569195.437500, 62382.683594
7.800000, -2382.599854, -2382.599854, 11399302.000000, 11399302.000000, -553634.937500, 55445.195312
7.850000, -3214.083984, -3214.083984, 10978308.000000, 10978308.000000, -534028.875000, 53410.210938
7.900000, -3171.409424, -3171.409424, 10582392.000000, 10582392.000000, -509653.406250, 40306.683594
7.950000, -439.743011, -439.743011, 10163656.000000, 10163656.000000, -486687.468750, 41671.417969
8.000000, -2219.949463, -2219.949463, 9746530.000000, 9746530.000000, -484580.468750, 54668.179688
8.050000, -2664.904053, -2664.904053, 9334035.000000, 9334035.000000, -484372.375000, 45289.566406
8.100000, -974.713440, -974.713440, 8898371.000000, 8898371.000000, -449307.281250, 39744.058594
8.150000, -2480.069580, -2480.069580, 8496571.000000, 8496571.000000, -419017.656250, 40268.152344
8.200000, -2287.072021, -2287.072021, 8083959.500000, 8083959.500000, -407820.906250, 42968.660156
8.250000, -1103.670044, -1103.670044, 7668935.000000, 7668935.000000, -382998.093750, 40120.574219
8.300000, -864.665283, -864.665283, 7274019.000000, 7274019.000000, -362391.375000, 26203.927734
8.350000, -956.219727, -956.219727, 6851035.500000, 6851035.500000, -340439.375000, 24889.136719
8.400000, -1754.921509, -1754.921509, 6447323.000000, 6447323.000000, -310061.968750, 21868.837891
8.450000, -792.346680, -792.346680, 6044216.000000, 6044216.000000, -289106.593750, 16144.968750
8.500000, -94.504822, -94.504822, 5624844.000000, 5624844.000000, -257452.656250, 17565.234375
8.550000, -1014.372437, -1014.372437, 5203600.000000, 5203600.000000, -222749.125000, 14699.618164
8.600000, -703.281311, -703.281311, 4787881.500000, 4787881.500000, -203011.453125, 11219.399414
8.650000, 238.384888, 238.384888, 4406794.500000, 4406794.500000, -189312.671875, -687.385376
8.700000, -38.700554, -38.700554, 3990008.500000, 3990008.500000, -174680.156250, -585.760254
8.750000, -900.927124, -900.927124, 3580161.250000, 3580161.250000, -145831.734375, 14450.942383
8.800000, -215.922974, -215.922974, 3183970.000000, 3183970.000000, -119171.273438, 3082.568604
8.850000, 534.847107, 534.847107, 2754321.250000, 2754321.250000, -114273.703125, -5839.775879
8.900000, -194.143860, -194.143860, 2372160.500000, 2372160.500000, -112421.335938, 3687.750488
8.950000, -100.922356, -100.922356, 1926742.125000, 1926742.125000, -94709.781250, -546.721863
9.000000, 279.252136, 279.252136, 1484013.250000, 1484013.250000, -71496.218750, -2747.933594
9.050000, -176.227646, -176.227646, 1147550.125000, 1147550.125000, -58739.789062, 4434.535645
9.100000, -242.628540, -242.628540, 657438.750000, 657438.750000, -39304.531250, 3706.921875
9.150000, -27.493143, -27.493143, 167569.609375, 167569.609375, -11651.489258, 395.401398
