Time 1XX 1ZZ 2XX 2ZZ 1X2Z 1Z2X 
-9.300000, 0.000000, 0.000000, 0.000000, 0.000000, 0.000000, 0.000000
-9.250000, -76.104591, -76.104591, 173715.828125, 173715.828125, 1173.766968, -11263.370117
-9.200000, -504.310791, -504.310791, 662145.062500, 662145.062500, 8009.997070, -40706.109375
-9.150000, -1126.890747, -1126.890747, 1116934.500000, 1116934.500000, 19232.371094, -61351.507812
-9.100000, -1248.087402, -1248.087402, 1437460.500000, 1437460.500000, 24560.271484, -72182.375000
-9.050000, -1702.575928, -1702.575928, 1902439.500000, 1902439.500000, 34013.929688, -93351.945312
-9.000000, -2819.718018, -2819.718018, 2313134.250000, 2313134.250000, 54083.207031, -110758.593750
-8.950000, -2638.739258, -2638.739258, 2648873.250000, 2648873.250000, 56517.687500, -130255.796875
-8.900000, -2668.493896, -2668.493896, 3098966.000000, 3098966.000000, 57660.625000, -145485.484375
-8.850000, -3769.155273, -3769.155273, 3497088.000000, 3497088.000000, 80081.382812, -149793.859375
-8.800000, -3422.060303, -3422.060303, 3877000.750000, 3877000.750000, 82900.085938, -170007.687500
-8.750000, -3434.926758, -3434.926758, 4278747.500000, 4278747.500000, 78055.617188, -177808.843750
-8.700000, -3361.857422, -3361.857422, 4667921.500000, 4667921.500000, 89910.421875, -175419.468750
-8.650000, -2935.713623, -2935.713623, 5100264.500000, 5100264.500000, 94751.859375, -197764.578125
-8.600000, -4649.996094, -4649.996094, 5489155.500000, 5489155.500000, 102557.671875, -219704.062500
-8.550000, -4075.587646, -4075.587646, 5871844.500000, 5871844.500000, 107450.460938, -237866.875000
-8.500000, -3427.998291, -3427.998291, 6274531.000000, 6274531.000000, 110581.726562, -258706.812500
-8.450000, -5784.256836, -5784.256836, 6667544.000000, 6667544.000000, 126536.718750, -273214.000000
-8.400000, -5409.400879, -5409.400879, 7084250.000000, 7084250.000000, 128729.367188, -286575.562500
-8.350000, -5405.980469, -5405.980469, 7462268.500000, 7462268.500000, 137746.500000, -299773.843750
-8.300000, -6767.609863, -6767.609863, 7855723.000000, 7855723.000000, 158679.609375, -305495.625000
-8.250000, -6319.826172, -6319.826172, 8273466.000000, 8273466.000000, 161313.562500, -319887.437500
-8.200000, -7115.475586, -7115.475586, 8648186.000000, 8648186.000000, 168092.203125, -352855.562500
-8.150000, -7573.941406, -7573.941406, 9040085.000000, 9040085.000000, 181452.796875, -351612.406250
-8.100000, -6474.890625, -6474.890625, 9437643.000000, 9437643.000000, 189355.515625, -339715.375000
-8.050000, -6787.023926, -6787.023926, 9840131.000000, 9840131.000000, 189184.312500, -369888.875000
-8.000000, -7878.146973, -7878.146973, 10233664.000000, 10233664.000000, 190657.406250, -380270.968750
-7.950000, -6786.118652, -6786.118652, 10605303.000000, 10605303.000000, 208934.250000, -378502.125000
-7.900000, -6667.391113, -6667.391113, 11013170.000000, 11013170.000000, 214334.468750, -404630.875000
-7.850000, -9269.099609, -9269.099609, 11398442.000000, 11398442.000000, 215620.968750, -424198.718750
-7.800000, -7848.912109, -7848.912109, 11783212.000000, 11783212.000000, 228963.968750, -441331.406250
-7.750000, -7214.576660, -7214.576660, 12207539.000000, 12207539.000000, 232423.281250, -452933.062500
-7.700000, -10208.527344, -10208.527344, 12597348.000000, 12597348.000000, 241867.328125, -455754.468750
-7.650000, -9366.333008, -9366.333008, 12981871.000000, 12981871.000000, 250293.500000, -480554.937500
-7.600000, -9756.124023, -9756.124023, 13369229.000000, 13369229.000000, 254757.562500, -511353.531250
-7.550000, -10755.555664, -10755.555664, 13757532.000000, 13757532.000000, 268670.687500, -519454.031250
-7.500000, -9415.111328, -9415.111328, 14163666.000000, 14163666.000000, 270238.812500, -512054.750000
-7.450000, -11188.992188, -11188.992188, 14552264.000000, 14552264.000000, 281118.281250, -530531.437500
-7.400000, -11715.364258, -11715.364258, 14952937.000000, 14952937.000000, 304259.968750, -568410.625000
-7.350000, -10684.232422, -10684.232422, 15352193.000000, 15352193.000000, 305195.843750, -577383.750000
-7.300000, -11556.254883, -11556.254883, 15732340.000000, 15732340.000000, 305555.531250, -599094.187500
-7.250000, -12494.466797, -12494.466797, 16130330.000000, 16130330.000000, 317892.156250, -624859.000000
-7.200000, -12776.790039, -12776.790039, 16517898.000000, 16517898.000000, 327298.937500, -619224.750000
-7.150000, -12151.697266, -12151.697266, 16906912.000000, 16906912.000000, 336179.250000, -641800.750000
-7.100000, -13368.440430, -13368.440430, 17306456.000000, 17306456.000000, 345707.562500, -662112.125000
-7.050000, -13204.447266, -13204.447266, 17686102.000000, 17686102.000000, 351624.718750, -663898.125000
-7.000000, -12917.065430, -12917.065430, 18047612.000000, 18047612.000000, 361093.250000, -680105.812500
-6.950000, -15628.447266, -15628.447266, 18366614.000000, 18366614.000000, 371751.218750, -684083.500000
-6.900000, -12893.923828, -12893.923828, 18596588.000000, 18596588.000000, 371113.031250, -676340.437500
-6.850000, -11472.668945, -11472.668945, 18746606.000000, 18746606.000000, 379417.281250, -520548.781250
-6.800000, -9337.873047, -9337.873047, 19078176.000000, 19078176.000000, 397882.968750, -134554.031250
-6.750000, 1586.780762, 1586.780762, 19760698.000000, 19760698.000000, 406527.656250, 248167.687500
-6.700000, 4728.620605, 4728.620605, 20611544.000000, 20611544.000000, 421446.343750, 311502.562500
-6.650000, 4400.484375, 4400.484375, 21637258.000000, 21637258.000000, 443655.281250, 10719.437500
-6.600000, 4182.138672, 4182.138672, 22713514.000000, 22713514.000000, 465874.125000, -385438.968750
-6.550000, -9106.875977, -9106.875977, 23454242.000000, 23454242.000000, 481175.468750, -1153820.750000
-6.500000, -34774.582031, -34774.582031, 23843492.000000, 23843492.000000, 489277.031250, -2328791.500000
-6.450000, -60932.007812, -60932.007812, 24005520.000000, 24005520.000000, 510749.562500, -3049296.250000
-6.400000, -68592.320312, -68592.320312, 24087492.000000, 24087492.000000, 517626.750000, -3646576.750000
-6.350000, -95953.765625, -95953.765625, 24148758.000000, 24148758.000000, 515385.375000, -4472742.500000
-6.300000, -134864.375000, -134864.375000, 24083516.000000, 24083516.000000, 524510.125000, -4800517.500000
-6.250000, -112193.351562, -112193.351562, 24003820.000000, 24003820.000000, 505149.687500, -4861938.500000
-6.200000, -105222.203125, -105222.203125, 23946788.000000, 23946788.000000, 496869.875000, -4846164.000000
-6.150000, -125434.554688, -125434.554688, 23881130.000000, 23881130.000000, 503533.812500, -4648757.000000
-6.100000, -89392.210938, -89392.210938, 24053938.000000, 24053938.000000, 484310.593750, -4362715.000000
-6.050000, -64069.421875, -64069.421875, 24604904.000000, 24604904.000000, 501176.562500, -3640931.750000
-6.000000, -46020.386719, -46020.386719, 25382988.000000, 25382988.000000, 527299.125000, -2798009.000000
-5.950000, -18186.078125, -18186.078125, 26276168.000000, 26276168.000000, 524936.812500, -2063712.750000
-5.900000, -5767.514160, -5767.514160, 27253218.000000, 27253218.000000, 558658.312500, -1432503.250000
-5.850000, 28456.714844, 28456.714844, 28144676.000000, 28144676.000000, 609621.875000, -1240575.250000
-5.800000, 13243.640625, 13243.640625, 28891326.000000, 28891326.000000, 637674.562500, -1062594.125000
-5.750000, -11485.577148, -11485.577148, 29594668.000000, 29594668.000000, 655884.875000, -957062.625000
-5.700000, 5425.907227, 5425.907227, 30276232.000000, 30276232.000000, 680250.562500, -1443004.625000
-5.650000, -50085.492188, -50085.492188, 30949816.000000, 30949816.000000, 694892.500000, -2127916.250000
-5.600000, -89284.453125, -89284.453125, 31516406.000000, 31516406.000000, 672958.625000, -2528638.500000
-5.550000, -73690.265625, -73690.265625, 31990310.000000, 31990310.000000, 649120.250000, -2609198.500000
-5.500000, -97373.898438, -97373.898438, 32481874.000000, 32481874.000000, 649136.812500, -2614423.500000
-5.450000, -107098.070312, -107098.070312, 32968822.000000, 32968822.000000, 661256.375000, -2538529.750000
-5.400000, -82409.468750, -82409.468750, 33548158.000000, 33548158.000000, 669359.562500, -2382298.250000
-5.350000, -52471.187500, -52471.187500, 34118328.000000, 34118328.000000, 683039.500000, -2349119.250000
-5.300000, -54758.199219, -54758.199219, 34619828.000000, 34619828.000000, 713242.125000, -2308075.000000
-5.250000, -58355.265625, -58355.265625, 35184488.000000, 35184488.000000, 713557.250000, -2250558.500000
-5.200000, -11673.502930, -11673.502930, 35700288.000000, 35700288.000000, 716470.687500, -2210053.250000
-5.150000, -334.781036, -334.781036, 36227712.000000, 36227712.000000, 745791.187500, -2171061.000000
-5.100000, -18536.187500, -18536.187500, 36761284.000000, 36761284.000000, 767755.500000, -2221242.500000
-5.050000, -17397.855469, -17397.855469, 37228920.000000, 37228920.000000, 820787.375000, -2200118.250000
-5.000000, -11435.142578, -11435.142578, 37762492.000000, 37762492.000000, 848615.812500, -2135635.500000
-4.950000, -8837.911133, -8837.911133, 38267696.000000, 38267696.000000, 845230.875000, -2143400.500000
-4.900000, -47605.445312, -47605.445312, 38784328.000000, 38784328.000000, 878640.875000, -2140085.000000
-4.850000, -70108.312500, -70108.312500, 39356732.000000, 39356732.000000, 877809.125000, -2151666.250000
-4.800000, -61868.527344, -61868.527344, 39866188.000000, 39866188.000000, 860586.937500, -2118627.000000
-4.750000, -86485.414062, -86485.414062, 40398548.000000, 40398548.000000, 865944.125000, -2077029.500000
-4.700000, -84262.343750, -84262.343750, 40914480.000000, 40914480.000000, 874312.875000, -2129232.000000
-4.650000, -57875.675781, -57875.675781, 41410384.000000, 41410384.000000, 896902.750000, -2133225.000000
-4.600000, -63563.894531, -63563.894531, 41955360.000000, 41955360.000000, 900018.687500, -2083159.750000
-4.550000, -61957.660156, -61957.660156, 42447780.000000, 42447780.000000, 904017.437500, -2050372.375000
-4.500000, -39670.148438, -39670.148438, 42957440.000000, 42957440.000000, 918510.875000, -2028004.375000
-4.450000, -38789.691406, -38789.691406, 43509900.000000, 43509900.000000, 931692.750000, -2044979.750000
-4.400000, -42203.281250, -42203.281250, 44020788.000000, 44020788.000000, 936468.000000, -2052659.875000
-4.350000, -26086.826172, -26086.826172, 44563812.000000, 44563812.000000, 925514.812500, -2022522.375000
-4.300000, -37595.875000, -37595.875000, 45094148.000000, 45094148.000000, 982423.750000, -1998801.375000
-4.250000, -43488.328125, -43488.328125, 45595776.000000, 45595776.000000, 1031519.500000, -2012075.500000
-4.200000, -30079.367188, -30079.367188, 46138176.000000, 46138176.000000, 1026052.812500, -2001297.875000
-4.150000, -57996.632812, -57996.632812, 46636540.000000, 46636540.000000, 1046162.625000, -1926833.250000
-4.100000, -85159.968750, -85159.968750, 47150760.000000, 47150760.000000, 1030261.625000, -1914157.375000
-4.050000, -94102.039062, -94102.039062, 47699668.000000, 47699668.000000, 1056812.000000, -1925949.000000
-4.000000, -71261.187500, -71261.187500, 48191468.000000, 48191468.000000, 1108149.000000, -1885744.625000
-3.950000, -38077.789062, -38077.789062, 48713076.000000, 48713076.000000, 1096053.625000, -1885456.000000
-3.900000, -59205.589844, -59205.589844, 49229564.000000, 49229564.000000, 1170380.000000, -1871328.500000
-3.850000, -45859.386719, -45859.386719, 49777824.000000, 49777824.000000, 1259918.750000, -1820192.375000
-3.800000, -27802.824219, -27802.824219, 50375540.000000, 50375540.000000, 1303466.250000, -1787932.000000
-3.750000, -44824.152344, -44824.152344, 50849940.000000, 50849940.000000, 1337618.125000, -1773817.375000
-3.700000, -19239.609375, -19239.609375, 51360804.000000, 51360804.000000, 1297855.625000, -1800216.750000
-3.650000, -35092.312500, -35092.312500, 51941976.000000, 51941976.000000, 1157244.125000, -1805214.500000
-3.600000, -31983.013672, -31983.013672, 52513640.000000, 52513640.000000, 701720.687500, -1837325.000000
-3.550000, 30961.359375, 30961.359375, 53183324.000000, 53183324.000000, 130688.101562, -1902163.750000
-3.500000, -2755.248779, -2755.248779, 53815420.000000, 53815420.000000, 52587.800781, -1848839.625000
-3.450000, -36795.523438, -36795.523438, 54469140.000000, 54469140.000000, 308716.437500, -1832890.375000
-3.400000, -11494.857422, -11494.857422, 55248528.000000, 55248528.000000, 429044.812500, -1895658.625000
-3.350000, -30058.476562, -30058.476562, 56051784.000000, 56051784.000000, 651569.875000, -1876269.875000
-3.300000, -78079.085938, -78079.085938, 56912376.000000, 56912376.000000, 1286464.250000, -1859434.500000
-3.250000, -128614.101562, -128614.101562, 57661852.000000, 57661852.000000, 1977059.625000, -1847285.500000
-3.200000, -149997.390625, -149997.390625, 58235368.000000, 58235368.000000, 2546683.750000, -1825455.125000
-3.150000, -152805.812500, -152805.812500, 58646444.000000, 58646444.000000, 2992444.250000, -1807050.625000
-3.100000, -157154.046875, -157154.046875, 58760724.000000, 58760724.000000, 3058188.250000, -1724846.250000
-3.050000, -112491.593750, -112491.593750, 58811172.000000, 58811172.000000, 3071691.750000, -1650248.375000
-3.000000, -41949.492188, -41949.492188, 58911176.000000, 58911176.000000, 3124175.750000, -1582391.125000
-2.950000, 2440.349365, 2440.349365, 58965760.000000, 58965760.000000, 2889920.250000, -1550935.250000
-2.900000, 35397.785156, 35397.785156, 59078300.000000, 59078300.000000, 2494967.000000, -1567936.125000
-2.850000, 64725.625000, 64725.625000, 59270772.000000, 59270772.000000, 1911338.500000, -1487504.625000
-2.800000, 35120.417969, 35120.417969, 59518688.000000, 59518688.000000, 1361550.875000, -1441718.750000
-2.750000, 4511.741699, 4511.741699, 59868476.000000, 59868476.000000, 731829.500000, -1501693.500000
-2.700000, 62090.894531, 62090.894531, 60473340.000000, 60473340.000000, -218906.437500, -1567616.375000
-2.650000, 74964.085938, 74964.085938, 61354552.000000, 61354552.000000, -598867.500000, -1619405.750000
-2.600000, 58950.660156, 58950.660156, 62296548.000000, 62296548.000000, -643698.062500, -1605217.250000
-2.550000, 62881.312500, 62881.312500, 63125788.000000, 63125788.000000, -879286.687500, -1638724.000000
-2.500000, -33687.328125, -33687.328125, 63771088.000000, 63771088.000000, -603870.875000, -1647816.000000
-2.450000, -74210.828125, -74210.828125, 64288680.000000, 64288680.000000, -186270.890625, -1529671.875000
-2.400000, -75842.804688, -75842.804688, 64589764.000000, 64589764.000000, -73309.304688, -1485710.500000
-2.350000, -169733.343750, -169733.343750, 64771552.000000, 64771552.000000, -46023.171875, -1483984.000000
-2.300000, -122942.468750, -122942.468750, 65153952.000000, 65153952.000000, -127949.875000, -1477055.375000
-2.250000, -31334.599609, -31334.599609, 65548320.000000, 65548320.000000, -114311.734375, -1440080.000000
-2.200000, -23662.902344, -23662.902344, 65915584.000000, 65915584.000000, -88320.859375, -1393387.000000
-2.150000, 60972.925781, 60972.925781, 66363048.000000, 66363048.000000, -109160.343750, -1419533.125000
-2.100000, 116971.203125, 116971.203125, 66763088.000000, 66763088.000000, -81706.351562, -1357414.625000
-2.050000, 122349.289062, 122349.289062, 67221608.000000, 67221608.000000, -105726.140625, -1353465.875000
-2.000000, 137933.187500, 137933.187500, 67654608.000000, 67654608.000000, -78494.335938, -1386329.125000
-1.950000, 93387.046875, 93387.046875, 68040624.000000, 68040624.000000, -111871.750000, -1306885.625000
-1.900000, 56034.453125, 56034.453125, 68511432.000000, 68511432.000000, -128930.828125, -1356736.125000
-1.850000, 58176.261719, 58176.261719, 68944968.000000, 68944968.000000, -46559.402344, -1331210.625000
-1.800000, 40344.234375, 40344.234375, 69398288.000000, 69398288.000000, -100507.671875, -1286307.875000
-1.750000, 41347.832031, 41347.832031, 69826432.000000, 69826432.000000, -92545.554688, -1367205.625000
-1.700000, 97550.695312, 97550.695312, 70208328.000000, 70208328.000000, -64992.292969, -1308438.750000
-1.650000, 70605.796875, 70605.796875, 70639048.000000, 70639048.000000, -109423.773438, -1297968.500000
-1.600000, 10264.273438, 10264.273438, 71011432.000000, 71011432.000000, -105417.468750, -1248150.875000
-1.550000, 42749.335938, 42749.335938, 71440312.000000, 71440312.000000, -158690.515625, -1194038.625000
-1.500000, -606.846619, -606.846619, 71891504.000000, 71891504.000000, -98808.812500, -1243190.125000
-1.450000, 10473.514648, 10473.514648, 72297496.000000, 72297496.000000, -21820.923828, -1086116.875000
-1.400000, 33576.011719, 33576.011719, 72771064.000000, 72771064.000000, -15827.501953, -1077805.250000
-1.350000, -142089.890625, -142089.890625, 73187440.000000, 73187440.000000, 147295.062500, -1159630.625000
-1.300000, -192222.828125, -192222.828125, 73596048.000000, 73596048.000000, 286545.625000, -1155854.375000
-1.250000, -366976.125000, -366976.125000, 73974384.000000, 73974384.000000, 404635.562500, -1229650.375000
-1.200000, -926761.187500, -926761.187500, 74299096.000000, 74299096.000000, 328372.093750, -1039449.625000
-1.150000, -1376946.000000, -1376946.000000, 74717184.000000, 74717184.000000, -325312.375000, -924297.687500
-1.100000, -1222301.750000, -1222301.750000, 75124064.000000, 75124064.000000, -1281938.750000, -868779.250000
-1.050000, -174098.359375, -174098.359375, 75623656.000000, 75623656.000000, -2151009.750000, -642925.875000
-1.000000, 1023813.125000, 1023813.125000, 76236600.000000, 76236600.000000, -2672541.250000, -693568.187500
-0.950000, 1946954.500000, 1946954.500000, 76902784.000000, 76902784.000000, -2664592.250000, -661567.250000
-0.900000, 3239087.000000, 3239087.000000, 77709784.000000, 77709784.000000, -1874970.250000, -743598.312500
-0.850000, 4274737.500000, 4274737.500000, 78526664.000000, 78526664.000000, -367016.218750, -1223951.500000
-0.800000, 4028519.500000, 4028519.500000, 79435000.000000, 79435000.000000, 1210602.625000, -1722936.375000
-0.750000, 2845820.500000, 2845820.500000, 80223376.000000, 80223376.000000, 2609150.750000, -2629985.500000
-0.700000, 1411461.750000, 1411461.750000, 80517768.000000, 80517768.000000, 3723133.250000, -3720915.750000
-0.650000, -591626.812500, -591626.812500, 80302120.000000, 80302120.000000, 4380455.500000, -4540207.500000
-0.600000, -3107664.250000, -3107664.250000, 79518328.000000, 79518328.000000, 4363002.000000, -4931487.000000
-0.550000, -4999038.500000, -4999038.500000, 78546672.000000, 78546672.000000, 3394391.250000, -4587960.500000
-0.500000, -6435420.000000, -6435420.000000, 77660104.000000, 77660104.000000, 1869055.875000, -3788832.750000
-0.450000, -7475545.500000, -7475545.500000, 77131528.000000, 77131528.000000, -137872.640625, -2286632.000000
-0.400000, -7612307.000000, -7612307.000000, 77346080.000000, 77346080.000000, -2513395.000000, -127687.164062
-0.350000, -7153471.500000, -7153471.500000, 77937656.000000, 77937656.000000, -4567211.000000, 1811643.000000
-0.300000, -5363905.000000, -5363905.000000, 78958960.000000, 78958960.000000, -6413869.500000, 3642172.000000
-0.250000, -2195263.750000, -2195263.750000, 80532144.000000, 80532144.000000, -7691893.500000, 5487054.000000
-0.200000, 1639672.625000, 1639672.625000, 82655280.000000, 82655280.000000, -7661344.500000, 6767157.000000
-0.150000, 5521801.000000, 5521801.000000, 85429008.000000, 85429008.000000, -6622247.000000, 7083051.500000
-0.100000, 8579472.000000, 8579472.000000, 88102392.000000, 88102392.000000, -4727221.000000, 6344716.500000
-0.050000, 12087671.000000, 12087671.000000, 90480768.000000, 90480768.000000, -1929264.375000, 4419182.500000
0.000000, 14306782.000000, 14306782.000000, 91830088.000000, 91830088.000000, 1395139.875000, 1395139.875000
0.050000, 12087671.000000, 12087671.000000, 90480768.000000, 90480768.000000, 4419182.500000, -1929264.375000
0.100000, 8579472.000000, 8579472.000000, 88102392.000000, 88102392.000000, 6344716.500000, -4727221.000000
0.150000, 5521801.000000, 5521801.000000, 85429008.000000, 85429008.000000, 7083051.500000, -6622247.000000
0.200000, 1639672.625000, 1639672.625000, 82655280.000000, 82655280.000000, 6767157.000000, -7661344.500000
0.250000, -2195263.750000, -2195263.750000, 80532144.000000, 80532144.000000, 5487054.000000, -7691893.500000
0.300000, -5363905.000000, -5363905.000000, 78958960.000000, 78958960.000000, 3642172.000000, -6413869.500000
0.350000, -7153471.500000, -7153471.500000, 77937656.000000, 77937656.000000, 1811643.000000, -4567211.000000
0.400000, -7612307.000000, -7612307.000000, 77346080.000000, 77346080.000000, -127687.164062, -2513395.000000
0.450000, -7475545.500000, -7475545.500000, 77131528.000000, 77131528.000000, -2286632.000000, -137872.640625
0.500000, -6435420.000000, -6435420.000000, 77660104.000000, 77660104.000000, -3788832.750000, 1869055.875000
0.550000, -4999038.500000, -4999038.500000, 78546672.000000, 78546672.000000, -4587960.500000, 3394391.250000
0.600000, -3107664.250000, -3107664.250000, 79518328.000000, 79518328.000000, -4931487.000000, 4363002.000000
0.650000, -591626.812500, -591626.812500, 80302120.000000, 80302120.000000, -4540207.500000, 4380455.500000
0.700000, 1411461.750000, 1411461.750000, 80517768.000000, 80517768.000000, -3720915.750000, 3723133.250000
0.750000, 2845820.500000, 2845820.500000, 80223376.000000, 80223376.000000, -2629985.500000, 2609150.750000
0.800000, 4028519.500000, 4028519.500000, 79435000.000000, 79435000.000000, -1722936.375000, 1210602.625000
0.850000, 4274737.500000, 4274737.500000, 78526664.000000, 78526664.000000, -1223951.500000, -367016.218750
0.900000, 3239087.000000, 3239087.000000, 77709784.000000, 77709784.000000, -743598.312500, -1874970.250000
0.950000, 1946954.500000, 1946954.500000, 76902784.000000, 76902784.000000, -661567.250000, -2664592.250000
1.000000, 1023813.125000, 1023813.125000, 76236600.000000, 76236600.000000, -693568.187500, -2672541.250000
1.050000, -174098.359375, -174098.359375, 75623656.000000, 75623656.000000, -642925.875000, -2151009.750000
1.100000, -1222301.750000, -1222301.750000, 75124064.000000, 75124064.000000, -868779.250000, -1281938.750000
1.150000, -1376946.000000, -1376946.000000, 74717184.000000, 74717184.000000, -924297.687500, -325312.375000
1.200000, -926761.187500, -926761.187500, 74299096.000000, 74299096.000000, -1039449.625000, 328372.093750
1.250000, -366976.125000, -366976.125000, 73974384.000000, 73974384.000000, -1229650.375000, 404635.562500
1.300000, -192222.828125, -192222.828125, 73596048.000000, 73596048.000000, -1155854.375000, 286545.625000
1.350000, -142089.890625, -142089.890625, 73187440.000000, 73187440.000000, -1159630.625000, 147295.062500
1.400000, 33576.011719, 33576.011719, 72771064.000000, 72771064.000000, -1077805.250000, -15827.501953
1.450000, 10473.514648, 10473.514648, 72297496.000000, 72297496.000000, -1086116.875000, -21820.923828
1.500000, -606.846619, -606.846619, 71891504.000000, 71891504.000000, -1243190.125000, -98808.812500
1.550000, 42749.335938, 42749.335938, 71440312.000000, 71440312.000000, -1194038.625000, -158690.515625
1.600000, 10264.273438, 10264.273438, 71011432.000000, 71011432.000000, -1248150.875000, -105417.468750
1.650000, 70605.796875, 70605.796875, 70639048.000000, 70639048.000000, -1297968.500000, -109423.773438
1.700000, 97550.695312, 97550.695312, 70208328.000000, 70208328.000000, -1308438.750000, -64992.292969
1.750000, 41347.832031, 41347.832031, 69826432.000000, 69826432.000000, -1367205.625000, -92545.554688
1.800000, 40344.234375, 40344.234375, 69398288.000000, 69398288.000000, -1286307.875000, -100507.671875
1.850000, 58176.261719, 58176.261719, 68944968.000000, 68944968.000000, -1331210.625000, -46559.402344
1.900000, 56034.453125, 56034.453125, 68511432.000000, 68511432.000000, -1356736.125000, -128930.828125
1.950000, 93387.046875, 93387.046875, 68040624.000000, 68040624.000000, -1306885.625000, -111871.750000
2.000000, 137933.187500, 137933.187500, 67654608.000000, 67654608.000000, -1386329.125000, -78494.335938
2.050000, 122349.289062, 122349.289062, 67221608.000000, 67221608.000000, -1353465.875000, -105726.140625
2.100000, 116971.203125, 116971.203125, 66763088.000000, 66763088.000000, -1357414.625000, -81706.351562
2.150000, 60972.925781, 60972.925781, 66363048.000000, 66363048.000000, -1419533.125000, -109160.343750
2.200000, -23662.902344, -23662.902344, 65915584.000000, 65915584.000000, -1393387.000000, -88320.859375
2.250000, -31334.599609, -31334.599609, 65548320.000000, 65548320.000000, -1440080.000000, -114311.734375
2.300000, -122942.468750, -122942.468750, 65153952.000000, 65153952.000000, -1477055.375000, -127949.875000
2.350000, -169733.343750, -169733.343750, 64771552.000000, 64771552.000000, -1483984.000000, -46023.171875
2.400000, -75842.804688, -75842.804688, 64589764.000000, 64589764.000000, -1485710.500000, -73309.304688
2.450000, -74210.828125, -74210.828125, 64288680.000000, 64288680.000000, -1529671.875000, -186270.890625
2.500000, -33687.328125, -33687.328125, 63771088.000000, 63771088.000000, -1647816.000000, -603870.875000
2.550000, 62881.312500, 62881.312500, 63125788.000000, 63125788.000000, -1638724.000000, -879286.687500
2.600000, 58950.660156, 58950.660156, 62296548.000000, 62296548.000000, -1605217.250000, -643698.062500
2.650000, 74964.085938, 74964.085938, 61354552.000000, 61354552.000000, -1619405.750000, -598867.500000
2.700000, 62090.894531, 62090.894531, 60473340.000000, 60473340.000000, -1567616.375000, -218906.437500
2.750000, 4511.741699, 4511.741699, 59868476.000000, 59868476.000000, -1501693.500000, 731829.500000
2.800000, 35120.417969, 35120.417969, 59518688.000000, 59518688.000000, -1441718.750000, 1361550.875000
2.850000, 64725.625000, 64725.625000, 59270772.000000, 59270772.000000, -1487504.625000, 1911338.500000
2.900000, 35397.785156, 35397.785156, 59078300.000000, 59078300.000000, -1567936.125000, 2494967.000000
2.950000, 2440.349365, 2440.349365, 58965760.000000, 58965760.000000, -1550935.250000, 2889920.250000
3.000000, -41949.492188, -41949.492188, 58911176.000000, 58911176.000000, -1582391.125000, 3124175.750000
3.050000, -112491.593750, -112491.593750, 58811172.000000, 58811172.000000, -1650248.375000, 3071691.750000
3.100000, -157154.046875, -157154.046875, 58760724.000000, 58760724.000000, -1724846.250000, 3058188.250000
3.150000, -152805.812500, -152805.812500, 58646444.000000, 58646444.000000, -1807050.625000, 2992444.250000
3.200000, -149997.390625, -149997.390625, 58235368.000000, 58235368.000000, -1825455.125000, 2546683.750000
3.250000, -128614.101562, -128614.101562, 57661852.000000, 57661852.000000, -1847285.500000, 1977059.625000
3.300000, -78079.085938, -78079.085938, 56912376.000000, 56912376.000000, -1859434.500000, 1286464.250000
3.350000, -30058.476562, -30058.476562, 56051784.000000, 56051784.000000, -1876269.875000, 651569.875000
3.400000, -11494.857422, -11494.857422, 55248528.000000, 55248528.000000, -1895658.625000, 429044.812500
3.450000, -36795.523438, -36795.523438, 54469140.000000, 54469140.000000, -1832890.375000, 308716.437500
3.500000, -2755.248779, -2755.248779, 53815420.000000, 53815420.000000, -1848839.625000, 52587.800781
3.550000, 30961.359375, 30961.359375, 53183324.000000, 53183324.000000, -1902163.750000, 130688.101562
3.600000, -31983.013672, -31983.013672, 52513640.000000, 52513640.000000, -1837325.000000, 701720.687500
3.650000, -35092.312500, -35092.312500, 51941976.000000, 51941976.000000, -1805214.500000, 1157244.125000
3.700000, -19239.609375, -19239.609375, 51360804.000000, 51360804.000000, -1800216.750000, 1297855.625000
3.750000, -44824.152344, -44824.152344, 50849940.000000, 50849940.000000, -1773817.375000, 1337618.125000
3.800000, -27802.824219, -27802.824219, 50375540.000000, 50375540.000000, -1787932.000000, 1303466.250000
3.850000, -45859.386719, -45859.386719, 49777824.000000, 49777824.000000, -1820192.375000, 1259918.750000
3.900000, -59205.589844, -59205.589844, 49229564.000000, 49229564.000000, -1871328.500000, 1170380.000000
3.950000, -38077.789062, -38077.789062, 48713076.000000, 48713076.000000, -1885456.000000, 1096053.625000
4.000000, -71261.187500, -71261.187500, 48191468.000000, 48191468.000000, -1885744.625000, 1108149.000000
4.050000, -94102.039062, -94102.039062, 47699668.000000, 47699668.000000, -1925949.000000, 1056812.000000
4.100000, -85159.968750, -85159.968750, 47150760.000000, 47150760.000000, -1914157.375000, 1030261.625000
4.150000, -57996.632812, -57996.632812, 46636540.000000, 46636540.000000, -1926833.250000, 1046162.625000
4.200000, -30079.367188, -30079.367188, 46138176.000000, 46138176.000000, -2001297.875000, 1026052.812500
4.250000, -43488.328125, -43488.328125, 45595776.000000, 45595776.000000, -2012075.500000, 1031519.500000
4.300000, -37595.875000, -37595.875000, 45094148.000000, 45094148.000000, -1998801.375000, 982423.750000
4.350000, -26086.826172, -26086.826172, 44563812.000000, 44563812.000000, -2022522.375000, 925514.812500
4.400000, -42203.281250, -42203.281250, 44020788.000000, 44020788.000000, -2052659.875000, 936468.000000
4.450000, -38789.691406, -38789.691406, 43509900.000000, 43509900.000000, -2044979.750000, 931692.750000
4.500000, -39670.148438, -39670.148438, 42957440.000000, 42957440.000000, -2028004.375000, 918510.875000
4.550000, -61957.660156, -61957.660156, 42447780.000000, 42447780.000000, -2050372.375000, 904017.437500
4.600000, -63563.894531, -63563.894531, 41955360.000000, 41955360.000000, -2083159.750000, 900018.687500
4.650000, -57875.675781, -57875.675781, 41410384.000000, 41410384.000000, -2133225.000000, 896902.750000
4.700000, -84262.343750, -84262.343750, 40914480.000000, 40914480.000000, -2129232.000000, 874312.875000
4.750000, -86485.414062, -86485.414062, 40398548.000000, 40398548.000000, -2077029.500000, 865944.125000
4.800000, -61868.527344, -61868.527344, 39866188.000000, 39866188.000000, -2118627.000000, 860586.937500
4.850000, -70108.312500, -70108.312500, 39356732.000000, 39356732.000000, -2151666.250000, 877809.125000
4.900000, -47605.445312, -47605.445312, 38784328.000000, 38784328.000000, -2140085.000000, 878640.875000
4.950000, -8837.911133, -8837.911133, 38267696.000000, 38267696.000000, -2143400.500000, 845230.875000
5.000000, -11435.142578, -11435.142578, 37762492.000000, 37762492.000000, -2135635.500000, 848615.812500
5.050000, -17397.855469, -17397.855469, 37228920.000000, 37228920.000000, -2200118.250000, 820787.375000
5.100000, -18536.187500, -18536.187500, 36761284.000000, 36761284.000000, -2221242.500000, 767755.500000
5.150000, -334.781036, -334.781036, 36227712.000000, 36227712.000000, -2171061.000000, 745791.187500
5.200000, -11673.502930, -11673.502930, 35700288.000000, 35700288.000000, -2210053.250000, 716470.687500
5.250000, -58355.265625, -58355.265625, 35184488.000000, 35184488.000000, -2250558.500000, 713557.250000
5.300000, -54758.199219, -54758.199219, 34619828.000000, 34619828.000000, -2308075.000000, 713242.125000
5.350000, -52471.187500, -52471.187500, 34118328.000000, 34118328.000000, -2349119.250000, 683039.500000
5.400000, -82409.468750, -82409.468750, 33548158.000000, 33548158.000000, -2382298.250000, 669359.562500
5.450000, -107098.070312, -107098.070312, 32968822.000000, 32968822.000000, -2538529.750000, 661256.375000
5.500000, -97373.898438, -97373.898438, 32481874.000000, 32481874.000000, -2614423.500000, 649136.812500
5.550000, -73690.265625, -73690.265625, 31990310.000000, 31990310.000000, -2609198.500000, 649120.250000
5.600000, -89284.453125, -89284.453125, 31516406.000000, 31516406.000000, -2528638.500000, 672958.625000
5.650000, -50085.492188, -50085.492188, 30949816.000000, 30949816.000000, -2127916.250000, 694892.500000
5.700000, 5425.907227, 5425.907227, 30276232.000000, 30276232.000000, -1443004.625000, 680250.562500
5.750000, -11485.577148, -11485.577148, 29594668.000000, 29594668.000000, -957062.625000, 655884.875000
5.800000, 13243.640625, 13243.640625, 28891326.000000, 28891326.000000, -1062594.125000, 637674.562500
5.850000, 28456.714844, 28456.714844, 28144676.000000, 28144676.000000, -1240575.250000, 609621.875000
5.900000, -5767.514160, -5767.514160, 27253218.000000, 27253218.000000, -1432503.250000, 558658.312500
5.950000, -18186.078125, -18186.078125, 26276168.000000, 26276168.000000, -2063712.750000, 524936.812500
6.000000, -46020.386719, -46020.386719, 25382988.000000, 25382988.000000, -2798009.000000, 527299.125000
6.050000, -64069.421875, -64069.421875, 24604904.000000, 24604904.000000, -3640931.750000, 501176.562500
6.100000, -89392.210938, -89392.210938, 24053938.000000, 24053938.000000, -4362715.000000, 484310.593750
6.150000, -125434.554688, -125434.554688, 23881130.000000, 23881130.000000, -4648757.000000, 503533.812500
6.200000, -105222.203125, -105222.203125, 23946788.000000, 23946788.000000, -4846164.000000, 496869.875000
6.250000, -112193.351562, -112193.351562, 24003820.000000, 24003820.000000, -4861938.500000, 505149.687500
6.300000, -134864.375000, -134864.375000, 24083516.000000, 24083516.000000, -4800517.500000, 524510.125000
6.350000, -95953.765625, -95953.765625, 24148758.000000, 24148758.000000, -4472742.500000, 515385.375000
6.400000, -68592.320312, -68592.320312, 24087492.000000, 24087492.000000, -3646576.750000, 517626.750000
6.450000, -60932.007812, -60932.007812, 24005520.000000, 24005520.000000, -3049296.250000, 510749.562500
6.500000, -34774.582031, -34774.582031, 23843492.000000, 23843492.000000, -2328791.500000, 489277.031250
6.550000, -9106.875977, -9106.875977, 23454242.000000, 23454242.000000, -1153820.750000, 481175.468750
6.600000, 4182.138672, 4182.138672, 22713514.000000, 22713514.000000, -385438.968750, 465874.125000
6.650000, 4400.484375, 4400.484375, 21637258.000000, 21637258.000000, 10719.437500, 443655.281250
6.700000, 4728.620605, 4728.620605, 20611544.000000, 20611544.000000, 311502.562500, 421446.343750
6.750000, 1586.780762, 1586.780762, 19760698.000000, 19760698.000000, 248167.687500, 406527.656250
6.800000, -9337.873047, -9337.873047, 19078176.000000, 19078176.000000, -134554.031250, 397882.968750
6.850000, -11472.668945, -11472.668945, 18746606.000000, 18746606.000000, -520548.781250, 379417.281250
6.900000, -12893.923828, -12893.923828, 18596588.000000, 18596588.000000, -676340.437500, 371113.031250
6.950000, -15628.447266, -15628.447266, 18366614.000000, 18366614.000000, -684083.500000, 371751.218750
7.000000, -12917.065430, -12917.065430, 18047612.000000, 18047612.000000, -680105.812500, 361093.250000
7.050000, -13204.447266, -13204.447266, 17686102.000000, 17686102.000000, -663898.125000, 351624.718750
7.100000, -13368.440430, -13368.440430, 17306456.000000, 17306456.000000, -662112.125000, 345707.562500
7.150000, -12151.697266, -12151.697266, 16906912.000000, 16906912.000000, -641800.750000, 336179.250000
7.200000, -12776.790039, -12776.790039, 16517898.000000, 16517898.000000, -619224.750000, 327298.937500
7.250000, -12494.466797, -12494.466797, 16130330.000000, 16130330.000000, -624859.000000, 317892.156250
7.300000, -11556.254883, -11556.254883, 15732340.000000, 15732340.000000, -599094.187500, 305555.531250
7.350000, -10684.232422, -10684.232422, 15352193.000000, 15352193.000000, -577383.750000, 305195.843750
7.400000, -11715.364258, -11715.364258, 14952937.000000, 14952937.000000, -568410.625000, 304259.968750
7.450000, -11188.992188, -11188.992188, 14552264.000000, 14552264.000000, -530531.437500, 281118.281250
7.500000, -9415.111328, -9415.111328, 14163666.000000, 14163666.000000, -512054.750000, 270238.812500
7.550000, -10755.555664, -10755.555664, 13757532.000000, 13757532.000000, -519454.031250, 268670.687500
7.600000, -9756.124023, -9756.124023, 13369229.000000, 13369229.000000, -511353.531250, 254757.562500
7.650000, -9366.333008, -9366.333008, 12981871.000000, 12981871.000000, -480554.937500, 250293.500000
7.700000, -10208.527344, -10208.527344, 12597348.000000, 12597348.000000, -455754.468750, 241867.328125
7.750000, -7214.576660, -7214.576660, 12207539.000000, 12207539.000000, -452933.062500, 232423.281250
7.800000, -7848.912109, -7848.912109, 11783212.000000, 11783212.000000, -441331.406250, 228963.968750
7.850000, -9269.099609, -9269.099609, 11398442.000000, 11398442.000000, -424198.718750, 215620.968750
7.900000, -6667.391113, -6667.391113, 11013170.000000, 11013170.000000, -404630.875000, 214334.468750
7.950000, -6786.118652, -6786.118652, 10605303.000000, 10605303.000000, -378502.125000, 208934.250000
8.000000, -7878.146973, -7878.146973, 10233664.000000, 10233664.000000, -380270.968750, 190657.406250
8.050000, -6787.023926, -6787.023926, 9840131.000000, 9840131.000000, -369888.875000, 189184.312500
8.100000, -6474.890625, -6474.890625, 9437643.000000, 9437643.000000, -339715.375000, 189355.515625
8.150000, -7573.941406, -7573.941406, 9040085.000000, 9040085.000000, -351612.406250, 181452.796875
8.200000, -7115.475586, -7115.475586, 8648186.000000, 8648186.000000, -352855.562500, 168092.203125
8.250000, -6319.826172, -6319.826172, 8273466.000000, 8273466.000000, -319887.437500, 161313.562500
8.300000, -6767.609863, -6767.609863, 7855723.000000, 7855723.000000, -305495.625000, 158679.609375
8.350000, -5405.980469, -5405.980469, 7462268.500000, 7462268.500000, -299773.843750, 137746.500000
8.400000, -5409.400879, -5409.400879, 7084250.000000, 7084250.000000, -286575.562500, 128729.367188
8.450000, -5784.256836, -5784.256836, 6667544.000000, 6667544.000000, -273214.000000, 126536.718750
8.500000, -3427.998291, -3427.998291, 6274531.000000, 6274531.000000, -258706.812500, 110581.726562
8.550000, -4075.587646, -4075.587646, 5871844.500000, 5871844.500000, -237866.875000, 107450.460938
8.600000, -4649.996094, -4649.996094, 5489155.500000, 5489155.500000, -219704.062500, 102557.671875
8.650000, -2935.713623, -2935.713623, 5100264.500000, 5100264.500000, -197764.578125, 94751.859375
8.700000, -3361.857422, -3361.857422, 4667921.500000, 4667921.500000, -175419.468750, 89910.421875
8.750000, -3434.926758, -3434.926758, 4278747.500000, 4278747.500000, -177808.843750, 78055.617188
8.800000, -3422.060303, -3422.060303, 3877000.750000, 3877000.750000, -170007.687500, 82900.085938
8.850000, -3769.155273, -3769.155273, 3497088.000000, 3497088.000000, -149793.859375, 80081.382812
8.900000, -2668.493896, -2668.493896, 3098966.000000, 3098966.000000, -145485.484375, 57660.625000
8.950000, -2638.739258, -2638.739258, 2648873.250000, 2648873.250000, -130255.796875, 56517.687500
9.000000, -2819.718018, -2819.718018, 2313134.250000, 2313134.250000, -110758.593750, 54083.207031
9.050000, -1702.575928, -1702.575928, 1902439.500000, 1902439.500000, -93351.945312, 34013.929688
9.100000, -1248.087402, -1248.087402, 1437460.500000, 1437460.500000, -72182.375000, 24560.271484
9.150000, -1126.890747, -1126.890747, 1116934.500000, 1116934.500000, -61351.507812, 19232.371094
9.200000, -504.310791, -504.310791, 662145.062500, 662145.062500, -40706.109375, 8009.997070
9.250000, -76.104591, -76.104591, 173715.828125, 173715.828125, -11263.370117, 1173.766968
