Time 1XX 1YY 2XX 2YY 1X2Y 1Y2X 
-9.250000, 0.000000, 0.000000, 0.000000, 0.000000, 0.000000, 0.000000
-9.200000, -76.192146, -76.192146, 13727.517578, 13727.517578, -4723.912109, 221.411621
-9.150000, -399.858246, -399.858246, 53668.312500, 53668.312500, -19525.488281, 1112.424438
-9.100000, -1122.187988, -1122.187988, 92588.421875, 92588.421875, -39393.746094, 2852.767090
-9.050000, -1872.289429, -1872.289429, 117653.093750, 117653.093750, -61384.148438, 3979.521484
-9.000000, -2461.777344, -2461.777344, 151466.031250, 151466.031250, -87010.867188, 4049.541260
-8.950000, -3463.852051, -3463.852051, 185534.000000, 185534.000000, -112013.437500, 5759.127930
-8.900000, -4297.863281, -4297.863281, 216191.468750, 216191.468750, -132073.656250, 7497.340820
-8.850000, -4433.143066, -4433.143066, 254244.484375, 254244.484375, -142160.953125, 7075.633301
-8.800000, -4397.357422, -4397.357422, 286357.750000, 286357.750000, -153993.953125, 7606.916992
-8.750000, -4607.394531, -4607.394531, 317796.906250, 317796.906250, -179349.562500, 8723.531250
-8.700000, -5701.869629, -5701.869629, 357557.156250, 357557.156250, -196999.062500, 9952.449219
-8.650000, -5727.770020, -5727.770020, 393957.312500, 393957.312500, -208258.109375, 10912.774414
-8.600000, -4845.503906, -4845.503906, 424792.750000, 424792.750000, -230156.000000, 10041.116211
-8.550000, -6332.054688, -6332.054688, 455590.062500, 455590.062500, -250646.921875, 11062.055664
-8.500000, -7218.886230, -7218.886230, 490176.437500, 490176.437500, -271049.906250, 12444.314453
-8.450000, -6652.612793, -6652.612793, 524468.687500, 524468.687500, -294323.000000, 12295.105469
-8.400000, -7366.110840, -7366.110840, 556726.375000, 556726.375000, -312905.156250, 14054.589844
-8.350000, -7697.876953, -7697.876953, 590310.500000, 590310.500000, -328637.000000, 13905.111328
-8.300000, -7685.201172, -7685.201172, 622410.750000, 622410.750000, -341410.906250, 10888.539062
-8.250000, -7007.394531, -7007.394531, 655808.250000, 655808.250000, -362685.093750, 11618.837891
-8.200000, -6697.818848, -6697.818848, 691273.750000, 691273.750000, -384907.343750, 15272.727539
-8.150000, -8258.562500, -8258.562500, 724967.937500, 724967.937500, -395013.343750, 15383.130859
-8.100000, -7334.858398, -7334.858398, 758110.375000, 758110.375000, -418127.406250, 13629.046875
-8.050000, -6476.782227, -6476.782227, 789793.812500, 789793.812500, -446186.562500, 12376.583008
-8.000000, -8386.539062, -8386.539062, 823543.625000, 823543.625000, -461379.687500, 9551.474609
-7.950000, -6799.182617, -6799.182617, 858808.437500, 858808.437500, -483623.000000, 9349.066406
-7.900000, -3426.139648, -3426.139648, 888956.000000, 888956.000000, -510733.343750, 10291.065430
-7.850000, -4162.118164, -4162.118164, 920654.937500, 920654.937500, -531404.312500, 8835.757812
-7.800000, -6394.073242, -6394.073242, 955773.000000, 955773.000000, -549755.500000, 9082.662109
-7.750000, -5911.550293, -5911.550293, 989754.062500, 989754.062500, -566052.437500, 9295.439453
-7.700000, -4611.762695, -4611.762695, 1025886.062500, 1025886.062500, -574880.937500, 8382.591797
-7.650000, -4255.020020, -4255.020020, 1059096.500000, 1059096.500000, -588879.312500, 6442.257324
-7.600000, -3508.792480, -3508.792480, 1087414.625000, 1087414.625000, -623867.687500, 4103.417480
-7.550000, -3076.375000, -3076.375000, 1118588.000000, 1118588.000000, -655523.937500, 4221.238770
-7.500000, -2800.729980, -2800.729980, 1153432.500000, 1153432.500000, -669814.687500, 3939.967773
-7.450000, -2852.069336, -2852.069336, 1190109.750000, 1190109.750000, -680724.687500, 3513.333252
-7.400000, -1844.942261, -1844.942261, 1221422.625000, 1221422.625000, -701546.125000, 3547.581787
-7.350000, -1200.440552, -1200.440552, 1249794.625000, 1249794.625000, -726206.375000, 4165.651367
-7.300000, -4594.558594, -4594.558594, 1287904.500000, 1287904.500000, -726584.625000, 5647.409668
-7.250000, -2611.568604, -2611.568604, 1326543.750000, 1326543.750000, -731744.750000, 5030.747070
-7.200000, -162.993820, -162.993820, 1357504.125000, 1357504.125000, -763492.687500, 4821.396484
-7.150000, -5809.886230, -5809.886230, 1386859.250000, 1386859.250000, -791684.000000, 3563.074951
-7.100000, -4503.548340, -4503.548340, 1420543.000000, 1420543.000000, -815946.250000, 2709.780273
-7.050000, -282.057556, -282.057556, 1460568.875000, 1460568.875000, -824612.562500, 5350.740234
-7.000000, -573.223022, -573.223022, 1494757.000000, 1494757.000000, -833691.875000, 4719.279297
-6.950000, -1837.346924, -1837.346924, 1524477.500000, 1524477.500000, -862219.687500, 4400.496582
-6.900000, -4843.340820, -4843.340820, 1556647.625000, 1556647.625000, -885944.562500, 4820.326172
-6.850000, -2118.549805, -2118.549805, 1588065.000000, 1588065.000000, -914353.937500, 3061.345215
-6.800000, -1636.094238, -1636.094238, 1627902.375000, 1627902.375000, -925130.062500, 5090.843262
-6.750000, -2544.140137, -2544.140137, 1665161.250000, 1665161.250000, -933818.437500, 5653.238770
-6.700000, 694.249878, 694.249878, 1695128.250000, 1695128.250000, -970771.625000, 3997.214355
-6.650000, -4044.920898, -4044.920898, 1734210.625000, 1734210.625000, -977482.250000, 4271.967285
-6.600000, -4105.400391, -4105.400391, 1771395.875000, 1771395.875000, -979327.125000, 3124.114746
-6.550000, -612.735352, -612.735352, 1805997.125000, 1805997.125000, -1003664.437500, 3039.153564
-6.500000, -675.823364, -675.823364, 1838735.250000, 1838735.250000, -1033360.562500, 4382.648926
-6.450000, 254.789459, 254.789459, 1867549.625000, 1867549.625000, -1073039.125000, 4799.322754
-6.400000, -4733.750977, -4733.750977, 1905883.250000, 1905883.250000, -1083714.625000, 4231.388672
-6.350000, -494.609741, -494.609741, 1940484.875000, 1940484.875000, -1097186.000000, 4287.150391
-6.300000, 1727.123657, 1727.123657, 1973123.875000, 1973123.875000, -1125654.625000, 5997.266602
-6.250000, -6598.067383, -6598.067383, 2011218.875000, 2011218.875000, -1134376.500000, 4719.639648
-6.200000, -4476.969238, -4476.969238, 2043705.250000, 2043705.250000, -1157820.500000, 2720.272461
-6.150000, -5088.933594, -5088.933594, 2077779.375000, 2077779.375000, -1193452.500000, 4466.294922
-6.100000, -4045.375244, -4045.375244, 2109819.750000, 2109819.750000, -1232582.500000, 6331.370117
-6.050000, -2231.704102, -2231.704102, 2146044.000000, 2146044.000000, -1246096.375000, 5725.623047
-6.000000, -3570.086182, -3570.086182, 2184609.750000, 2184609.750000, -1250113.625000, 4731.372070
-5.950000, 286.886902, 286.886902, 2214184.750000, 2214184.750000, -1295111.375000, 4733.637695
-5.900000, -7396.320312, -7396.320312, 2251612.500000, 2251612.500000, -1320743.375000, 3262.832520
-5.850000, -4132.652344, -4132.652344, 2284238.000000, 2284238.000000, -1345759.625000, 2121.351318
-5.800000, 1799.356812, 1799.356812, 2318494.750000, 2318494.750000, -1376368.750000, 1658.198242
-5.750000, -7636.508301, -7636.508301, 2359022.750000, 2359022.750000, -1398970.625000, 927.334595
-5.700000, -4871.189453, -4871.189453, 2384598.750000, 2384598.750000, -1451477.750000, 2577.336182
-5.650000, -4214.770020, -4214.770020, 2420606.500000, 2420606.500000, -1460159.000000, 4195.486328
-5.600000, 1118.970947, 1118.970947, 2453832.750000, 2453832.750000, -1471566.375000, 5912.706055
-5.550000, -2788.375000, -2788.375000, 2484606.750000, 2484606.750000, -1500438.750000, 3984.274414
-5.500000, -15781.425781, -15781.425781, 2531184.250000, 2531184.250000, -1489334.000000, 1310.415527
-5.450000, 426.602631, 426.602631, 2561600.750000, 2561600.750000, -1524386.500000, 5499.798340
-5.400000, -2781.071777, -2781.071777, 2595259.500000, 2595259.500000, -1566897.500000, 4529.778809
-5.350000, -7922.552246, -7922.552246, 2628099.500000, 2628099.500000, -1609919.500000, 1914.737793
-5.300000, 1313.372925, 1313.372925, 2654228.000000, 2654228.000000, -1628544.500000, 4928.378418
-5.250000, -7795.433105, -7795.433105, 2687327.000000, 2687327.000000, -1618165.250000, 13392.970703
-5.200000, -7551.578613, -7551.578613, 2697246.000000, 2697246.000000, -1723099.625000, 21089.492188
-5.150000, -5798.521484, -5798.521484, 2698395.250000, 2698395.250000, -1763610.000000, -34877.828125
-5.100000, 38086.046875, 38086.046875, 2677537.000000, 2677537.000000, -1718357.375000, -146852.468750
-5.050000, 89554.492188, 89554.492188, 2679079.500000, 2679079.500000, -1699457.875000, -180818.031250
-5.000000, 74999.578125, 74999.578125, 2736071.250000, 2736071.250000, -1502123.250000, -88340.218750
-4.950000, 56905.820312, 56905.820312, 2740674.250000, 2740674.250000, -1249316.750000, 54561.117188
-4.900000, 3075.371094, 3075.371094, 2748305.000000, 2748305.000000, -1081748.250000, 174142.218750
-4.850000, -93516.101562, -93516.101562, 2763496.000000, 2763496.000000, -900027.687500, 262983.125000
-4.800000, -194980.718750, -194980.718750, 2681961.500000, 2681961.500000, -784825.750000, 317200.218750
-4.750000, -250426.140625, -250426.140625, 2594452.250000, 2594452.250000, -906774.687500, 301403.500000
-4.700000, -190163.406250, -190163.406250, 2552917.500000, 2552917.500000, -1266462.625000, 243008.625000
-4.650000, -141074.968750, -141074.968750, 2549017.000000, 2549017.000000, -1534496.250000, 168757.671875
-4.600000, -97955.968750, -97955.968750, 2536305.250000, 2536305.250000, -1750045.125000, 94331.851562
-4.550000, -18423.574219, -18423.574219, 2455602.000000, 2455602.000000, -2120768.000000, 58939.218750
-4.500000, 16310.886719, 16310.886719, 2328693.750000, 2328693.750000, -2399662.750000, 13309.984375
-4.450000, 53194.937500, 53194.937500, 2107293.000000, 2107293.000000, -2568294.750000, -59763.945312
-4.400000, 54911.515625, 54911.515625, 1872094.000000, 1872094.000000, -2467702.250000, -85259.539062
-4.350000, 52200.265625, 52200.265625, 1722920.750000, 1722920.750000, -1951650.500000, -64863.273438
-4.300000, 33994.675781, 33994.675781, 1625504.250000, 1625504.250000, -1406197.750000, -47295.082031
-4.250000, -44869.968750, -44869.968750, 1670605.875000, 1670605.875000, -800069.500000, -17959.113281
-4.200000, -12138.268555, -12138.268555, 1812356.750000, 1812356.750000, -175327.281250, 30338.785156
-4.150000, -11587.530273, -11587.530273, 1878083.000000, 1878083.000000, -46174.343750, 46548.070312
-4.100000, -69819.250000, -69819.250000, 1823627.375000, 1823627.375000, -515610.343750, 48587.074219
-4.050000, -17017.208984, -17017.208984, 1734240.625000, 1734240.625000, -1052126.250000, 58548.890625
-4.000000, 859.099854, 859.099854, 1796251.625000, 1796251.625000, -1053495.375000, 43245.898438
-3.950000, 8497.050781, 8497.050781, 1945390.000000, 1945390.000000, -838961.875000, 45390.296875
-3.900000, 12811.000977, 12811.000977, 2050210.625000, 2050210.625000, -855194.187500, 69437.226562
-3.850000, -3800.321045, -3800.321045, 2175164.000000, 2175164.000000, -859628.312500, 67024.898438
-3.800000, -7340.645020, -7340.645020, 2293302.750000, 2293302.750000, -840423.562500, 52369.109375
-3.750000, -71931.359375, -71931.359375, 2406582.750000, 2406582.750000, -834286.562500, 43854.769531
-3.700000, -92782.968750, -92782.968750, 2538861.500000, 2538861.500000, -794462.437500, 37503.519531
-3.650000, -125338.695312, -125338.695312, 2655306.750000, 2655306.750000, -793421.375000, 21338.203125
-3.600000, -84130.031250, -84130.031250, 2786558.000000, 2786558.000000, -753003.062500, 36038.253906
-3.550000, 108900.484375, 108900.484375, 2911019.500000, 2911019.500000, -725511.687500, 72877.804688
-3.500000, 129631.609375, 129631.609375, 3028954.250000, 3028954.250000, -710714.062500, 63963.175781
-3.450000, 75381.585938, 75381.585938, 3150453.250000, 3150453.250000, -684623.687500, 42345.132812
-3.400000, 34685.878906, 34685.878906, 3252036.250000, 3252036.250000, -732940.875000, 20884.662109
-3.350000, -3357.748047, -3357.748047, 3383052.750000, 3383052.750000, -722633.750000, 24568.845703
-3.300000, 19667.015625, 19667.015625, 3519425.500000, 3519425.500000, -677352.562500, 56347.746094
-3.250000, -44148.589844, -44148.589844, 3635628.000000, 3635628.000000, -673364.937500, 49809.945312
-3.200000, -26427.470703, -26427.470703, 3758921.500000, 3758921.500000, -653459.000000, 46196.984375
-3.150000, 519.636719, 519.636719, 3871871.750000, 3871871.750000, -653380.875000, 29761.746094
-3.100000, 299.030518, 299.030518, 3997999.500000, 3997999.500000, -611962.812500, 10526.967773
-3.050000, 132774.343750, 132774.343750, 4119580.500000, 4119580.500000, -586156.812500, 21060.421875
-3.000000, 96819.765625, 96819.765625, 4222360.500000, 4222360.500000, -631979.000000, -5458.514160
-2.950000, 67850.914062, 67850.914062, 4346579.500000, 4346579.500000, -630600.875000, 13261.376953
-2.900000, 99713.390625, 99713.390625, 4467711.500000, 4467711.500000, -613301.312500, 50172.523438
-2.850000, 20625.230469, 20625.230469, 4592159.000000, 4592159.000000, -571060.062500, 35837.617188
-2.800000, 11982.067383, 11982.067383, 4712004.500000, 4712004.500000, -535359.125000, 20477.919922
-2.750000, -96909.007812, -96909.007812, 4808973.500000, 4808973.500000, -555498.375000, -47261.433594
-2.700000, -110150.750000, -110150.750000, 4928520.500000, 4928520.500000, -528977.750000, -72961.070312
-2.650000, -16386.828125, -16386.828125, 5046584.500000, 5046584.500000, -513978.281250, -58900.015625
-2.600000, -71471.898438, -71471.898438, 5156854.000000, 5156854.000000, -519788.625000, -94796.570312
-2.550000, -5358.049805, -5358.049805, 5277241.000000, 5277241.000000, -499451.968750, -85083.171875
-2.500000, 65897.882812, 65897.882812, 5392972.000000, 5392972.000000, -473417.093750, -67306.195312
-2.450000, 220709.812500, 220709.812500, 5524725.000000, 5524725.000000, -395059.750000, -31165.156250
-2.400000, 332945.000000, 332945.000000, 5639428.500000, 5639428.500000, -378273.000000, -14176.153320
-2.350000, 122813.781250, 122813.781250, 5736416.000000, 5736416.000000, -429282.343750, -71595.632812
-2.300000, 53765.089844, 53765.089844, 5849650.000000, 5849650.000000, -436708.312500, -77852.828125
-2.250000, -19899.650391, -19899.650391, 5956949.500000, 5956949.500000, -444676.906250, -111102.703125
-2.200000, -84007.648438, -84007.648438, 6082443.500000, 6082443.500000, -404529.687500, -141277.468750
-2.150000, 33253.507812, 33253.507812, 6209079.000000, 6209079.000000, -346413.593750, -119749.734375
-2.100000, 77831.515625, 77831.515625, 6324684.500000, 6324684.500000, -303130.062500, -137190.875000
-2.050000, 207232.843750, 207232.843750, 6450402.000000, 6450402.000000, -259096.171875, -112434.726562
-2.000000, 122629.703125, 122629.703125, 6549521.500000, 6549521.500000, -298365.250000, -122149.500000
-1.950000, -40528.835938, -40528.835938, 6659740.000000, 6659740.000000, -301748.500000, -149682.984375
-1.900000, 34073.859375, 34073.859375, 6783358.500000, 6783358.500000, -258472.953125, -127398.929688
-1.850000, 24404.419922, 24404.419922, 6896437.000000, 6896437.000000, -225626.906250, -133321.281250
-1.800000, 128049.945312, 128049.945312, 7029664.000000, 7029664.000000, -143909.359375, -99353.031250
-1.750000, 108981.664062, 108981.664062, 7141039.500000, 7141039.500000, -133237.875000, -126474.156250
-1.700000, 18181.095703, 18181.095703, 7254381.500000, 7254381.500000, -129382.046875, -174124.968750
-1.650000, 113331.593750, 113331.593750, 7375716.500000, 7375716.500000, -107962.117188, -143438.453125
-1.600000, 4918.104492, 4918.104492, 7475757.000000, 7475757.000000, -145093.890625, -162910.500000
-1.550000, 2658.046631, 2658.046631, 7602003.500000, 7602003.500000, -119154.695312, -152022.375000
-1.500000, -790.975708, -790.975708, 7710616.000000, 7710616.000000, -112323.640625, -170434.515625
-1.450000, -16679.125000, -16679.125000, 7820093.500000, 7820093.500000, -89069.085938, -209890.390625
-1.400000, 187254.390625, 187254.390625, 7953570.000000, 7953570.000000, -11392.603516, -193973.984375
-1.350000, 245742.921875, 245742.921875, 8065289.000000, 8065289.000000, 6802.856445, -224652.015625
-1.300000, 416949.187500, 416949.187500, 8197580.000000, 8197580.000000, 36204.566406, -172616.375000
-1.250000, 315380.343750, 315380.343750, 8309559.500000, 8309559.500000, -25267.451172, -144734.562500
-1.200000, 65706.421875, 65706.421875, 8422942.000000, 8422942.000000, -49817.945312, -157207.921875
-1.150000, 299798.093750, 299798.093750, 8560891.000000, 8560891.000000, 60922.207031, -101826.828125
-1.100000, 229560.656250, 229560.656250, 8663219.000000, 8663219.000000, 61919.632812, -158951.625000
-1.050000, 2310.082031, 2310.082031, 8797213.000000, 8797213.000000, 47600.359375, -193935.250000
-1.000000, -339099.500000, -339099.500000, 8908703.000000, 8908703.000000, -58385.308594, -281437.875000
-0.950000, -974200.625000, -974200.625000, 9019968.000000, 9019968.000000, -253901.484375, -405108.031250
-0.900000, -1191674.625000, -1191674.625000, 9185953.000000, 9185953.000000, -355182.218750, -350454.781250
-0.850000, -945227.375000, -945227.375000, 9283594.000000, 9283594.000000, -440115.375000, -416820.218750
-0.800000, 14041.560547, 14041.560547, 9415771.000000, 9415771.000000, -363687.593750, -423717.031250
-0.750000, 1367947.000000, 1367947.000000, 9596189.000000, 9596189.000000, -255979.890625, -167114.156250
-0.700000, 3030185.500000, 3030185.500000, 9750439.000000, 9750439.000000, -147848.609375, 101213.484375
-0.650000, 4723554.500000, 4723554.500000, 9872809.000000, 9872809.000000, 17991.820312, 119736.554688
-0.600000, 4298973.500000, 4298973.500000, 9890482.000000, 9890482.000000, -210548.281250, -266380.218750
-0.550000, 2308784.250000, 2308784.250000, 10026804.000000, 10026804.000000, -528571.687500, -430493.406250
-0.500000, 302502.312500, 302502.312500, 10330560.000000, 10330560.000000, -485689.531250, -222329.140625
-0.450000, -1824945.375000, -1824945.375000, 10655827.000000, 10655827.000000, -116834.242188, 29870.625000
-0.400000, -3814190.000000, -3814190.000000, 11017360.000000, 11017360.000000, 395076.062500, 404884.218750
-0.350000, -6028528.500000, -6028528.500000, 11244977.000000, 11244977.000000, 559812.687500, 362375.343750
-0.300000, -7567831.500000, -7567831.500000, 11368217.000000, 11368217.000000, 617189.062500, -214467.640625
-0.250000, -7221450.000000, -7221450.000000, 11458616.000000, 11458616.000000, 735970.312500, -1135694.000000
-0.200000, -5117635.500000, -5117635.500000, 11528574.000000, 11528574.000000, 728479.000000, -2478088.500000
-0.150000, -1071709.875000, -1071709.875000, 11783474.000000, 11783474.000000, 898590.625000, -3370175.750000
-0.100000, 4715731.500000, 4715731.500000, 12222616.000000, 12222616.000000, 1092415.875000, -2956333.500000
-0.050000, 11686939.000000, 11686939.000000, 12854132.000000, 12854132.000000, 1145023.750000, -1242123.875000
0.000000, 15407335.000000, 15407335.000000, 13243395.000000, 13243395.000000, 541559.062500, 541559.062500
0.050000, 11686939.000000, 11686939.000000, 12854132.000000, 12854132.000000, -1242123.875000, 1145023.750000
0.100000, 4715731.500000, 4715731.500000, 12222616.000000, 12222616.000000, -2956333.500000, 1092415.875000
0.150000, -1071709.875000, -1071709.875000, 11783474.000000, 11783474.000000, -3370175.750000, 898590.625000
0.200000, -5117635.500000, -5117635.500000, 11528574.000000, 11528574.000000, -2478088.500000, 728479.000000
0.250000, -7221450.000000, -7221450.000000, 11458616.000000, 11458616.000000, -1135694.000000, 735970.312500
0.300000, -7567831.500000, -7567831.500000, 11368217.000000, 11368217.000000, -214467.640625, 617189.062500
0.350000, -6028528.500000, -6028528.500000, 11244977.000000, 11244977.000000, 362375.343750, 559812.687500
0.400000, -3814190.000000, -3814190.000000, 11017360.000000, 11017360.000000, 404884.218750, 395076.062500
0.450000, -1824945.375000, -1824945.375000, 10655827.000000, 10655827.000000, 29870.625000, -116834.242188
0.500000, 302502.312500, 302502.312500, 10330560.000000, 10330560.000000, -222329.140625, -485689.531250
0.550000, 2308784.250000, 2308784.250000, 10026804.000000, 10026804.000000, -430493.406250, -528571.687500
0.600000, 4298973.500000, 4298973.500000, 9890482.000000, 9890482.000000, -266380.218750, -210548.281250
0.650000, 4723554.500000, 4723554.500000, 9872809.000000, 9872809.000000, 119736.554688, 17991.820312
0.700000, 3030185.500000, 3030185.500000, 9750439.000000, 9750439.000000, 101213.484375, -147848.609375
0.750000, 1367947.000000, 1367947.000000, 9596189.000000, 9596189.000000, -167114.156250, -255979.890625
0.800000, 14041.560547, 14041.560547, 9415771.000000, 9415771.000000, -423717.031250, -363687.593750
0.850000, -945227.375000, -945227.375000, 9283594.000000, 9283594.000000, -416820.218750, -440115.375000
0.900000, -1191674.625000, -1191674.625000, 9185953.000000, 9185953.000000, -350454.781250, -355182.218750
0.950000, -974200.625000, -974200.625000, 9019968.000000, 9019968.000000, -405108.031250, -253901.484375
1.000000, -339099.500000, -339099.500000, 8908703.000000, 8908703.000000, -281437.875000, -58385.308594
1.050000, 2310.082031, 2310.082031, 8797213.000000, 8797213.000000, -193935.250000, 47600.359375
1.100000, 229560.656250, 229560.656250, 8663219.000000, 8663219.000000, -158951.625000, 61919.632812
1.150000, 299798.093750, 299798.093750, 8560891.000000, 8560891.000000, -101826.828125, 60922.207031
1.200000, 65706.421875, 65706.421875, 8422942.000000, 8422942.000000, -157207.921875, -49817.945312
1.250000, 315380.343750, 315380.343750, 8309559.500000, 8309559.500000, -144734.562500, -25267.451172
1.300000, 416949.187500, 416949.187500, 8197580.000000, 8197580.000000, -172616.375000, 36204.566406
1.350000, 245742.921875, 245742.921875, 8065289.000000, 8065289.000000, -224652.015625, 6802.856445
1.400000, 187254.390625, 187254.390625, 7953570.000000, 7953570.000000, -193973.984375, -11392.603516
1.450000, -16679.125000, -16679.125000, 7820093.500000, 7820093.500000, -209890.390625, -89069.085938
1.500000, -790.975708, -790.975708, 7710616.000000, 7710616.000000, -170434.515625, -112323.640625
1.550000, 2658.046631, 2658.046631, 7602003.500000, 7602003.500000, -152022.375000, -119154.695312
1.600000, 4918.104492, 4918.104492, 7475757.000000, 7475757.000000, -162910.500000, -145093.890625
1.650000, 113331.593750, 113331.593750, 7375716.500000, 7375716.500000, -143438.453125, -107962.117188
1.700000, 18181.095703, 18181.095703, 7254381.500000, 7254381.500000, -174124.968750, -129382.046875
1.750000, 108981.664062, 108981.664062, 7141039.500000, 7141039.500000, -126474.156250, -133237.875000
1.800000, 128049.945312, 128049.945312, 7029664.000000, 7029664.000000, -99353.031250, -143909.359375
1.850000, 24404.419922, 24404.419922, 6896437.000000, 6896437.000000, -133321.281250, -225626.906250
1.900000, 34073.859375, 34073.859375, 6783358.500000, 6783358.500000, -127398.929688, -258472.953125
1.950000, -40528.835938, -40528.835938, 6659740.000000, 6659740.000000, -149682.984375, -301748.500000
2.000000, 122629.703125, 122629.703125, 6549521.500000, 6549521.500000, -122149.500000, -298365.250000
2.050000, 207232.843750, 207232.843750, 6450402.000000, 6450402.000000, -112434.726562, -259096.171875
2.100000, 77831.515625, 77831.515625, 6324684.500000, 6324684.500000, -137190.875000, -303130.062500
2.150000, 33253.507812, 33253.507812, 6209079.000000, 6209079.000000, -119749.734375, -346413.593750
2.200000, -84007.648438, -84007.648438, 6082443.500000, 6082443.500000, -141277.468750, -404529.687500
2.250000, -19899.650391, -19899.650391, 5956949.500000, 5956949.500000, -111102.703125, -444676.906250
2.300000, 53765.089844, 53765.089844, 5849650.000000, 5849650.000000, -77852.828125, -436708.312500
2.350000, 122813.781250, 122813.781250, 5736416.000000, 5736416.000000, -71595.632812, -429282.343750
2.400000, 332945.000000, 332945.000000, 5639428.500000, 5639428.500000, -14176.153320, -378273.000000
2.450000, 220709.812500, 220709.812500, 5524725.000000, 5524725.000000, -31165.156250, -395059.750000
2.500000, 65897.882812, 65897.882812, 5392972.000000, 5392972.000000, -67306.195312, -473417.093750
2.550000, -5358.049805, -5358.049805, 5277241.000000, 5277241.000000, -85083.171875, -499451.968750
2.600000, -71471.898438, -71471.898438, 5156854.000000, 5156854.000000, -94796.570312, -519788.625000
2.650000, -16386.828125, -16386.828125, 5046584.500000, 5046584.500000, -58900.015625, -513978.281250
2.700000, -110150.750000, -110150.750000, 4928520.500000, 4928520.500000, -72961.070312, -528977.750000
2.750000, -96909.007812, -96909.007812, 4808973.500000, 4808973.500000, -47261.433594, -555498.375000
2.800000, 11982.067383, 11982.067383, 4712004.500000, 4712004.500000, 20477.919922, -535359.125000
2.850000, 20625.230469, 20625.230469, 4592159.000000, 4592159.000000, 35837.617188, -571060.062500
2.900000, 99713.390625, 99713.390625, 4467711.500000, 4467711.500000, 50172.523438, -613301.312500
2.950000, 67850.914062, 67850.914062, 4346579.500000, 4346579.500000, 13261.376953, -630600.875000
3.000000, 96819.765625, 96819.765625, 4222360.500000, 4222360.500000, -5458.514160, -631979.000000
3.050000, 132774.343750, 132774.343750, 4119580.500000, 4119580.500000, 21060.421875, -586156.812500
3.100000, 299.030518, 299.030518, 3997999.500000, 3997999.500000, 10526.967773, -611962.812500
3.150000, 519.636719, 519.636719, 3871871.750000, 3871871.750000, 29761.746094, -653380.875000
3.200000, -26427.470703, -26427.470703, 3758921.500000, 3758921.500000, 46196.984375, -653459.000000
3.250000, -44148.589844, -44148.589844, 3635628.000000, 3635628.000000, 49809.945312, -673364.937500
3.300000, 19667.015625, 19667.015625, 3519425.500000, 3519425.500000, 56347.746094, -677352.562500
3.350000, -3357.748047, -3357.748047, 3383052.750000, 3383052.750000, 24568.845703, -722633.750000
3.400000, 34685.878906, 34685.878906, 3252036.250000, 3252036.250000, 20884.662109, -732940.875000
3.450000, 75381.585938, 75381.585938, 3150453.250000, 3150453.250000, 42345.132812, -684623.687500
3.500000, 129631.609375, 129631.609375, 3028954.250000, 3028954.250000, 63963.175781, -710714.062500
3.550000, 108900.484375, 108900.484375, 2911019.500000, 2911019.500000, 72877.804688, -725511.687500
3.600000, -84130.031250, -84130.031250, 2786558.000000, 2786558.000000, 36038.253906, -753003.062500
3.650000, -125338.695312, -125338.695312, 2655306.750000, 2655306.750000, 21338.203125, -793421.375000
3.700000, -92782.968750, -92782.968750, 2538861.500000, 2538861.500000, 37503.519531, -794462.437500
3.750000, -71931.359375, -71931.359375, 2406582.750000, 2406582.750000, 43854.769531, -834286.562500
3.800000, -7340.645020, -7340.645020, 2293302.750000, 2293302.750000, 52369.109375, -840423.562500
3.850000, -3800.321045, -3800.321045, 2175164.000000, 2175164.000000, 67024.898438, -859628.312500
3.900000, 12811.000977, 12811.000977, 2050210.625000, 2050210.625000, 69437.226562, -855194.187500
3.950000, 8497.050781, 8497.050781, 1945390.000000, 1945390.000000, 45390.296875, -838961.875000
4.000000, 859.099854, 859.099854, 1796251.625000, 1796251.625000, 43245.898438, -1053495.375000
4.050000, -17017.208984, -17017.208984, 1734240.625000, 1734240.625000, 58548.890625, -1052126.250000
4.100000, -69819.250000, -69819.250000, 1823627.375000, 1823627.375000, 48587.074219, -515610.343750
4.150000, -11587.530273, -11587.530273, 1878083.000000, 1878083.000000, 46548.070312, -46174.343750
4.200000, -12138.268555, -12138.268555, 1812356.750000, 1812356.750000, 30338.785156, -175327.281250
4.250000, -44869.968750, -44869.968750, 1670605.875000, 1670605.875000, -17959.113281, -800069.500000
4.300000, 33994.675781, 33994.675781, 1625504.250000, 1625504.250000, -47295.082031, -1406197.750000
4.350000, 52200.265625, 52200.265625, 1722920.750000, 1722920.750000, -64863.273438, -1951650.500000
4.400000, 54911.515625, 54911.515625, 1872094.000000, 1872094.000000, -85259.539062, -2467702.250000
4.450000, 53194.937500, 53194.937500, 2107293.000000, 2107293.000000, -59763.945312, -2568294.750000
4.500000, 16310.886719, 16310.886719, 2328693.750000, 2328693.750000, 13309.984375, -2399662.750000
4.550000, -18423.574219, -18423.574219, 2455602.000000, 2455602.000000, 58939.218750, -2120768.000000
4.600000, -97955.968750, -97955.968750, 2536305.250000, 2536305.250000, 94331.851562, -1750045.125000
4.650000, -141074.968750, -141074.968750, 2549017.000000, 2549017.000000, 168757.671875, -1534496.250000
4.700000, -190163.406250, -190163.406250, 2552917.500000, 2552917.500000, 243008.625000, -1266462.625000
4.750000, -250426.140625, -250426.140625, 2594452.250000, 2594452.250000, 301403.500000, -906774.687500
4.800000, -194980.718750, -194980.718750, 2681961.500000, 2681961.500000, 317200.218750, -784825.750000
4.850000, -93516.101562, -93516.101562, 2763496.000000, 2763496.000000, 262983.125000, -900027.687500
4.900000, 3075.371094, 3075.371094, 2748305.000000, 2748305.000000, 174142.218750, -1081748.250000
4.950000, 56905.820312, 56905.820312, 2740674.250000, 2740674.250000, 54561.117188, -1249316.750000
5.000000, 74999.578125, 74999.578125, 2736071.250000, 2736071.250000, -88340.218750, -1502123.250000
5.050000, 89554.492188, 89554.492188, 2679079.500000, 2679079.500000, -180818.031250, -1699457.875000
5.100000, 38086.046875, 38086.046875, 2677537.000000, 2677537.000000, -146852.468750, -1718357.375000
5.150000, -5798.521484, -5798.521484, 2698395.250000, 2698395.250000, -34877.828125, -1763610.000000
5.200000, -7551.578613, -7551.578613, 2697246.000000, 2697246.000000, 21089.492188, -1723099.625000
5.250000, -7795.433105, -7795.433105, 2687327.000000, 2687327.000000, 13392.970703, -1618165.250000
5.300000, 1313.372925, 1313.372925, 2654228.000000, 2654228.000000, 4928.378418, -1628544.500000
5.350000, -7922.552246, -7922.552246, 2628099.500000, 2628099.500000, 1914.737793, -1609919.500000
5.400000, -2781.071777, -2781.071777, 2595259.500000, 2595259.500000, 4529.778809, -1566897.500000
5.450000, 426.602631, 426.602631, 2561600.750000, 2561600.750000, 5499.798340, -1524386.500000
5.500000, -15781.425781, -15781.425781, 2531184.250000, 2531184.250000, 1310.415527, -1489334.000000
5.550000, -2788.375000, -2788.375000, 2484606.750000, 2484606.750000, 3984.274414, -1500438.750000
5.600000, 1118.970947, 1118.970947, 2453832.750000, 2453832.750000, 5912.706055, -1471566.375000
5.650000, -4214.770020, -4214.770020, 2420606.500000, 2420606.500000, 4195.486328, -1460159.000000
5.700000, -4871.189453, -4871.189453, 2384598.750000, 2384598.750000, 2577.336182, -1451477.750000
5.750000, -7636.508301, -7636.508301, 2359022.750000, 2359022.750000, 927.334595, -1398970.625000
5.800000, 1799.356812, 1799.356812, 2318494.750000, 2318494.750000, 1658.198242, -1376368.750000
5.850000, -4132.652344, -4132.652344, 2284238.000000, 2284238.000000, 2121.351318, -1345759.625000
5.900000, -7396.320312, -7396.320312, 2251612.500000, 2251612.500000, 3262.832520, -1320743.375000
5.950000, 286.886902, 286.886902, 2214184.750000, 2214184.750000, 4733.637695, -1295111.375000
6.000000, -3570.086182, -3570.086182, 2184609.750000, 2184609.750000, 4731.372070, -1250113.625000
6.050000, -2231.704102, -2231.704102, 2146044.000000, 2146044.000000, 5725.623047, -1246096.375000
6.100000, -4045.375244, -4045.375244, 2109819.750000, 2109819.750000, 6331.370117, -1232582.500000
6.150000, -5088.933594, -5088.933594, 2077779.375000, 2077779.375000, 4466.294922, -1193452.500000
6.200000, -4476.969238, -4476.969238, 2043705.250000, 2043705.250000, 2720.272461, -1157820.500000
6.250000, -6598.067383, -6598.067383, 2011218.875000, 2011218.875000, 4719.639648, -1134376.500000
6.300000, 1727.123657, 1727.123657, 1973123.875000, 1973123.875000, 5997.266602, -1125654.625000
6.350000, -494.609741, -494.609741, 1940484.875000, 1940484.875000, 4287.150391, -1097186.000000
6.400000, -4733.750977, -4733.750977, 1905883.250000, 1905883.250000, 4231.388672, -1083714.625000
6.450000, 254.789459, 254.789459, 1867549.625000, 1867549.625000, 4799.322754, -1073039.125000
6.500000, -675.823364, -675.823364, 1838735.250000, 1838735.250000, 4382.648926, -1033360.562500
6.550000, -612.735352, -612.735352, 1805997.125000, 1805997.125000, 3039.153564, -1003664.437500
6.600000, -4105.400391, -4105.400391, 1771395.875000, 1771395.875000, 3124.114746, -979327.125000
6.650000, -4044.920898, -4044.920898, 1734210.625000, 1734210.625000, 4271.967285, -977482.250000
6.700000, 694.249878, 694.249878, 1695128.250000, 1695128.250000, 3997.214355, -970771.625000
6.750000, -2544.140137, -2544.140137, 1665161.250000, 1665161.250000, 5653.238770, -933818.437500
6.800000, -1636.094238, -1636.094238, 1627902.375000, 1627902.375000, 5090.843262, -925130.062500
6.850000, -2118.549805, -2118.549805, 1588065.000000, 1588065.000000, 3061.345215, -914353.937500
6.900000, -4843.340820, -4843.340820, 1556647.625000, 1556647.625000, 4820.326172, -885944.562500
6.950000, -1837.346924, -1837.346924, 1524477.500000, 1524477.500000, 4400.496582, -862219.687500
7.000000, -573.223022, -573.223022, 1494757.000000, 1494757.000000, 4719.279297, -833691.875000
7.050000, -282.057556, -282.057556, 1460568.875000, 1460568.875000, 5350.740234, -824612.562500
7.100000, -4503.548340, -4503.548340, 1420543.000000, 1420543.000000, 2709.780273, -815946.250000
7.150000, -5809.886230, -5809.886230, 1386859.250000, 1386859.250000, 3563.074951, -791684.000000
7.200000, -162.993820, -162.993820, 1357504.125000, 1357504.125000, 4821.396484, -763492.687500
7.250000, -2611.568604, -2611.568604, 1326543.750000, 1326543.750000, 5030.747070, -731744.750000
7.300000, -4594.558594, -4594.558594, 1287904.500000, 1287904.500000, 5647.409668, -726584.625000
7.350000, -1200.440552, -1200.440552, 1249794.625000, 1249794.625000, 4165.651367, -726206.375000
7.400000, -1844.942261, -1844.942261, 1221422.625000, 1221422.625000, 3547.581787, -701546.125000
7.450000, -2852.069336, -2852.069336, 1190109.750000, 1190109.750000, 3513.333252, -680724.687500
7.500000, -2800.729980, -2800.729980, 1153432.500000, 1153432.500000, 3939.967773, -669814.687500
7.550000, -3076.375000, -3076.375000, 1118588.000000, 1118588.000000, 4221.238770, -655523.937500
7.600000, -3508.792480, -3508.792480, 1087414.625000, 1087414.625000, 4103.417480, -623867.687500
7.650000, -4255.020020, -4255.020020, 1059096.500000, 1059096.500000, 6442.257324, -588879.312500
7.700000, -4611.762695, -4611.762695, 1025886.062500, 1025886.062500, 8382.591797, -574880.937500
7.750000, -5911.550293, -5911.550293, 989754.062500, 989754.062500, 9295.439453, -566052.437500
7.800000, -6394.073242, -6394.073242, 955773.000000, 955773.000000, 9082.662109, -549755.500000
7.850000, -4162.118164, -4162.118164, 920654.937500, 920654.937500, 8835.757812, -531404.312500
7.900000, -3426.139648, -3426.139648, 888956.000000, 888956.000000, 10291.065430, -510733.343750
7.950000, -6799.182617, -6799.182617, 858808.437500, 858808.437500, 9349.066406, -483623.000000
8.000000, -8386.539062, -8386.539062, 823543.625000, 823543.625000, 9551.474609, -461379.687500
8.050000, -6476.782227, -6476.782227, 789793.812500, 789793.812500, 12376.583008, -446186.562500
8.100000, -7334.858398, -7334.858398, 758110.375000, 758110.375000, 13629.046875, -418127.406250
8.150000, -8258.562500, -8258.562500, 724967.937500, 724967.937500, 15383.130859, -395013.343750
8.200000, -6697.818848, -6697.818848, 691273.750000, 691273.750000, 15272.727539, -384907.343750
8.250000, -7007.394531, -7007.394531, 655808.250000, 655808.250000, 11618.837891, -362685.093750
8.300000, -7685.201172, -7685.201172, 622410.750000, 622410.750000, 10888.539062, -341410.906250
8.350000, -7697.876953, -7697.876953, 590310.500000, 590310.500000, 13905.111328, -328637.000000
8.400000, -7366.110840, -7366.110840, 556726.375000, 556726.375000, 14054.589844, -312905.156250
8.450000, -6652.612793, -6652.612793, 524468.687500, 524468.687500, 12295.105469, -294323.000000
8.500000, -7218.886230, -7218.886230, 490176.437500, 490176.437500, 12444.314453, -271049.906250
8.550000, -6332.054688, -6332.054688, 455590.062500, 455590.062500, 11062.055664, -250646.921875
8.600000, -4845.503906, -4845.503906, 424792.750000, 424792.750000, 10041.116211, -230156.000000
8.650000, -5727.770020, -5727.770020, 393957.312500, 393957.312500, 10912.774414, -208258.109375
8.700000, -5701.869629, -5701.869629, 357557.156250, 357557.156250, 9952.449219, -196999.062500
8.750000, -4607.394531, -4607.394531, 317796.906250, 317796.906250, 8723.531250, -179349.562500
8.800000, -4397.357422, -4397.357422, 286357.750000, 286357.750000, 7606.916992, -153993.953125
8.850000, -4433.143066, -4433.143066, 254244.484375, 254244.484375, 7075.633301, -142160.953125
8.900000, -4297.863281, -4297.863281, 216191.468750, 216191.468750, 7497.340820, -132073.656250
8.950000, -3463.852051, -3463.852051, 185534.000000, 185534.000000, 5759.127930, -112013.437500
9.000000, -2461.777344, -2461.777344, 151466.031250, 151466.031250, 4049.541260, -87010.867188
9.050000, -1872.289429, -1872.289429, 117653.093750, 117653.093750, 3979.521484, -61384.148438
9.100000, -1122.187988, -1122.187988, 92588.421875, 92588.421875, 2852.767090, -39393.746094
9.150000, -399.858246, -399.858246, 53668.312500, 53668.312500, 1112.424438, -19525.488281
9.200000, -76.192146, -76.192146, 13727.517578, 13727.517578, 221.411621, -4723.912109
