Time 1XX 1YY 2XX 2YY 1X2Y 1Y2X 
-9.350000, 0.000000, 0.000000, 0.000000, 0.000000, 0.000000, 0.000000
-9.300000, 85.017967, 85.017967, 11402.302734, 11402.302734, -1445.305420, -670.723694
-9.250000, 548.607422, 548.607422, 44833.921875, 44833.921875, -8095.413086, -3208.519531
-9.200000, 1356.584961, 1356.584961, 78188.796875, 78188.796875, -19645.589844, -5231.290039
-9.150000, 1840.779785, 1840.779785, 99962.015625, 99962.015625, -28669.832031, -5944.367188
-9.100000, 2119.567383, 2119.567383, 128356.382812, 128356.382812, -33662.308594, -9036.058594
-9.050000, 2877.321045, 2877.321045, 158241.906250, 158241.906250, -40888.453125, -11001.225586
-9.000000, 3311.117920, 3311.117920, 184290.312500, 184290.312500, -50628.894531, -10273.658203
-8.950000, 3044.199219, 3044.199219, 213022.781250, 213022.781250, -60037.136719, -10447.653320
-8.900000, 2958.367432, 2958.367432, 239442.250000, 239442.250000, -70487.523438, -9341.309570
-8.850000, 3227.710205, 3227.710205, 266576.062500, 266576.062500, -83330.195312, -9081.025391
-8.800000, 3427.824707, 3427.824707, 295041.343750, 295041.343750, -91450.273438, -10094.705078
-8.750000, 3010.241943, 3010.241943, 321637.375000, 321637.375000, -93130.078125, -9815.297852
-8.700000, 3399.413574, 3399.413574, 348452.125000, 348452.125000, -103721.406250, -9739.097656
-8.650000, 3714.010010, 3714.010010, 374494.875000, 374494.875000, -119277.484375, -7946.442383
-8.600000, 2112.123291, 2112.123291, 401846.437500, 401846.437500, -126673.148438, -8188.086914
-8.550000, 2466.242920, 2466.242920, 428661.250000, 428661.250000, -132958.828125, -9560.802734
-8.500000, 3003.601562, 3003.601562, 455293.875000, 455293.875000, -138280.031250, -6534.648438
-8.450000, 1929.440552, 1929.440552, 483415.718750, 483415.718750, -146710.843750, -6184.828613
-8.400000, 2810.681885, 2810.681885, 508326.187500, 508326.187500, -161608.734375, -7994.914062
-8.350000, 2869.656250, 2869.656250, 534161.375000, 534161.375000, -172619.953125, -8880.250977
-8.300000, 3214.035889, 3214.035889, 562290.625000, 562290.625000, -183079.390625, -10590.417969
-8.250000, 4177.887207, 4177.887207, 589877.375000, 589877.375000, -195660.562500, -10279.137695
-8.200000, 4414.852051, 4414.852051, 617503.937500, 617503.937500, -208700.937500, -11634.964844
-8.150000, 5683.255859, 5683.255859, 642983.250000, 642983.250000, -214889.671875, -13292.447266
-8.100000, 3308.035889, 3308.035889, 669298.250000, 669298.250000, -216804.359375, -9811.090820
-8.050000, 2386.807129, 2386.807129, 696465.250000, 696465.250000, -233032.656250, -7270.950195
-8.000000, 3818.480957, 3818.480957, 722339.562500, 722339.562500, -243918.750000, -8666.287109
-7.950000, 2347.120850, 2347.120850, 750074.250000, 750074.250000, -245651.656250, -10803.548828
-7.900000, 4619.407715, 4619.407715, 776895.875000, 776895.875000, -259756.890625, -11657.259766
-7.850000, 4548.978027, 4548.978027, 801678.562500, 801678.562500, -270706.468750, -12797.572266
-7.800000, 3826.055176, 3826.055176, 828223.625000, 828223.625000, -279779.625000, -16425.164062
-7.750000, 7354.204102, 7354.204102, 856270.125000, 856270.125000, -290791.812500, -16846.669922
-7.700000, 4376.188477, 4376.188477, 882477.750000, 882477.750000, -299485.843750, -12564.440430
-7.650000, 2986.237793, 2986.237793, 907120.187500, 907120.187500, -316271.812500, -11015.936523
-7.600000, 5080.379883, 5080.379883, 934292.562500, 934292.562500, -327170.281250, -12232.159180
-7.550000, 5236.000977, 5236.000977, 961500.437500, 961500.437500, -333055.281250, -12738.459961
-7.500000, 6167.370117, 6167.370117, 987046.875000, 987046.875000, -343882.656250, -12213.373047
-7.450000, 2934.602295, 2934.602295, 1013754.750000, 1013754.750000, -351852.375000, -11578.589844
-7.400000, 4242.335449, 4242.335449, 1040423.750000, 1040423.750000, -360980.250000, -13500.652344
-7.350000, 7526.353516, 7526.353516, 1068127.000000, 1068127.000000, -367953.718750, -14614.059570
-7.300000, 3107.672363, 3107.672363, 1096209.875000, 1096209.875000, -374255.031250, -13015.545898
-7.250000, 3133.346680, 3133.346680, 1122748.000000, 1122748.000000, -381475.812500, -13241.921875
-7.200000, 4363.444336, 4363.444336, 1150174.125000, 1150174.125000, -387740.687500, -13045.682617
-7.150000, 3613.251953, 3613.251953, 1176697.750000, 1176697.750000, -401715.656250, -10095.374023
-7.100000, 2672.688965, 2672.688965, 1200534.500000, 1200534.500000, -408953.343750, -7451.659668
-7.050000, -271.934082, -271.934082, 1219383.750000, 1219383.750000, -412808.968750, -16282.046875
-7.000000, 12300.091797, 12300.091797, 1227217.000000, 1227217.000000, -427111.187500, -62805.433594
-6.950000, 37422.460938, 37422.460938, 1228094.000000, 1228094.000000, -432523.343750, -143202.750000
-6.900000, 53302.777344, 53302.777344, 1239331.125000, 1239331.125000, -432936.656250, -177852.281250
-6.850000, 48727.457031, 48727.457031, 1266554.125000, 1266554.125000, -439708.125000, -121880.031250
-6.800000, 21479.894531, 21479.894531, 1289835.500000, 1289835.500000, -447001.687500, -51870.617188
-6.750000, -3890.914062, -3890.914062, 1304867.375000, 1304867.375000, -452577.812500, 15268.960938
-6.700000, -22394.656250, -22394.656250, 1321329.000000, 1321329.000000, -453885.812500, 126022.062500
-6.650000, -46889.742188, -46889.742188, 1325342.625000, 1325342.625000, -460057.906250, 215560.875000
-6.600000, -58762.179688, -58762.179688, 1320274.750000, 1320274.750000, -468466.593750, 271083.718750
-6.550000, -68294.460938, -68294.460938, 1319015.125000, 1319015.125000, -465979.312500, 341337.656250
-6.500000, -102036.914062, -102036.914062, 1310001.000000, 1310001.000000, -462467.250000, 380809.781250
-6.450000, -136654.031250, -136654.031250, 1295587.500000, 1295587.500000, -465215.781250, 388181.718750
-6.400000, -130937.273438, -130937.273438, 1280927.000000, 1280927.000000, -461309.718750, 379418.125000
-6.350000, -94191.257812, -94191.257812, 1264649.125000, 1264649.125000, -448077.218750, 320926.843750
-6.300000, -82555.281250, -82555.281250, 1250405.375000, 1250405.375000, -446920.937500, 221888.203125
-6.250000, -76363.703125, -76363.703125, 1240836.875000, 1240836.875000, -450614.937500, 117438.953125
-6.200000, -43511.359375, -43511.359375, 1249242.625000, 1249242.625000, -444336.687500, 42684.007812
-6.150000, -28787.763672, -28787.763672, 1267799.000000, 1267799.000000, -448555.968750, 6784.083984
-6.100000, -12947.166992, -12947.166992, 1276880.000000, 1276880.000000, -449206.937500, 2679.976074
-6.050000, 11505.582031, 11505.582031, 1278195.750000, 1278195.750000, -434983.406250, 2265.646484
-6.000000, 11648.801758, 11648.801758, 1271682.750000, 1271682.750000, -427589.625000, -1998.735229
-5.950000, 17662.638672, 17662.638672, 1266957.625000, 1266957.625000, -421152.218750, 25342.681641
-5.900000, 7348.738770, 7348.738770, 1270129.250000, 1270129.250000, -418715.187500, 50039.062500
-5.850000, -40188.230469, -40188.230469, 1273426.750000, 1273426.750000, -427830.750000, 80894.250000
-5.800000, -80132.523438, -80132.523438, 1275391.625000, 1275391.625000, -438267.312500, 135948.625000
-5.750000, -78092.835938, -78092.835938, 1272832.125000, 1272832.125000, -429331.468750, 141288.140625
-5.700000, -58261.210938, -58261.210938, 1275870.000000, 1275870.000000, -409013.875000, 125915.468750
-5.650000, -69455.367188, -69455.367188, 1284334.750000, 1284334.750000, -415631.687500, 125234.601562
-5.600000, -58847.195312, -58847.195312, 1286819.625000, 1286819.625000, -410230.687500, 116373.382812
-5.550000, -44319.570312, -44319.570312, 1294477.000000, 1294477.000000, -393439.031250, 118619.054688
-5.500000, -65573.695312, -65573.695312, 1299563.625000, 1299563.625000, -411425.093750, 113064.562500
-5.450000, -40531.613281, -40531.613281, 1298930.125000, 1298930.125000, -406779.000000, 99298.585938
-5.400000, -11239.501953, -11239.501953, 1308455.250000, 1308455.250000, -396433.156250, 102486.742188
-5.350000, 5285.019531, 5285.019531, 1312671.375000, 1312671.375000, -418369.156250, 101300.312500
-5.300000, 20960.589844, 20960.589844, 1309092.500000, 1309092.500000, -425638.218750, 90135.968750
-5.250000, -22225.843750, -22225.843750, 1313288.500000, 1313288.500000, -430642.593750, 82554.367188
-5.200000, -47885.269531, -47885.269531, 1317989.375000, 1317989.375000, -433479.093750, 82406.546875
-5.150000, -51846.558594, -51846.558594, 1319865.875000, 1319865.875000, -433962.156250, 81834.515625
-5.100000, -70748.117188, -70748.117188, 1323000.750000, 1323000.750000, -443167.718750, 75861.000000
-5.050000, -67205.703125, -67205.703125, 1326330.625000, 1326330.625000, -439190.656250, 70553.289062
-5.000000, -67018.695312, -67018.695312, 1329453.375000, 1329453.375000, -444401.000000, 66034.164062
-4.950000, -64399.339844, -64399.339844, 1333823.000000, 1333823.000000, -446721.625000, 65213.691406
-4.900000, -50355.441406, -50355.441406, 1338348.500000, 1338348.500000, -441787.093750, 64969.277344
-4.850000, -6676.988770, -6676.988770, 1338832.500000, 1338832.500000, -456632.843750, 61304.347656
-4.800000, 27056.933594, 27056.933594, 1339154.500000, 1339154.500000, -461345.187500, 61279.886719
-4.750000, 10633.737305, 10633.737305, 1343662.000000, 1343662.000000, -459276.125000, 60192.621094
-4.700000, 57937.390625, 57937.390625, 1347791.750000, 1347791.750000, -462745.375000, 57238.859375
-4.650000, 83473.656250, 83473.656250, 1347934.000000, 1347934.000000, -483960.312500, 53453.687500
-4.600000, 13787.136719, 13787.136719, 1347748.125000, 1347748.125000, -514493.062500, 42273.277344
-4.550000, -4576.947754, -4576.947754, 1352013.125000, 1352013.125000, -506933.468750, 34284.656250
-4.500000, -19667.205078, -19667.205078, 1354813.000000, 1354813.000000, -509898.593750, 30592.080078
-4.450000, -55530.941406, -55530.941406, 1354319.875000, 1354319.875000, -529705.312500, 20717.089844
-4.400000, -48237.878906, -48237.878906, 1358582.375000, 1358582.375000, -523759.593750, 14896.250977
-4.350000, -36144.210938, -36144.210938, 1364037.500000, 1364037.500000, -526826.500000, 15719.410156
-4.300000, -14586.674805, -14586.674805, 1365912.875000, 1365912.875000, -526381.812500, 8865.734375
-4.250000, -17167.388672, -17167.388672, 1368267.875000, 1368267.875000, -538376.250000, -4281.605469
-4.200000, -41614.929688, -41614.929688, 1374047.250000, 1374047.250000, -569663.750000, -13495.422852
-4.150000, -20602.251953, -20602.251953, 1382185.750000, 1382185.750000, -554319.187500, -19999.119141
-4.100000, 6591.080078, 6591.080078, 1386630.625000, 1386630.625000, -544256.187500, -20901.388672
-4.050000, 14121.216797, 14121.216797, 1388966.125000, 1388966.125000, -564219.062500, -19248.806641
-4.000000, 28813.722656, 28813.722656, 1393199.875000, 1393199.875000, -554532.187500, -25031.992188
-3.950000, 47531.148438, 47531.148438, 1394821.125000, 1394821.125000, -556233.750000, -26360.970703
-3.900000, 26393.535156, 26393.535156, 1399530.000000, 1399530.000000, -577547.437500, -31810.050781
-3.850000, -7735.947754, -7735.947754, 1406977.750000, 1406977.750000, -572647.000000, -43968.835938
-3.800000, 8924.822266, 8924.822266, 1408947.125000, 1408947.125000, -577851.062500, -37502.632812
-3.750000, -6882.645020, -6882.645020, 1417051.750000, 1417051.750000, -589019.875000, -39896.812500
-3.700000, -34572.324219, -34572.324219, 1426632.875000, 1426632.875000, -580126.437500, -47790.511719
-3.650000, 17602.226562, 17602.226562, 1428322.250000, 1428322.250000, -597781.312500, -34727.917969
-3.600000, 46774.582031, 46774.582031, 1433036.000000, 1433036.000000, -629327.250000, -40483.636719
-3.550000, 52185.535156, 52185.535156, 1424955.750000, 1424955.750000, -639675.312500, -43778.859375
-3.500000, 78356.335938, 78356.335938, 1409485.875000, 1409485.875000, -566394.500000, -28026.498047
-3.450000, 58484.417969, 58484.417969, 1418013.000000, 1418013.000000, -389209.000000, -39746.156250
-3.400000, 47495.921875, 47495.921875, 1423428.375000, 1423428.375000, -299473.093750, -49447.390625
-3.350000, 64334.292969, 64334.292969, 1401758.500000, 1401758.500000, -282803.250000, -42318.035156
-3.300000, 25189.654297, 25189.654297, 1372893.000000, 1372893.000000, -216518.968750, -48343.699219
-3.250000, -8579.558594, -8579.558594, 1354273.375000, 1354273.375000, -227466.906250, -55202.062500
-3.200000, 40815.019531, 40815.019531, 1362019.375000, 1362019.375000, -257282.984375, -52118.019531
-3.150000, 71957.890625, 71957.890625, 1399625.750000, 1399625.750000, -273480.343750, -50299.875000
-3.100000, 57314.863281, 57314.863281, 1437971.250000, 1437971.250000, -438957.218750, -63316.742188
-3.050000, 100060.757812, 100060.757812, 1428153.625000, 1428153.625000, -708585.312500, -65991.101562
-3.000000, 104318.914062, 104318.914062, 1371440.875000, 1371440.875000, -1015762.000000, -55223.996094
-2.950000, 26644.351562, 26644.351562, 1317610.500000, 1317610.500000, -1253179.625000, -69802.687500
-2.900000, 37465.074219, 37465.074219, 1271173.750000, 1271173.750000, -1305586.125000, -76023.968750
-2.850000, 81628.203125, 81628.203125, 1222166.125000, 1222166.125000, -1273113.125000, -61378.769531
-2.800000, 40121.019531, 40121.019531, 1180620.000000, 1180620.000000, -1194042.875000, -63671.886719
-2.750000, -1877.283813, -1877.283813, 1154961.500000, 1154961.500000, -1023112.250000, -76504.757812
-2.700000, -24940.951172, -24940.951172, 1145233.375000, 1145233.375000, -808718.125000, -100210.554688
-2.650000, -90366.460938, -90366.460938, 1135946.625000, 1135946.625000, -605947.187500, -120191.960938
-2.600000, -119771.085938, -119771.085938, 1156684.000000, 1156684.000000, -322288.875000, -124777.734375
-2.550000, -62456.992188, -62456.992188, 1214073.125000, 1214073.125000, 14258.583984, -130178.781250
-2.500000, -63379.121094, -63379.121094, 1256897.000000, 1256897.000000, 195776.562500, -125828.890625
-2.450000, -108082.164062, -108082.164062, 1313684.000000, 1313684.000000, 340580.437500, -131097.984375
-2.400000, -66969.218750, -66969.218750, 1377766.375000, 1377766.375000, 435602.375000, -141390.062500
-2.350000, 16475.158203, 16475.158203, 1377337.625000, 1377337.625000, 224716.593750, -121248.304688
-2.300000, 79767.343750, 79767.343750, 1360302.750000, 1360302.750000, -33990.773438, -113770.882812
-2.250000, 35262.375000, 35262.375000, 1390948.750000, 1390948.750000, -86465.859375, -126497.796875
-2.200000, -11478.725586, -11478.725586, 1450930.125000, 1450930.125000, -42760.890625, -122551.046875
-2.150000, 85537.273438, 85537.273438, 1516699.500000, 1516699.500000, 4959.025391, -120453.179688
-2.100000, 83191.429688, 83191.429688, 1580244.625000, 1580244.625000, -3022.037598, -130126.140625
-2.050000, -3533.165283, -3533.165283, 1641253.750000, 1641253.750000, -11789.702148, -146600.875000
-2.000000, 18483.835938, 18483.835938, 1698892.000000, 1698892.000000, 2811.489746, -157249.734375
-1.950000, 28066.810547, 28066.810547, 1760577.875000, 1760577.875000, 3356.921875, -155827.437500
-1.900000, 18424.986328, 18424.986328, 1826978.750000, 1826978.750000, 28496.724609, -172299.578125
-1.850000, -17339.986328, -17339.986328, 1890700.625000, 1890700.625000, 36777.726562, -188130.859375
-1.800000, -83201.531250, -83201.531250, 1958709.750000, 1958709.750000, 30150.638672, -177700.843750
-1.750000, -59890.214844, -59890.214844, 2023806.750000, 2023806.750000, 49405.722656, -173009.750000
-1.700000, -21462.505859, -21462.505859, 2082575.625000, 2082575.625000, 46407.503906, -172485.859375
-1.650000, 24199.810547, 24199.810547, 2143957.750000, 2143957.750000, 48820.757812, -158805.906250
-1.600000, 100977.476562, 100977.476562, 2203329.750000, 2203329.750000, 85765.171875, -148787.484375
-1.550000, 73449.710938, 73449.710938, 2262879.500000, 2262879.500000, 97406.125000, -155481.250000
-1.500000, 34528.160156, 34528.160156, 2325355.750000, 2325355.750000, 89526.359375, -162317.265625
-1.450000, 97603.609375, 97603.609375, 2385406.250000, 2385406.250000, 108500.000000, -166471.250000
-1.400000, 108844.507812, 108844.507812, 2442732.500000, 2442732.500000, 119014.984375, -189646.312500
-1.350000, 137617.546875, 137617.546875, 2507028.750000, 2507028.750000, 110347.304688, -191003.062500
-1.300000, 262892.093750, 262892.093750, 2578143.500000, 2578143.500000, 100411.578125, -167518.250000
-1.250000, 129969.843750, 129969.843750, 2648699.750000, 2648699.750000, 48559.089844, -159809.812500
-1.200000, -330103.531250, -330103.531250, 2724828.500000, 2724828.500000, -35302.953125, -146014.484375
-1.150000, -771699.312500, -771699.312500, 2784935.000000, 2784935.000000, -124330.101562, -198127.015625
-1.100000, -775449.625000, -775449.625000, 2840325.000000, 2840325.000000, -138641.265625, -269541.437500
-1.050000, -233192.046875, -233192.046875, 2933762.000000, 2933762.000000, -41071.351562, -189028.125000
-1.000000, 230088.890625, 230088.890625, 3012715.500000, 3012715.500000, -4684.921387, -126455.820312
-0.950000, 626054.750000, 626054.750000, 3055402.500000, 3055402.500000, 26548.978516, -212560.140625
-0.900000, 1266371.000000, 1266371.000000, 3099790.500000, 3099790.500000, 124885.570312, -337717.468750
-0.850000, 1581896.250000, 1581896.250000, 3135677.750000, 3135677.750000, 116303.375000, -529376.125000
-0.800000, 1863107.250000, 1863107.250000, 3203200.250000, 3203200.250000, 173464.812500, -673617.187500
-0.750000, 2451054.250000, 2451054.250000, 3341721.000000, 3341721.000000, 348516.375000, -529697.750000
-0.700000, 2466239.500000, 2466239.500000, 3498697.750000, 3498697.750000, 337622.125000, -220412.484375
-0.650000, 1575277.625000, 1575277.625000, 3616352.000000, 3616352.000000, 176772.296875, -28573.851562
-0.600000, 20980.265625, 20980.265625, 3693787.250000, 3693787.250000, -27013.464844, 41948.808594
-0.550000, -1914098.375000, -1914098.375000, 3762080.000000, 3762080.000000, -240942.640625, 46716.960938
-0.500000, -3734701.500000, -3734701.500000, 3807948.000000, 3807948.000000, -341490.968750, -104949.906250
-0.450000, -4901554.500000, -4901554.500000, 3837280.500000, 3837280.500000, -289773.125000, -340701.250000
-0.400000, -5162715.500000, -5162715.500000, 3893996.000000, 3893996.000000, -68676.281250, -541103.625000
-0.350000, -4626920.000000, -4626920.000000, 3972848.750000, 3972848.750000, 222543.703125, -700308.750000
-0.300000, -3523001.750000, -3523001.750000, 4043899.500000, 4043899.500000, 384869.750000, -854549.687500
-0.250000, -2191683.500000, -2191683.500000, 4087849.500000, 4087849.500000, 433568.593750, -1111442.750000
-0.200000, -142170.578125, -142170.578125, 4163642.500000, 4163642.500000, 532677.062500, -1281491.250000
-0.150000, 2541620.000000, 2541620.000000, 4284635.500000, 4284635.500000, 627060.687500, -1214760.125000
-0.100000, 4875868.500000, 4875868.500000, 4408337.500000, 4408337.500000, 620141.375000, -1004776.937500
-0.050000, 7535375.500000, 7535375.500000, 4617171.000000, 4617171.000000, 636256.562500, -393825.031250
0.000000, 9170584.000000, 9170584.000000, 4763605.500000, 4763605.500000, 373360.656250, 373360.656250
0.050000, 7535375.500000, 7535375.500000, 4617171.000000, 4617171.000000, -393825.031250, 636256.562500
0.100000, 4875868.500000, 4875868.500000, 4408337.500000, 4408337.500000, -1004776.937500, 620141.375000
0.150000, 2541620.000000, 2541620.000000, 4284635.500000, 4284635.500000, -1214760.125000, 627060.687500
0.200000, -142170.578125, -142170.578125, 4163642.500000, 4163642.500000, -1281491.250000, 532677.062500
0.250000, -2191683.500000, -2191683.500000, 4087849.500000, 4087849.500000, -1111442.750000, 433568.593750
0.300000, -3523001.750000, -3523001.750000, 4043899.500000, 4043899.500000, -854549.687500, 384869.750000
0.350000, -4626920.000000, -4626920.000000, 3972848.750000, 3972848.750000, -700308.750000, 222543.703125
0.400000, -5162715.500000, -5162715.500000, 3893996.000000, 3893996.000000, -541103.625000, -68676.281250
0.450000, -4901554.500000, -4901554.500000, 3837280.500000, 3837280.500000, -340701.250000, -289773.125000
0.500000, -3734701.500000, -3734701.500000, 3807948.000000, 3807948.000000, -104949.906250, -341490.968750
0.550000, -1914098.375000, -1914098.375000, 3762080.000000, 3762080.000000, 46716.960938, -240942.640625
0.600000, 20980.265625, 20980.265625, 3693787.250000, 3693787.250000, 41948.808594, -27013.464844
0.650000, 1575277.625000, 1575277.625000, 3616352.000000, 3616352.000000, -28573.851562, 176772.296875
0.700000, 2466239.500000, 2466239.500000, 3498697.750000, 3498697.750000, -220412.484375, 337622.125000
0.750000, 2451054.250000, 2451054.250000, 3341721.000000, 3341721.000000, -529697.750000, 348516.375000
0.800000, 1863107.250000, 1863107.250000, 3203200.250000, 3203200.250000, -673617.187500, 173464.812500
0.850000, 1581896.250000, 1581896.250000, 3135677.750000, 3135677.750000, -529376.125000, 116303.375000
0.900000, 1266371.000000, 1266371.000000, 3099790.500000, 3099790.500000, -337717.468750, 124885.570312
0.950000, 626054.750000, 626054.750000, 3055402.500000, 3055402.500000, -212560.140625, 26548.978516
1.000000, 230088.890625, 230088.890625, 3012715.500000, 3012715.500000, -126455.820312, -4684.921387
1.050000, -233192.046875, -233192.046875, 2933762.000000, 2933762.000000, -189028.125000, -41071.351562
1.100000, -775449.625000, -775449.625000, 2840325.000000, 2840325.000000, -269541.437500, -138641.265625
1.150000, -771699.312500, -771699.312500, 2784935.000000, 2784935.000000, -198127.015625, -124330.101562
1.200000, -330103.531250, -330103.531250, 2724828.500000, 2724828.500000, -146014.484375, -35302.953125
1.250000, 129969.843750, 129969.843750, 2648699.750000, 2648699.750000, -159809.812500, 48559.089844
1.300000, 262892.093750, 262892.093750, 2578143.500000, 2578143.500000, -167518.250000, 100411.578125
1.350000, 137617.546875, 137617.546875, 2507028.750000, 2507028.750000, -191003.062500, 110347.304688
1.400000, 108844.507812, 108844.507812, 2442732.500000, 2442732.500000, -189646.312500, 119014.984375
1.450000, 97603.609375, 97603.609375, 2385406.250000, 2385406.250000, -166471.250000, 108500.000000
1.500000, 34528.160156, 34528.160156, 2325355.750000, 2325355.750000, -162317.265625, 89526.359375
1.550000, 73449.710938, 73449.710938, 2262879.500000, 2262879.500000, -155481.250000, 97406.125000
1.600000, 100977.476562, 100977.476562, 2203329.750000, 2203329.750000, -148787.484375, 85765.171875
1.650000, 24199.810547, 24199.810547, 2143957.750000, 2143957.750000, -158805.906250, 48820.757812
1.700000, -21462.505859, -21462.505859, 2082575.625000, 2082575.625000, -172485.859375, 46407.503906
1.750000, -59890.214844, -59890.214844, 2023806.750000, 2023806.750000, -173009.750000, 49405.722656
1.800000, -83201.531250, -83201.531250, 1958709.750000, 1958709.750000, -177700.843750, 30150.638672
1.850000, -17339.986328, -17339.986328, 1890700.625000, 1890700.625000, -188130.859375, 36777.726562
1.900000, 18424.986328, 18424.986328, 1826978.750000, 1826978.750000, -172299.578125, 28496.724609
1.950000, 28066.810547, 28066.810547, 1760577.875000, 1760577.875000, -155827.437500, 3356.921875
2.000000, 18483.835938, 18483.835938, 1698892.000000, 1698892.000000, -157249.734375, 2811.489746
2.050000, -3533.165283, -3533.165283, 1641253.750000, 1641253.750000, -146600.875000, -11789.702148
2.100000, 83191.429688, 83191.429688, 1580244.625000, 1580244.625000, -130126.140625, -3022.037598
2.150000, 85537.273438, 85537.273438, 1516699.500000, 1516699.500000, -120453.179688, 4959.025391
2.200000, -11478.725586, -11478.725586, 1450930.125000, 1450930.125000, -122551.046875, -42760.890625
2.250000, 35262.375000, 35262.375000, 1390948.750000, 1390948.750000, -126497.796875, -86465.859375
2.300000, 79767.343750, 79767.343750, 1360302.750000, 1360302.750000, -113770.882812, -33990.773438
2.350000, 16475.158203, 16475.158203, 1377337.625000, 1377337.625000, -121248.304688, 224716.593750
2.400000, -66969.218750, -66969.218750, 1377766.375000, 1377766.375000, -141390.062500, 435602.375000
2.450000, -108082.164062, -108082.164062, 1313684.000000, 1313684.000000, -131097.984375, 340580.437500
2.500000, -63379.121094, -63379.121094, 1256897.000000, 1256897.000000, -125828.890625, 195776.562500
2.550000, -62456.992188, -62456.992188, 1214073.125000, 1214073.125000, -130178.781250, 14258.583984
2.600000, -119771.085938, -119771.085938, 1156684.000000, 1156684.000000, -124777.734375, -322288.875000
2.650000, -90366.460938, -90366.460938, 1135946.625000, 1135946.625000, -120191.960938, -605947.187500
2.700000, -24940.951172, -24940.951172, 1145233.375000, 1145233.375000, -100210.554688, -808718.125000
2.750000, -1877.283813, -1877.283813, 1154961.500000, 1154961.500000, -76504.757812, -1023112.250000
2.800000, 40121.019531, 40121.019531, 1180620.000000, 1180620.000000, -63671.886719, -1194042.875000
2.850000, 81628.203125, 81628.203125, 1222166.125000, 1222166.125000, -61378.769531, -1273113.125000
2.900000, 37465.074219, 37465.074219, 1271173.750000, 1271173.750000, -76023.968750, -1305586.125000
2.950000, 26644.351562, 26644.351562, 1317610.500000, 1317610.500000, -69802.687500, -1253179.625000
3.000000, 104318.914062, 104318.914062, 1371440.875000, 1371440.875000, -55223.996094, -1015762.000000
3.050000, 100060.757812, 100060.757812, 1428153.625000, 1428153.625000, -65991.101562, -708585.312500
3.100000, 57314.863281, 57314.863281, 1437971.250000, 1437971.250000, -63316.742188, -438957.218750
3.150000, 71957.890625, 71957.890625, 1399625.750000, 1399625.750000, -50299.875000, -273480.343750
3.200000, 40815.019531, 40815.019531, 1362019.375000, 1362019.375000, -52118.019531, -257282.984375
3.250000, -8579.558594, -8579.558594, 1354273.375000, 1354273.375000, -55202.062500, -227466.906250
3.300000, 25189.654297, 25189.654297, 1372893.000000, 1372893.000000, -48343.699219, -216518.968750
3.350000, 64334.292969, 64334.292969, 1401758.500000, 1401758.500000, -42318.035156, -282803.250000
3.400000, 47495.921875, 47495.921875, 1423428.375000, 1423428.375000, -49447.390625, -299473.093750
3.450000, 58484.417969, 58484.417969, 1418013.000000, 1418013.000000, -39746.156250, -389209.000000
3.500000, 78356.335938, 78356.335938, 1409485.875000, 1409485.875000, -28026.498047, -566394.500000
3.550000, 52185.535156, 52185.535156, 1424955.750000, 1424955.750000, -43778.859375, -639675.312500
3.600000, 46774.582031, 46774.582031, 1433036.000000, 1433036.000000, -40483.636719, -629327.250000
3.650000, 17602.226562, 17602.226562, 1428322.250000, 1428322.250000, -34727.917969, -597781.312500
3.700000, -34572.324219, -34572.324219, 1426632.875000, 1426632.875000, -47790.511719, -580126.437500
3.750000, -6882.645020, -6882.645020, 1417051.750000, 1417051.750000, -39896.812500, -589019.875000
3.800000, 8924.822266, 8924.822266, 1408947.125000, 1408947.125000, -37502.632812, -577851.062500
3.850000, -7735.947754, -7735.947754, 1406977.750000, 1406977.750000, -43968.835938, -572647.000000
3.900000, 26393.535156, 26393.535156, 1399530.000000, 1399530.000000, -31810.050781, -577547.437500
3.950000, 47531.148438, 47531.148438, 1394821.125000, 1394821.125000, -26360.970703, -556233.750000
4.000000, 28813.722656, 28813.722656, 1393199.875000, 1393199.875000, -25031.992188, -554532.187500
4.050000, 14121.216797, 14121.216797, 1388966.125000, 1388966.125000, -19248.806641, -564219.062500
4.100000, 6591.080078, 6591.080078, 1386630.625000, 1386630.625000, -20901.388672, -544256.187500
4.150000, -20602.251953, -20602.251953, 1382185.750000, 1382185.750000, -19999.119141, -554319.187500
4.200000, -41614.929688, -41614.929688, 1374047.250000, 1374047.250000, -13495.422852, -569663.750000
4.250000, -17167.388672, -17167.388672, 1368267.875000, 1368267.875000, -4281.605469, -538376.250000
4.300000, -14586.674805, -14586.674805, 1365912.875000, 1365912.875000, 8865.734375, -526381.812500
4.350000, -36144.210938, -36144.210938, 1364037.500000, 1364037.500000, 15719.410156, -526826.500000
4.400000, -48237.878906, -48237.878906, 1358582.375000, 1358582.375000, 14896.250977, -523759.593750
4.450000, -55530.941406, -55530.941406, 1354319.875000, 1354319.875000, 20717.089844, -529705.312500
4.500000, -19667.205078, -19667.205078, 1354813.000000, 1354813.000000, 30592.080078, -509898.593750
4.550000, -4576.947754, -4576.947754, 1352013.125000, 1352013.125000, 34284.656250, -506933.468750
4.600000, 13787.136719, 13787.136719, 1347748.125000, 1347748.125000, 42273.277344, -514493.062500
4.650000, 83473.656250, 83473.656250, 1347934.000000, 1347934.000000, 53453.687500, -483960.312500
4.700000, 57937.390625, 57937.390625, 1347791.750000, 1347791.750000, 57238.859375, -462745.375000
4.750000, 10633.737305, 10633.737305, 1343662.000000, 1343662.000000, 60192.621094, -459276.125000
4.800000, 27056.933594, 27056.933594, 1339154.500000, 1339154.500000, 61279.886719, -461345.187500
4.850000, -6676.988770, -6676.988770, 1338832.500000, 1338832.500000, 61304.347656, -456632.843750
4.900000, -50355.441406, -50355.441406, 1338348.500000, 1338348.500000, 64969.277344, -441787.093750
4.950000, -64399.339844, -64399.339844, 1333823.000000, 1333823.000000, 65213.691406, -446721.625000
5.000000, -67018.695312, -67018.695312, 1329453.375000, 1329453.375000, 66034.164062, -444401.000000
5.050000, -67205.703125, -67205.703125, 1326330.625000, 1326330.625000, 70553.289062, -439190.656250
5.100000, -70748.117188, -70748.117188, 1323000.750000, 1323000.750000, 75861.000000, -443167.718750
5.150000, -51846.558594, -51846.558594, 1319865.875000, 1319865.875000, 81834.515625, -433962.156250
5.200000, -47885.269531, -47885.269531, 1317989.375000, 1317989.375000, 82406.546875, -433479.093750
5.250000, -22225.843750, -22225.843750, 1313288.500000, 1313288.500000, 82554.367188, -430642.593750
5.300000, 20960.589844, 20960.589844, 1309092.500000, 1309092.500000, 90135.968750, -425638.218750
5.350000, 5285.019531, 5285.019531, 1312671.375000, 1312671.375000, 101300.312500, -418369.156250
5.400000, -11239.501953, -11239.501953, 1308455.250000, 1308455.250000, 102486.742188, -396433.156250
5.450000, -40531.613281, -40531.613281, 1298930.125000, 1298930.125000, 99298.585938, -406779.000000
5.500000, -65573.695312, -65573.695312, 1299563.625000, 1299563.625000, 113064.562500, -411425.093750
5.550000, -44319.570312, -44319.570312, 1294477.000000, 1294477.000000, 118619.054688, -393439.031250
5.600000, -58847.195312, -58847.195312, 1286819.625000, 1286819.625000, 116373.382812, -410230.687500
5.650000, -69455.367188, -69455.367188, 1284334.750000, 1284334.750000, 125234.601562, -415631.687500
5.700000, -58261.210938, -58261.210938, 1275870.000000, 1275870.000000, 125915.468750, -409013.875000
5.750000, -78092.835938, -78092.835938, 1272832.125000, 1272832.125000, 141288.140625, -429331.468750
5.800000, -80132.523438, -80132.523438, 1275391.625000, 1275391.625000, 135948.625000, -438267.312500
5.850000, -40188.230469, -40188.230469, 1273426.750000, 1273426.750000, 80894.250000, -427830.750000
5.900000, 7348.738770, 7348.738770, 1270129.250000, 1270129.250000, 50039.062500, -418715.187500
5.950000, 17662.638672, 17662.638672, 1266957.625000, 1266957.625000, 25342.681641, -421152.218750
6.000000, 11648.801758, 11648.801758, 1271682.750000, 1271682.750000, -1998.735229, -427589.625000
6.050000, 11505.582031, 11505.582031, 1278195.750000, 1278195.750000, 2265.646484, -434983.406250
6.100000, -12947.166992, -12947.166992, 1276880.000000, 1276880.000000, 2679.976074, -449206.937500
6.150000, -28787.763672, -28787.763672, 1267799.000000, 1267799.000000, 6784.083984, -448555.968750
6.200000, -43511.359375, -43511.359375, 1249242.625000, 1249242.625000, 42684.007812, -444336.687500
6.250000, -76363.703125, -76363.703125, 1240836.875000, 1240836.875000, 117438.953125, -450614.937500
6.300000, -82555.281250, -82555.281250, 1250405.375000, 1250405.375000, 221888.203125, -446920.937500
6.350000, -94191.257812, -94191.257812, 1264649.125000, 1264649.125000, 320926.843750, -448077.218750
6.400000, -130937.273438, -130937.273438, 1280927.000000, 1280927.000000, 379418.125000, -461309.718750
6.450000, -136654.031250, -136654.031250, 1295587.500000, 1295587.500000, 388181.718750, -465215.781250
6.500000, -102036.914062, -102036.914062, 1310001.000000, 1310001.000000, 380809.781250, -462467.250000
6.550000, -68294.460938, -68294.460938, 1319015.125000, 1319015.125000, 341337.656250, -465979.312500
6.600000, -58762.179688, -58762.179688, 1320274.750000, 1320274.750000, 271083.718750, -468466.593750
6.650000, -46889.742188, -46889.742188, 1325342.625000, 1325342.625000, 215560.875000, -460057.906250
6.700000, -22394.656250, -22394.656250, 1321329.000000, 1321329.000000, 126022.062500, -453885.812500
6.750000, -3890.914062, -3890.914062, 1304867.375000, 1304867.375000, 15268.960938, -452577.812500
6.800000, 21479.894531, 21479.894531, 1289835.500000, 1289835.500000, -51870.617188, -447001.687500
6.850000, 48727.457031, 48727.457031, 1266554.125000, 1266554.125000, -121880.031250, -439708.125000
6.900000, 53302.777344, 53302.777344, 1239331.125000, 1239331.125000, -177852.281250, -432936.656250
6.950000, 37422.460938, 37422.460938, 1228094.000000, 1228094.000000, -143202.750000, -432523.343750
7.000000, 12300.091797, 12300.091797, 1227217.000000, 1227217.000000, -62805.433594, -427111.187500
7.050000, -271.934082, -271.934082, 1219383.750000, 1219383.750000, -16282.046875, -412808.968750
7.100000, 2672.688965, 2672.688965, 1200534.500000, 1200534.500000, -7451.659668, -408953.343750
7.150000, 3613.251953, 3613.251953, 1176697.750000, 1176697.750000, -10095.374023, -401715.656250
7.200000, 4363.444336, 4363.444336, 1150174.125000, 1150174.125000, -13045.682617, -387740.687500
7.250000, 3133.346680, 3133.346680, 1122748.000000, 1122748.000000, -13241.921875, -381475.812500
7.300000, 3107.672363, 3107.672363, 1096209.875000, 1096209.875000, -13015.545898, -374255.031250
7.350000, 7526.353516, 7526.353516, 1068127.000000, 1068127.000000, -14614.059570, -367953.718750
7.400000, 4242.335449, 4242.335449, 1040423.750000, 1040423.750000, -13500.652344, -360980.250000
7.450000, 2934.602295, 2934.602295, 1013754.750000, 1013754.750000, -11578.589844, -351852.375000
7.500000, 6167.370117, 6167.370117, 987046.875000, 987046.875000, -12213.373047, -343882.656250
7.550000, 5236.000977, 5236.000977, 961500.437500, 961500.437500, -12738.459961, -333055.281250
7.600000, 5080.379883, 5080.379883, 934292.562500, 934292.562500, -12232.159180, -327170.281250
7.650000, 2986.237793, 2986.237793, 907120.187500, 907120.187500, -11015.936523, -316271.812500
7.700000, 4376.188477, 4376.188477, 882477.750000, 882477.750000, -12564.440430, -299485.843750
7.750000, 7354.204102, 7354.204102, 856270.125000, 856270.125000, -16846.669922, -290791.812500
7.800000, 3826.055176, 3826.055176, 828223.625000, 828223.625000, -16425.164062, -279779.625000
7.850000, 4548.978027, 4548.978027, 801678.562500, 801678.562500, -12797.572266, -270706.468750
7.900000, 4619.407715, 4619.407715, 776895.875000, 776895.875000, -11657.259766, -259756.890625
7.950000, 2347.120850, 2347.120850, 750074.250000, 750074.250000, -10803.548828, -245651.656250
8.000000, 3818.480957, 3818.480957, 722339.562500, 722339.562500, -8666.287109, -243918.750000
8.050000, 2386.807129, 2386.807129, 696465.250000, 696465.250000, -7270.950195, -233032.656250
8.100000, 3308.035889, 3308.035889, 669298.250000, 669298.250000, -9811.090820, -216804.359375
8.150000, 5683.255859, 5683.255859, 642983.250000, 642983.250000, -13292.447266, -214889.671875
8.200000, 4414.852051, 4414.852051, 617503.937500, 617503.937500, -11634.964844, -208700.937500
8.250000, 4177.887207, 4177.887207, 589877.375000, 589877.375000, -10279.137695, -195660.562500
8.300000, 3214.035889, 3214.035889, 562290.625000, 562290.625000, -10590.417969, -183079.390625
8.350000, 2869.656250, 2869.656250, 534161.375000, 534161.375000, -8880.250977, -172619.953125
8.400000, 2810.681885, 2810.681885, 508326.187500, 508326.187500, -7994.914062, -161608.734375
8.450000, 1929.440552, 1929.440552, 483415.718750, 483415.718750, -6184.828613, -146710.843750
8.500000, 3003.601562, 3003.601562, 455293.875000, 455293.875000, -6534.648438, -138280.031250
8.550000, 2466.242920, 2466.242920, 428661.250000, 428661.250000, -9560.802734, -132958.828125
8.600000, 2112.123291, 2112.123291, 401846.437500, 401846.437500, -8188.086914, -126673.148438
8.650000, 3714.010010, 3714.010010, 374494.875000, 374494.875000, -7946.442383, -119277.484375
8.700000, 3399.413574, 3399.413574, 348452.125000, 348452.125000, -9739.097656, -103721.406250
8.750000, 3010.241943, 3010.241943, 321637.375000, 321637.375000, -9815.297852, -93130.078125
8.800000, 3427.824707, 3427.824707, 295041.343750, 295041.343750, -10094.705078, -91450.273438
8.850000, 3227.710205, 3227.710205, 266576.062500, 266576.062500, -9081.025391, -83330.195312
8.900000, 2958.367432, 2958.367432, 239442.250000, 239442.250000, -9341.309570, -70487.523438
8.950000, 3044.199219, 3044.199219, 213022.781250, 213022.781250, -10447.653320, -60037.136719
9.000000, 3311.117920, 3311.117920, 184290.312500, 184290.312500, -10273.658203, -50628.894531
9.050000, 2877.321045, 2877.321045, 158241.906250, 158241.906250, -11001.225586, -40888.453125
9.100000, 2119.567383, 2119.567383, 128356.382812, 128356.382812, -9036.058594, -33662.308594
9.150000, 1840.779785, 1840.779785, 99962.015625, 99962.015625, -5944.367188, -28669.832031
9.200000, 1356.584961, 1356.584961, 78188.796875, 78188.796875, -5231.290039, -19645.589844
9.250000, 548.607422, 548.607422, 44833.921875, 44833.921875, -3208.519531, -8095.413086
9.300000, 85.017967, 85.017967, 11402.302734, 11402.302734, -670.723694, -1445.305420
