Time 1XX 1ZZ 2XX 2ZZ 1X2Z 1Z2X 
-9.400000, 0.000000, 0.000000, 0.000000, 0.000000, 0.000000, 0.000000
-9.350000, -37.020737, -37.020737, 212603.031250, 212603.031250, 7300.488770, -1078.108765
-9.300000, -38.560623, -38.560623, 827346.187500, 827346.187500, 25288.216797, -1583.951660
-9.250000, 9.272129, 9.272129, 1434429.250000, 1434429.250000, 41674.648438, 267.075806
-9.200000, -269.645691, -269.645691, 1842184.125000, 1842184.125000, 65763.734375, -5891.458008
-9.150000, -486.618500, -486.618500, 2378000.000000, 2378000.000000, 98545.640625, -16992.574219
-9.100000, -589.614014, -589.614014, 2923343.000000, 2923343.000000, 104304.484375, -23473.541016
-9.050000, -1201.105469, -1201.105469, 3392106.000000, 3392106.000000, 103658.359375, -29358.109375
-9.000000, -1211.751221, -1211.751221, 3926774.500000, 3926774.500000, 129049.640625, -25976.003906
-8.950000, -946.434509, -946.434509, 4444600.000000, 4444600.000000, 146753.250000, -26671.259766
-8.900000, -833.228271, -833.228271, 4965736.000000, 4965736.000000, 147874.515625, -31190.492188
-8.850000, -255.945221, -255.945221, 5473174.500000, 5473174.500000, 159187.765625, -18832.609375
-8.800000, -766.581604, -766.581604, 5964667.500000, 5964667.500000, 189485.875000, -19403.208984
-8.750000, -529.042480, -529.042480, 6507091.000000, 6507091.000000, 215441.296875, -22131.648438
-8.700000, 458.722687, 458.722687, 7015613.000000, 7015613.000000, 217197.265625, -12402.447266
-8.650000, -923.701294, -923.701294, 7518231.500000, 7518231.500000, 227076.625000, -21546.785156
-8.600000, -1288.410767, -1288.410767, 8029534.000000, 8029534.000000, 243513.312500, -29180.101562
-8.550000, -503.236938, -503.236938, 8531045.000000, 8531045.000000, 238236.609375, -25720.523438
-8.500000, -1212.125732, -1212.125732, 9052624.000000, 9052624.000000, 242815.000000, -29714.437500
-8.450000, -1440.608154, -1440.608154, 9538475.000000, 9538475.000000, 255481.015625, -45522.003906
-8.400000, -1438.829834, -1438.829834, 10035154.000000, 10035154.000000, 255003.500000, -66271.453125
-8.350000, -1741.102051, -1741.102051, 10544422.000000, 10544422.000000, 265723.437500, -75768.335938
-8.300000, -2350.519043, -2350.519043, 11017904.000000, 11017904.000000, 279385.187500, -80652.851562
-8.250000, -2802.104736, -2802.104736, 11524790.000000, 11524790.000000, 294256.531250, -75750.945312
-8.200000, -1294.923096, -1294.923096, 12036378.000000, 12036378.000000, 315758.781250, -65926.148438
-8.150000, -865.896362, -865.896362, 12540856.000000, 12540856.000000, 314532.968750, -64931.804688
-8.100000, -2331.446777, -2331.446777, 13050528.000000, 13050528.000000, 309700.312500, -60941.734375
-8.050000, -1911.901855, -1911.901855, 13539514.000000, 13539514.000000, 308576.437500, -75253.585938
-8.000000, -1593.040649, -1593.040649, 14065857.000000, 14065857.000000, 312208.593750, -87232.640625
-7.950000, -2143.584717, -2143.584717, 14583543.000000, 14583543.000000, 349457.000000, -67328.828125
-7.900000, -2161.725830, -2161.725830, 15069902.000000, 15069902.000000, 349686.500000, -77724.593750
-7.850000, -3358.180176, -3358.180176, 15598948.000000, 15598948.000000, 307346.687500, -117600.171875
-7.800000, -3064.379639, -3064.379639, 16114975.000000, 16114975.000000, 317463.437500, -127843.406250
-7.750000, -2779.245605, -2779.245605, 16618094.000000, 16618094.000000, 347093.281250, -117850.953125
-7.700000, -4176.296387, -4176.296387, 17139148.000000, 17139148.000000, 350205.281250, -120150.976562
-7.650000, -1269.123047, -1269.123047, 17631674.000000, 17631674.000000, 337294.125000, -132850.046875
-7.600000, -266.323639, -266.323639, 18126676.000000, 18126676.000000, 327171.250000, -129736.359375
-7.550000, -4113.802246, -4113.802246, 18647622.000000, 18647622.000000, 342522.718750, -123060.617188
-7.500000, -3533.488525, -3533.488525, 19174484.000000, 19174484.000000, 350813.375000, -129251.398438
-7.450000, -1158.143066, -1158.143066, 19693418.000000, 19693418.000000, 360361.500000, -128971.367188
-7.400000, -1670.826416, -1670.826416, 20198646.000000, 20198646.000000, 386650.968750, -127417.937500
-7.350000, -4328.719727, -4328.719727, 20695728.000000, 20695728.000000, 387462.625000, -132501.125000
-7.300000, -5763.253418, -5763.253418, 21186422.000000, 21186422.000000, 387442.781250, -147841.093750
-7.250000, -3541.643555, -3541.643555, 21715610.000000, 21715610.000000, 410076.250000, -162650.953125
-7.200000, -2699.316650, -2699.316650, 22247820.000000, 22247820.000000, 429022.562500, -158052.656250
-7.150000, -2910.088135, -2910.088135, 22736156.000000, 22736156.000000, 432273.343750, -162953.703125
-7.100000, -2947.414795, -2947.414795, 23249218.000000, 23249218.000000, 424530.281250, -170282.062500
-7.050000, -4095.756348, -4095.756348, 23758918.000000, 23758918.000000, 430355.187500, -168277.390625
-7.000000, -3137.760498, -3137.760498, 24258328.000000, 24258328.000000, 442308.031250, -172749.125000
-6.950000, -1606.437988, -1606.437988, 24782400.000000, 24782400.000000, 444074.312500, -162710.593750
-6.900000, -1308.875610, -1308.875610, 25290076.000000, 25290076.000000, 448340.875000, -164543.640625
-6.850000, -2090.311768, -2090.311768, 25815042.000000, 25815042.000000, 457795.781250, -178684.703125
-6.800000, -3687.548340, -3687.548340, 26328862.000000, 26328862.000000, 478013.718750, -176013.500000
-6.750000, -4050.753662, -4050.753662, 26807660.000000, 26807660.000000, 489702.250000, -186482.468750
-6.700000, -4894.589355, -4894.589355, 27328668.000000, 27328668.000000, 478443.812500, -198760.468750
-6.650000, -4005.608154, -4005.608154, 27851752.000000, 27851752.000000, 483321.343750, -202102.390625
-6.600000, -674.942383, -674.942383, 28338132.000000, 28338132.000000, 498139.156250, -192453.546875
-6.550000, -2943.076660, -2943.076660, 28837710.000000, 28837710.000000, 491954.031250, -179025.718750
-6.500000, -7098.434082, -7098.434082, 29373382.000000, 29373382.000000, 484511.781250, -189668.093750
-6.450000, -3195.369629, -3195.369629, 29880696.000000, 29880696.000000, 489667.000000, -180889.234375
-6.400000, 2279.914551, 2279.914551, 30354318.000000, 30354318.000000, 502066.093750, -170986.078125
-6.350000, -260.647888, -260.647888, 30889774.000000, 30889774.000000, 509262.687500, -180995.000000
-6.300000, -4524.973633, -4524.973633, 31407702.000000, 31407702.000000, 513047.625000, -167047.484375
-6.250000, -2802.872803, -2802.872803, 31852280.000000, 31852280.000000, 529683.000000, -157532.578125
-6.200000, 685.018066, 685.018066, 32287028.000000, 32287028.000000, 531602.250000, -130574.203125
-6.150000, 4849.343750, 4849.343750, 32632572.000000, 32632572.000000, 516546.250000, 21242.031250
-6.100000, 14174.054688, 14174.054688, 32977144.000000, 32977144.000000, 525784.062500, 358088.625000
-6.050000, 25270.683594, 25270.683594, 33614952.000000, 33614952.000000, 544969.062500, 696579.000000
-6.000000, 31644.753906, 31644.753906, 34542712.000000, 34542712.000000, 559187.250000, 725906.812500
-5.950000, 26335.371094, 26335.371094, 35534560.000000, 35534560.000000, 589884.000000, 387024.781250
-5.900000, 2651.449219, 2651.449219, 36512708.000000, 36512708.000000, 627291.000000, -255066.375000
-5.850000, -32501.652344, -32501.652344, 37344168.000000, 37344168.000000, 641772.437500, -992735.000000
-5.800000, -65962.695312, -65962.695312, 37809540.000000, 37809540.000000, 634305.062500, -1598528.500000
-5.750000, -90128.421875, -90128.421875, 38038848.000000, 38038848.000000, 619431.187500, -2139189.000000
-5.700000, -99315.625000, -99315.625000, 38234932.000000, 38234932.000000, 599862.375000, -2559414.500000
-5.650000, -94255.445312, -94255.445312, 38380112.000000, 38380112.000000, 583060.312500, -2741567.000000
-5.600000, -82696.906250, -82696.906250, 38494884.000000, 38494884.000000, 560179.812500, -2762826.000000
-5.550000, -69302.234375, -69302.234375, 38599788.000000, 38599788.000000, 537733.937500, -2681063.000000
-5.500000, -50918.972656, -50918.972656, 38756996.000000, 38756996.000000, 542635.312500, -2446931.250000
-5.450000, -38555.656250, -38555.656250, 39067900.000000, 39067900.000000, 552171.125000, -2002607.500000
-5.400000, -46156.304688, -46156.304688, 39526012.000000, 39526012.000000, 560746.375000, -1579358.125000
-5.350000, -45094.917969, -45094.917969, 40097044.000000, 40097044.000000, 576222.750000, -1183474.250000
-5.300000, -25227.582031, -25227.582031, 40860164.000000, 40860164.000000, 568064.250000, -706986.375000
-5.250000, -15445.052734, -15445.052734, 41797472.000000, 41797472.000000, 527306.562500, -480244.343750
-5.200000, -5389.392578, -5389.392578, 42487360.000000, 42487360.000000, 504814.812500, -371332.593750
-5.150000, 12869.468750, 12869.468750, 43005844.000000, 43005844.000000, 548402.000000, -249491.562500
-5.100000, 24533.468750, 24533.468750, 43747816.000000, 43747816.000000, 553801.937500, -342565.687500
-5.050000, 31408.556641, 31408.556641, 44390564.000000, 44390564.000000, 488121.406250, -564760.375000
-5.000000, 29662.232422, 29662.232422, 44901532.000000, 44901532.000000, 501999.343750, -933326.875000
-4.950000, 16263.014648, 16263.014648, 45413844.000000, 45413844.000000, 557174.875000, -1192832.750000
-4.900000, -9736.639648, -9736.639648, 45860900.000000, 45860900.000000, 562974.750000, -1165442.250000
-4.850000, -37789.515625, -37789.515625, 46432216.000000, 46432216.000000, 565258.000000, -1174636.250000
-4.800000, -35941.027344, -35941.027344, 46931696.000000, 46931696.000000, 585594.625000, -1176159.500000
-4.750000, -10462.414062, -10462.414062, 47415688.000000, 47415688.000000, 595717.875000, -1142471.625000
-4.700000, -8027.959961, -8027.959961, 48040760.000000, 48040760.000000, 554476.687500, -1139098.500000
-4.650000, -30261.748047, -30261.748047, 48527308.000000, 48527308.000000, 546878.125000, -1148218.500000
-4.600000, -39829.304688, -39829.304688, 49053684.000000, 49053684.000000, 587386.750000, -1203151.250000
-4.550000, -35426.253906, -35426.253906, 49592624.000000, 49592624.000000, 570382.937500, -1172557.000000
-4.500000, -21029.503906, -21029.503906, 50061732.000000, 50061732.000000, 564537.750000, -1139385.500000
-4.450000, -4352.520020, -4352.520020, 50627488.000000, 50627488.000000, 586117.250000, -1187389.500000
-4.400000, 2931.356934, 2931.356934, 51059672.000000, 51059672.000000, 478552.125000, -1193278.875000
-4.350000, 11911.410156, 11911.410156, 51525692.000000, 51525692.000000, 130257.242188, -1188366.375000
-4.300000, 17400.933594, 17400.933594, 52170324.000000, 52170324.000000, -245079.296875, -1192989.500000
-4.250000, 43793.425781, 43793.425781, 52802632.000000, 52802632.000000, -348898.593750, -1213281.125000
-4.200000, 63627.406250, 63627.406250, 53466540.000000, 53466540.000000, -284857.062500, -1204730.125000
-4.150000, 34873.238281, 34873.238281, 54041020.000000, 54041020.000000, -153815.750000, -1153523.750000
-4.100000, 26527.373047, 26527.373047, 54799672.000000, 54799672.000000, 37281.117188, -1201886.250000
-4.050000, 3655.669189, 3655.669189, 55810756.000000, 55810756.000000, 340920.562500, -1240638.875000
-4.000000, -41382.210938, -41382.210938, 56451708.000000, 56451708.000000, 842242.500000, -1197504.375000
-3.950000, -52124.191406, -52124.191406, 56874824.000000, 56874824.000000, 1273844.500000, -1217905.000000
-3.900000, -93427.601562, -93427.601562, 57276604.000000, 57276604.000000, 1630603.500000, -1231216.500000
-3.850000, -110400.703125, -110400.703125, 57477072.000000, 57477072.000000, 1969225.750000, -1223927.375000
-3.800000, -86709.921875, -86709.921875, 57632764.000000, 57632764.000000, 2045486.750000, -1237899.750000
-3.750000, -85983.515625, -85983.515625, 57736272.000000, 57736272.000000, 2042700.250000, -1225314.375000
-3.700000, -65208.242188, -65208.242188, 57861856.000000, 57861856.000000, 1978823.625000, -1227365.000000
-3.650000, -56294.476562, -56294.476562, 58060216.000000, 58060216.000000, 1629664.250000, -1199525.625000
-3.600000, -16637.998047, -16637.998047, 58243116.000000, 58243116.000000, 1112074.500000, -1165343.750000
-3.550000, 56580.117188, 56580.117188, 58634964.000000, 58634964.000000, 539478.062500, -1184680.125000
-3.500000, 50454.230469, 50454.230469, 59309072.000000, 59309072.000000, -46354.578125, -1184868.125000
-3.450000, 42705.339844, 42705.339844, 60255864.000000, 60255864.000000, -717515.937500, -1195901.500000
-3.400000, 57610.980469, 57610.980469, 61324428.000000, 61324428.000000, -1254254.000000, -1201280.125000
-3.350000, 48999.351562, 48999.351562, 62230556.000000, 62230556.000000, -1298866.250000, -1195431.875000
-3.300000, 35829.175781, 35829.175781, 63003228.000000, 63003228.000000, -1041407.250000, -1209945.750000
-3.250000, 4089.335449, 4089.335449, 63468032.000000, 63468032.000000, -669603.812500, -1187602.625000
-3.200000, -22713.326172, -22713.326172, 63671160.000000, 63671160.000000, -403559.718750, -1194872.625000
-3.150000, -49289.296875, -49289.296875, 64052420.000000, 64052420.000000, -425544.093750, -1201362.875000
-3.100000, -55418.046875, -55418.046875, 64557096.000000, 64557096.000000, -464580.000000, -1155969.000000
-3.050000, -32466.781250, -32466.781250, 65067848.000000, 65067848.000000, -450792.875000, -1119903.875000
-3.000000, -46474.132812, -46474.132812, 65610452.000000, 65610452.000000, -430953.031250, -1062753.875000
-2.950000, -41505.218750, -41505.218750, 66136388.000000, 66136388.000000, -392309.562500, -1052985.750000
-2.900000, -4922.670410, -4922.670410, 66658900.000000, 66658900.000000, -403567.500000, -1055354.500000
-2.850000, 25205.605469, 25205.605469, 67183144.000000, 67183144.000000, -388790.906250, -1043377.000000
-2.800000, 62065.574219, 62065.574219, 67730024.000000, 67730024.000000, -364794.218750, -1135202.875000
-2.750000, 48030.109375, 48030.109375, 68206456.000000, 68206456.000000, -345120.406250, -1169774.500000
-2.700000, 18781.435547, 18781.435547, 68646272.000000, 68646272.000000, -306731.937500, -1121125.500000
-2.650000, 16731.318359, 16731.318359, 69177296.000000, 69177296.000000, -323816.750000, -1133440.625000
-2.600000, -11649.916992, -11649.916992, 69648968.000000, 69648968.000000, -321728.500000, -1165896.500000
-2.550000, -48040.515625, -48040.515625, 70091152.000000, 70091152.000000, -324598.062500, -1147112.000000
-2.500000, -75390.437500, -75390.437500, 70627112.000000, 70627112.000000, -380610.000000, -1054782.875000
-2.450000, -68618.226562, -68618.226562, 71178376.000000, 71178376.000000, -408500.156250, -1032731.437500
-2.400000, -45018.867188, -45018.867188, 71707928.000000, 71707928.000000, -416834.375000, -1039502.312500
-2.350000, -47105.554688, -47105.554688, 72236504.000000, 72236504.000000, -392088.125000, -987770.750000
-2.300000, -13512.372070, -13512.372070, 72796952.000000, 72796952.000000, -409994.312500, -1009571.125000
-2.250000, 30554.490234, 30554.490234, 73313336.000000, 73313336.000000, -459027.281250, -1017510.000000
-2.200000, 61821.386719, 61821.386719, 73776616.000000, 73776616.000000, -419306.562500, -1028551.375000
-2.150000, 103922.359375, 103922.359375, 74285976.000000, 74285976.000000, -410715.781250, -1057750.500000
-2.100000, 94469.914062, 94469.914062, 74808496.000000, 74808496.000000, -411878.250000, -1039498.812500
-2.050000, 49383.410156, 49383.410156, 75313120.000000, 75313120.000000, -388228.937500, -1108519.375000
-2.000000, 11350.363281, 11350.363281, 75773776.000000, 75773776.000000, -438282.281250, -1127353.500000
-1.950000, 16294.276367, 16294.276367, 76237568.000000, 76237568.000000, -459710.375000, -1052364.500000
-1.900000, 45857.105469, 45857.105469, 76758312.000000, 76758312.000000, -449995.562500, -984312.000000
-1.850000, 21178.205078, 21178.205078, 77293328.000000, 77293328.000000, -450726.250000, -922797.125000
-1.800000, -2399.957275, -2399.957275, 77863720.000000, 77863720.000000, -431281.093750, -925444.437500
-1.750000, -13742.771484, -13742.771484, 78408112.000000, 78408112.000000, -430126.625000, -869817.687500
-1.700000, 7728.672852, 7728.672852, 78923176.000000, 78923176.000000, -434968.187500, -874381.062500
-1.650000, 70536.539062, 70536.539062, 79428352.000000, 79428352.000000, -453898.468750, -947197.937500
-1.600000, 62858.136719, 62858.136719, 79886432.000000, 79886432.000000, -448962.062500, -889513.625000
-1.550000, 57746.085938, 57746.085938, 80380000.000000, 80380000.000000, -404535.593750, -866601.937500
-1.500000, 60031.109375, 60031.109375, 80863280.000000, 80863280.000000, -391370.406250, -845212.875000
-1.450000, 18992.417969, 18992.417969, 81384120.000000, 81384120.000000, -394187.500000, -878516.562500
-1.400000, -5602.538574, -5602.538574, 81949496.000000, 81949496.000000, -412681.468750, -921951.437500
-1.350000, -38837.167969, -38837.167969, 82455928.000000, 82455928.000000, -437854.812500, -833479.750000
-1.300000, -26877.808594, -26877.808594, 83019376.000000, 83019376.000000, -472060.218750, -892641.687500
-1.250000, -47615.941406, -47615.941406, 83531888.000000, 83531888.000000, -461055.750000, -902543.250000
-1.200000, -165846.296875, -165846.296875, 84023368.000000, 84023368.000000, -317635.156250, -861898.937500
-1.150000, -316617.156250, -316617.156250, 84532104.000000, 84532104.000000, -203601.046875, -937383.187500
-1.100000, -528988.500000, -528988.500000, 84920288.000000, 84920288.000000, -319895.500000, -850940.875000
-1.050000, -491871.062500, -491871.062500, 85424000.000000, 85424000.000000, -735722.750000, -765017.250000
-1.000000, -23133.664062, -23133.664062, 85940800.000000, 85940800.000000, -1230221.750000, -678623.687500
-0.950000, 655143.875000, 655143.875000, 86435608.000000, 86435608.000000, -1492161.500000, -667107.500000
-0.900000, 1271535.750000, 1271535.750000, 86993088.000000, 86993088.000000, -1519281.750000, -801435.500000
-0.850000, 1565174.750000, 1565174.750000, 87512248.000000, 87512248.000000, -1278622.000000, -741365.875000
-0.800000, 1678320.250000, 1678320.250000, 88370528.000000, 88370528.000000, -762644.000000, -840009.187500
-0.750000, 1556760.750000, 1556760.750000, 89249112.000000, 89249112.000000, -83327.671875, -1193113.000000
-0.700000, 1013016.312500, 1013016.312500, 89852888.000000, 89852888.000000, 549674.062500, -1699405.500000
-0.650000, 229376.828125, 229376.828125, 90437808.000000, 90437808.000000, 981392.937500, -2348346.750000
-0.600000, -775382.125000, -775382.125000, 90582952.000000, 90582952.000000, 1396237.625000, -2581718.750000
-0.550000, -1778808.875000, -1778808.875000, 90414952.000000, 90414952.000000, 1548967.750000, -2487194.000000
-0.500000, -2650118.500000, -2650118.500000, 90180784.000000, 90180784.000000, 1185033.750000, -2114777.500000
-0.450000, -3343922.250000, -3343922.250000, 90027488.000000, 90027488.000000, 585525.687500, -1356705.750000
-0.400000, -3548975.000000, -3548975.000000, 90277784.000000, 90277784.000000, -249035.281250, -495229.187500
-0.350000, -3378545.000000, -3378545.000000, 90549136.000000, 90549136.000000, -1307251.500000, 564143.625000
-0.300000, -2741316.250000, -2741316.250000, 91099016.000000, 91099016.000000, -2431868.250000, 1578344.000000
-0.250000, -1567688.875000, -1567688.875000, 92100512.000000, 92100512.000000, -3308175.500000, 2509738.250000
-0.200000, -29728.337891, -29728.337891, 93416192.000000, 93416192.000000, -3793492.250000, 3241819.750000
-0.150000, 1903491.250000, 1903491.250000, 95219464.000000, 95219464.000000, -4129805.500000, 3124862.750000
-0.100000, 3842880.500000, 3842880.500000, 96978944.000000, 96978944.000000, -3922100.750000, 2341369.250000
-0.050000, 5577899.500000, 5577899.500000, 98918240.000000, 98918240.000000, -2935661.750000, 828260.062500
0.000000, 6430888.500000, 6430888.500000, 100242104.000000, 100242104.000000, -1259382.625000, -1259382.625000
0.050000, 5577899.500000, 5577899.500000, 98918240.000000, 98918240.000000, 828260.062500, -2935661.750000
0.100000, 3842880.500000, 3842880.500000, 96978944.000000, 96978944.000000, 2341369.250000, -3922100.750000
0.150000, 1903491.250000, 1903491.250000, 95219464.000000, 95219464.000000, 3124862.750000, -4129805.500000
0.200000, -29728.337891, -29728.337891, 93416192.000000, 93416192.000000, 3241819.750000, -3793492.250000
0.250000, -1567688.875000, -1567688.875000, 92100512.000000, 92100512.000000, 2509738.250000, -3308175.500000
0.300000, -2741316.250000, -2741316.250000, 91099016.000000, 91099016.000000, 1578344.000000, -2431868.250000
0.350000, -3378545.000000, -3378545.000000, 90549136.000000, 90549136.000000, 564143.625000, -1307251.500000
0.400000, -3548975.000000, -3548975.000000, 90277784.000000, 90277784.000000, -495229.187500, -249035.281250
0.450000, -3343922.250000, -3343922.250000, 90027488.000000, 90027488.000000, -1356705.750000, 585525.687500
0.500000, -2650118.500000, -2650118.500000, 90180784.000000, 90180784.000000, -2114777.500000, 1185033.750000
0.550000, -1778808.875000, -1778808.875000, 90414952.000000, 90414952.000000, -2487194.000000, 1548967.750000
0.600000, -775382.125000, -775382.125000, 90582952.000000, 90582952.000000, -2581718.750000, 1396237.625000
0.650000, 229376.828125, 229376.828125, 90437808.000000, 90437808.000000, -2348346.750000, 981392.937500
0.700000, 1013016.312500, 1013016.312500, 89852888.000000, 89852888.000000, -1699405.500000, 549674.062500
0.750000, 1556760.750000, 1556760.750000, 89249112.000000, 89249112.000000, -1193113.000000, -83327.671875
0.800000, 1678320.250000, 1678320.250000, 88370528.000000, 88370528.000000, -840009.187500, -762644.000000
0.850000, 1565174.750000, 1565174.750000, 87512248.000000, 87512248.000000, -741365.875000, -1278622.000000
0.900000, 1271535.750000, 1271535.750000, 86993088.000000, 86993088.000000, -801435.500000, -1519281.750000
0.950000, 655143.875000, 655143.875000, 86435608.000000, 86435608.000000, -667107.500000, -1492161.500000
1.000000, -23133.664062, -23133.664062, 85940800.000000, 85940800.000000, -678623.687500, -1230221.750000
1.050000, -491871.062500, -491871.062500, 85424000.000000, 85424000.000000, -765017.250000, -735722.750000
1.100000, -528988.500000, -528988.500000, 84920288.000000, 84920288.000000, -850940.875000, -319895.500000
1.150000, -316617.156250, -316617.156250, 84532104.000000, 84532104.000000, -937383.187500, -203601.046875
1.200000, -165846.296875, -165846.296875, 84023368.000000, 84023368.000000, -861898.937500, -317635.156250
1.250000, -47615.941406, -47615.941406, 83531888.000000, 83531888.000000, -902543.250000, -461055.750000
1.300000, -26877.808594, -26877.808594, 83019376.000000, 83019376.000000, -892641.687500, -472060.218750
1.350000, -38837.167969, -38837.167969, 82455928.000000, 82455928.000000, -833479.750000, -437854.812500
1.400000, -5602.538574, -5602.538574, 81949496.000000, 81949496.000000, -921951.437500, -412681.468750
1.450000, 18992.417969, 18992.417969, 81384120.000000, 81384120.000000, -878516.562500, -394187.500000
1.500000, 60031.109375, 60031.109375, 80863280.000000, 80863280.000000, -845212.875000, -391370.406250
1.550000, 57746.085938, 57746.085938, 80380000.000000, 80380000.000000, -866601.937500, -404535.593750
1.600000, 62858.136719, 62858.136719, 79886432.000000, 79886432.000000, -889513.625000, -448962.062500
1.650000, 70536.539062, 70536.539062, 79428352.000000, 79428352.000000, -947197.937500, -453898.468750
1.700000, 7728.672852, 7728.672852, 78923176.000000, 78923176.000000, -874381.062500, -434968.187500
1.750000, -13742.771484, -13742.771484, 78408112.000000, 78408112.000000, -869817.687500, -430126.625000
1.800000, -2399.957275, -2399.957275, 77863720.000000, 77863720.000000, -925444.437500, -431281.093750
1.850000, 21178.205078, 21178.205078, 77293328.000000, 77293328.000000, -922797.125000, -450726.250000
1.900000, 45857.105469, 45857.105469, 76758312.000000, 76758312.000000, -984312.000000, -449995.562500
1.950000, 16294.276367, 16294.276367, 76237568.000000, 76237568.000000, -1052364.500000, -459710.375000
2.000000, 11350.363281, 11350.363281, 75773776.000000, 75773776.000000, -1127353.500000, -438282.281250
2.050000, 49383.410156, 49383.410156, 75313120.000000, 75313120.000000, -1108519.375000, -388228.937500
2.100000, 94469.914062, 94469.914062, 74808496.000000, 74808496.000000, -1039498.812500, -411878.250000
2.150000, 103922.359375, 103922.359375, 74285976.000000, 74285976.000000, -1057750.500000, -410715.781250
2.200000, 61821.386719, 61821.386719, 73776616.000000, 73776616.000000, -1028551.375000, -419306.562500
2.250000, 30554.490234, 30554.490234, 73313336.000000, 73313336.000000, -1017510.000000, -459027.281250
2.300000, -13512.372070, -13512.372070, 72796952.000000, 72796952.000000, -1009571.125000, -409994.312500
2.350000, -47105.554688, -47105.554688, 72236504.000000, 72236504.000000, -987770.750000, -392088.125000
2.400000, -45018.867188, -45018.867188, 71707928.000000, 71707928.000000, -1039502.312500, -416834.375000
2.450000, -68618.226562, -68618.226562, 71178376.000000, 71178376.000000, -1032731.437500, -408500.156250
2.500000, -75390.437500, -75390.437500, 70627112.000000, 70627112.000000, -1054782.875000, -380610.000000
2.550000, -48040.515625, -48040.515625, 70091152.000000, 70091152.000000, -1147112.000000, -324598.062500
2.600000, -11649.916992, -11649.916992, 69648968.000000, 69648968.000000, -1165896.500000, -321728.500000
2.650000, 16731.318359, 16731.318359, 69177296.000000, 69177296.000000, -1133440.625000, -323816.750000
2.700000, 18781.435547, 18781.435547, 68646272.000000, 68646272.000000, -1121125.500000, -306731.937500
2.750000, 48030.109375, 48030.109375, 68206456.000000, 68206456.000000, -1169774.500000, -345120.406250
2.800000, 62065.574219, 62065.574219, 67730024.000000, 67730024.000000, -1135202.875000, -364794.218750
2.850000, 25205.605469, 25205.605469, 67183144.000000, 67183144.000000, -1043377.000000, -388790.906250
2.900000, -4922.670410, -4922.670410, 66658900.000000, 66658900.000000, -1055354.500000, -403567.500000
2.950000, -41505.218750, -41505.218750, 66136388.000000, 66136388.000000, -1052985.750000, -392309.562500
3.000000, -46474.132812, -46474.132812, 65610452.000000, 65610452.000000, -1062753.875000, -430953.031250
3.050000, -32466.781250, -32466.781250, 65067848.000000, 65067848.000000, -1119903.875000, -450792.875000
3.100000, -55418.046875, -55418.046875, 64557096.000000, 64557096.000000, -1155969.000000, -464580.000000
3.150000, -49289.296875, -49289.296875, 64052420.000000, 64052420.000000, -1201362.875000, -425544.093750
3.200000, -22713.326172, -22713.326172, 63671160.000000, 63671160.000000, -1194872.625000, -403559.718750
3.250000, 4089.335449, 4089.335449, 63468032.000000, 63468032.000000, -1187602.625000, -669603.812500
3.300000, 35829.175781, 35829.175781, 63003228.000000, 63003228.000000, -1209945.750000, -1041407.250000
3.350000, 48999.351562, 48999.351562, 62230556.000000, 62230556.000000, -1195431.875000, -1298866.250000
3.400000, 57610.980469, 57610.980469, 61324428.000000, 61324428.000000, -1201280.125000, -1254254.000000
3.450000, 42705.339844, 42705.339844, 60255864.000000, 60255864.000000, -1195901.500000, -717515.937500
3.500000, 50454.230469, 50454.230469, 59309072.000000, 59309072.000000, -1184868.125000, -46354.578125
3.550000, 56580.117188, 56580.117188, 58634964.000000, 58634964.000000, -1184680.125000, 539478.062500
3.600000, -16637.998047, -16637.998047, 58243116.000000, 58243116.000000, -1165343.750000, 1112074.500000
3.650000, -56294.476562, -56294.476562, 58060216.000000, 58060216.000000, -1199525.625000, 1629664.250000
3.700000, -65208.242188, -65208.242188, 57861856.000000, 57861856.000000, -1227365.000000, 1978823.625000
3.750000, -85983.515625, -85983.515625, 57736272.000000, 57736272.000000, -1225314.375000, 2042700.250000
3.800000, -86709.921875, -86709.921875, 57632764.000000, 57632764.000000, -1237899.750000, 2045486.750000
3.850000, -110400.703125, -110400.703125, 57477072.000000, 57477072.000000, -1223927.375000, 1969225.750000
3.900000, -93427.601562, -93427.601562, 57276604.000000, 57276604.000000, -1231216.500000, 1630603.500000
3.950000, -52124.191406, -52124.191406, 56874824.000000, 56874824.000000, -1217905.000000, 1273844.500000
4.000000, -41382.210938, -41382.210938, 56451708.000000, 56451708.000000, -1197504.375000, 842242.500000
4.050000, 3655.669189, 3655.669189, 55810756.000000, 55810756.000000, -1240638.875000, 340920.562500
4.100000, 26527.373047, 26527.373047, 54799672.000000, 54799672.000000, -1201886.250000, 37281.117188
4.150000, 34873.238281, 34873.238281, 54041020.000000, 54041020.000000, -1153523.750000, -153815.750000
4.200000, 63627.406250, 63627.406250, 53466540.000000, 53466540.000000, -1204730.125000, -284857.062500
4.250000, 43793.425781, 43793.425781, 52802632.000000, 52802632.000000, -1213281.125000, -348898.593750
4.300000, 17400.933594, 17400.933594, 52170324.000000, 52170324.000000, -1192989.500000, -245079.296875
4.350000, 11911.410156, 11911.410156, 51525692.000000, 51525692.000000, -1188366.375000, 130257.242188
4.400000, 2931.356934, 2931.356934, 51059672.000000, 51059672.000000, -1193278.875000, 478552.125000
4.450000, -4352.520020, -4352.520020, 50627488.000000, 50627488.000000, -1187389.500000, 586117.250000
4.500000, -21029.503906, -21029.503906, 50061732.000000, 50061732.000000, -1139385.500000, 564537.750000
4.550000, -35426.253906, -35426.253906, 49592624.000000, 49592624.000000, -1172557.000000, 570382.937500
4.600000, -39829.304688, -39829.304688, 49053684.000000, 49053684.000000, -1203151.250000, 587386.750000
4.650000, -30261.748047, -30261.748047, 48527308.000000, 48527308.000000, -1148218.500000, 546878.125000
4.700000, -8027.959961, -8027.959961, 48040760.000000, 48040760.000000, -1139098.500000, 554476.687500
4.750000, -10462.414062, -10462.414062, 47415688.000000, 47415688.000000, -1142471.625000, 595717.875000
4.800000, -35941.027344, -35941.027344, 46931696.000000, 46931696.000000, -1176159.500000, 585594.625000
4.850000, -37789.515625, -37789.515625, 46432216.000000, 46432216.000000, -1174636.250000, 565258.000000
4.900000, -9736.639648, -9736.639648, 45860900.000000, 45860900.000000, -1165442.250000, 562974.750000
4.950000, 16263.014648, 16263.014648, 45413844.000000, 45413844.000000, -1192832.750000, 557174.875000
5.000000, 29662.232422, 29662.232422, 44901532.000000, 44901532.000000, -933326.875000, 501999.343750
5.050000, 31408.556641, 31408.556641, 44390564.000000, 44390564.000000, -564760.375000, 488121.406250
5.100000, 24533.468750, 24533.468750, 43747816.000000, 43747816.000000, -342565.687500, 553801.937500
5.150000, 12869.468750, 12869.468750, 43005844.000000, 43005844.000000, -249491.562500, 548402.000000
5.200000, -5389.392578, -5389.392578, 42487360.000000, 42487360.000000, -371332.593750, 504814.812500
5.250000, -15445.052734, -15445.052734, 41797472.000000, 41797472.000000, -480244.343750, 527306.562500
5.300000, -25227.582031, -25227.582031, 40860164.000000, 40860164.000000, -706986.375000, 568064.250000
5.350000, -45094.917969, -45094.917969, 40097044.000000, 40097044.000000, -1183474.250000, 576222.750000
5.400000, -46156.304688, -46156.304688, 39526012.000000, 39526012.000000, -1579358.125000, 560746.375000
5.450000, -38555.656250, -38555.656250, 39067900.000000, 39067900.000000, -2002607.500000, 552171.125000
5.500000, -50918.972656, -50918.972656, 38756996.000000, 38756996.000000, -2446931.250000, 542635.312500
5.550000, -69302.234375, -69302.234375, 38599788.000000, 38599788.000000, -2681063.000000, 537733.937500
5.600000, -82696.906250, -82696.906250, 38494884.000000, 38494884.000000, -2762826.000000, 560179.812500
5.650000, -94255.445312, -94255.445312, 38380112.000000, 38380112.000000, -2741567.000000, 583060.312500
5.700000, -99315.625000, -99315.625000, 38234932.000000, 38234932.000000, -2559414.500000, 599862.375000
5.750000, -90128.421875, -90128.421875, 38038848.000000, 38038848.000000, -2139189.000000, 619431.187500
5.800000, -65962.695312, -65962.695312, 37809540.000000, 37809540.000000, -1598528.500000, 634305.062500
5.850000, -32501.652344, -32501.652344, 37344168.000000, 37344168.000000, -992735.000000, 641772.437500
5.900000, 2651.449219, 2651.449219, 36512708.000000, 36512708.000000, -255066.375000, 627291.000000
5.950000, 26335.371094, 26335.371094, 35534560.000000, 35534560.000000, 387024.781250, 589884.000000
6.000000, 31644.753906, 31644.753906, 34542712.000000, 34542712.000000, 725906.812500, 559187.250000
6.050000, 25270.683594, 25270.683594, 33614952.000000, 33614952.000000, 696579.000000, 544969.062500
6.100000, 14174.054688, 14174.054688, 32977144.000000, 32977144.000000, 358088.625000, 525784.062500
6.150000, 4849.343750, 4849.343750, 32632572.000000, 32632572.000000, 21242.031250, 516546.250000
6.200000, 685.018066, 685.018066, 32287028.000000, 32287028.000000, -130574.203125, 531602.250000
6.250000, -2802.872803, -2802.872803, 31852280.000000, 31852280.000000, -157532.578125, 529683.000000
6.300000, -4524.973633, -4524.973633, 31407702.000000, 31407702.000000, -167047.484375, 513047.625000
6.350000, -260.647888, -260.647888, 30889774.000000, 30889774.000000, -180995.000000, 509262.687500
6.400000, 2279.914551, 2279.914551, 30354318.000000, 30354318.000000, -170986.078125, 502066.093750
6.450000, -3195.369629, -3195.369629, 29880696.000000, 29880696.000000, -180889.234375, 489667.000000
6.500000, -7098.434082, -7098.434082, 29373382.000000, 29373382.000000, -189668.093750, 484511.781250
6.550000, -2943.076660, -2943.076660, 28837710.000000, 28837710.000000, -179025.718750, 491954.031250
6.600000, -674.942383, -674.942383, 28338132.000000, 28338132.000000, -192453.546875, 498139.156250
6.650000, -4005.608154, -4005.608154, 27851752.000000, 27851752.000000, -202102.390625, 483321.343750
6.700000, -4894.589355, -4894.589355, 27328668.000000, 27328668.000000, -198760.468750, 478443.812500
6.750000, -4050.753662, -4050.753662, 26807660.000000, 26807660.000000, -186482.468750, 489702.250000
6.800000, -3687.548340, -3687.548340, 26328862.000000, 26328862.000000, -176013.500000, 478013.718750
6.850000, -2090.311768, -2090.311768, 25815042.000000, 25815042.000000, -178684.703125, 457795.781250
6.900000, -1308.875610, -1308.875610, 25290076.000000, 25290076.000000, -164543.640625, 448340.875000
6.950000, -1606.437988, -1606.437988, 24782400.000000, 24782400.000000, -162710.593750, 444074.312500
7.000000, -3137.760498, -3137.760498, 24258328.000000, 24258328.000000, -172749.125000, 442308.031250
7.050000, -4095.756348, -4095.756348, 23758918.000000, 23758918.000000, -168277.390625, 430355.187500
7.100000, -2947.414795, -2947.414795, 23249218.000000, 23249218.000000, -170282.062500, 424530.281250
7.150000, -2910.088135, -2910.088135, 22736156.000000, 22736156.000000, -162953.703125, 432273.343750
7.200000, -2699.316650, -2699.316650, 22247820.000000, 22247820.000000, -158052.656250, 429022.562500
7.250000, -3541.643555, -3541.643555, 21715610.000000, 21715610.000000, -162650.953125, 410076.250000
7.300000, -5763.253418, -5763.253418, 21186422.000000, 21186422.000000, -147841.093750, 387442.781250
7.350000, -4328.719727, -4328.719727, 20695728.000000, 20695728.000000, -132501.125000, 387462.625000
7.400000, -1670.826416, -1670.826416, 20198646.000000, 20198646.000000, -127417.937500, 386650.968750
7.450000, -1158.143066, -1158.143066, 19693418.000000, 19693418.000000, -128971.367188, 360361.500000
7.500000, -3533.488525, -3533.488525, 19174484.000000, 19174484.000000, -129251.398438, 350813.375000
7.550000, -4113.802246, -4113.802246, 18647622.000000, 18647622.000000, -123060.617188, 342522.718750
7.600000, -266.323639, -266.323639, 18126676.000000, 18126676.000000, -129736.359375, 327171.250000
7.650000, -1269.123047, -1269.123047, 17631674.000000, 17631674.000000, -132850.046875, 337294.125000
7.700000, -4176.296387, -4176.296387, 17139148.000000, 17139148.000000, -120150.976562, 350205.281250
7.750000, -2779.245605, -2779.245605, 16618094.000000, 16618094.000000, -117850.953125, 347093.281250
7.800000, -3064.379639, -3064.379639, 16114975.000000, 16114975.000000, -127843.406250, 317463.437500
7.850000, -3358.180176, -3358.180176, 15598948.000000, 15598948.000000, -117600.171875, 307346.687500
7.900000, -2161.725830, -2161.725830, 15069902.000000, 15069902.000000, -77724.593750, 349686.500000
7.950000, -2143.584717, -2143.584717, 14583543.000000, 14583543.000000, -67328.828125, 349457.000000
8.000000, -1593.040649, -1593.040649, 14065857.000000, 14065857.000000, -87232.640625, 312208.593750
8.050000, -1911.901855, -1911.901855, 13539514.000000, 13539514.000000, -75253.585938, 308576.437500
8.100000, -2331.446777, -2331.446777, 13050528.000000, 13050528.000000, -60941.734375, 309700.312500
8.150000, -865.896362, -865.896362, 12540856.000000, 12540856.000000, -64931.804688, 314532.968750
8.200000, -1294.923096, -1294.923096, 12036378.000000, 12036378.000000, -65926.148438, 315758.781250
8.250000, -2802.104736, -2802.104736, 11524790.000000, 11524790.000000, -75750.945312, 294256.531250
8.300000, -2350.519043, -2350.519043, 11017904.000000, 11017904.000000, -80652.851562, 279385.187500
8.350000, -1741.102051, -1741.102051, 10544422.000000, 10544422.000000, -75768.335938, 265723.437500
8.400000, -1438.829834, -1438.829834, 10035154.000000, 10035154.000000, -66271.453125, 255003.500000
8.450000, -1440.608154, -1440.608154, 9538475.000000, 9538475.000000, -45522.003906, 255481.015625
8.500000, -1212.125732, -1212.125732, 9052624.000000, 9052624.000000, -29714.437500, 242815.000000
8.550000, -503.236938, -503.236938, 8531045.000000, 8531045.000000, -25720.523438, 238236.609375
8.600000, -1288.410767, -1288.410767, 8029534.000000, 8029534.000000, -29180.101562, 243513.312500
8.650000, -923.701294, -923.701294, 7518231.500000, 7518231.500000, -21546.785156, 227076.625000
8.700000, 458.722687, 458.722687, 7015613.000000, 7015613.000000, -12402.447266, 217197.265625
8.750000, -529.042480, -529.042480, 6507091.000000, 6507091.000000, -22131.648438, 215441.296875
8.800000, -766.581604, -766.581604, 5964667.500000, 5964667.500000, -19403.208984, 189485.875000
8.850000, -255.945221, -255.945221, 5473174.500000, 5473174.500000, -18832.609375, 159187.765625
8.900000, -833.228271, -833.228271, 4965736.000000, 4965736.000000, -31190.492188, 147874.515625
8.950000, -946.434509, -946.434509, 4444600.000000, 4444600.000000, -26671.259766, 146753.250000
9.000000, -1211.751221, -1211.751221, 3926774.500000, 3926774.500000, -25976.003906, 129049.640625
9.050000, -1201.105469, -1201.105469, 3392106.000000, 3392106.000000, -29358.109375, 103658.359375
9.100000, -589.614014, -589.614014, 2923343.000000, 2923343.000000, -23473.541016, 104304.484375
9.150000, -486.618500, -486.618500, 2378000.000000, 2378000.000000, -16992.574219, 98545.640625
9.200000, -269.645691, -269.645691, 1842184.125000, 1842184.125000, -5891.458008, 65763.734375
9.250000, 9.272129, 9.272129, 1434429.250000, 1434429.250000, 267.075806, 41674.648438
9.300000, -38.560623, -38.560623, 827346.187500, 827346.187500, -1583.951660, 25288.216797
9.350000, -37.020737, -37.020737, 212603.031250, 212603.031250, -1078.108765, 7300.488770
