Time 1XX 1YY 2XX 2YY 1X2Y 1Y2X 
-9.400000, 0.000000, 0.000000, 0.000000, 0.000000, 0.000000, 0.000000
-9.350000, -37.020737, -37.020737, 1784.941040, 1784.941040, -2221.244141, 29.749020
-9.300000, -38.560623, -38.560623, 6846.670898, 6846.670898, -7585.389648, 43.506844
-9.250000, 9.272129, 9.272129, 11327.894531, 11327.894531, -12292.947266, -13.006580
-9.200000, -269.645691, -269.645691, 13323.031250, 13323.031250, -19630.046875, 147.536926
-9.150000, -486.618500, -486.618500, 16713.490234, 16713.490234, -29783.248047, 469.519409
-9.100000, -589.614014, -589.614014, 21497.046875, 21497.046875, -31373.992188, 633.201477
-9.050000, -1201.105469, -1201.105469, 24250.228516, 24250.228516, -31681.964844, 660.108032
-9.000000, -1211.751221, -1211.751221, 25055.957031, 25055.957031, -40197.332031, 518.104919
-8.950000, -946.434509, -946.434509, 28001.000000, 28001.000000, -45004.039062, 626.735535
-8.900000, -833.228271, -833.228271, 33252.191406, 33252.191406, -44874.027344, 681.613892
-8.850000, -255.945221, -255.945221, 35946.289062, 35946.289062, -49034.191406, 217.830139
-8.800000, -766.581604, -766.581604, 37388.093750, 37388.093750, -58497.003906, 182.507828
-8.750000, -529.042480, -529.042480, 40429.234375, 40429.234375, -65571.007812, 368.906372
-8.700000, 458.722687, 458.722687, 43846.761719, 43846.761719, -65877.265625, 353.532532
-8.650000, -923.701294, -923.701294, 47101.835938, 47101.835938, -70057.898438, 387.770203
-8.600000, -1288.410767, -1288.410767, 49678.511719, 49678.511719, -75602.320312, 434.305481
-8.550000, -503.236938, -503.236938, 52472.550781, 52472.550781, -73606.390625, 656.223389
-8.500000, -1212.125732, -1212.125732, 55244.085938, 55244.085938, -75404.085938, 599.558411
-8.450000, -1440.608154, -1440.608154, 57646.722656, 57646.722656, -79788.531250, 936.463013
-8.400000, -1438.829834, -1438.829834, 60804.832031, 60804.832031, -79507.148438, 1721.042480
-8.350000, -1741.102051, -1741.102051, 62799.953125, 62799.953125, -83299.921875, 1642.282471
-8.300000, -2350.519043, -2350.519043, 65060.582031, 65060.582031, -88597.500000, 1516.699341
-8.250000, -2802.104736, -2802.104736, 68353.562500, 68353.562500, -92683.437500, 1454.839478
-8.200000, -1294.923096, -1294.923096, 70115.140625, 70115.140625, -98454.726562, 1293.057373
-8.150000, -865.896362, -865.896362, 72359.117188, 72359.117188, -99106.054688, 1127.093628
-8.100000, -2331.446777, -2331.446777, 75273.039062, 75273.039062, -98505.570312, 665.860168
-8.050000, -1911.901855, -1911.901855, 78280.320312, 78280.320312, -98034.984375, 1314.026367
-8.000000, -1593.040649, -1593.040649, 80361.195312, 80361.195312, -98897.906250, 1811.632568
-7.950000, -2143.584717, -2143.584717, 80924.437500, 80924.437500, -110373.273438, 1197.439819
-7.900000, -2161.725830, -2161.725830, 85110.023438, 85110.023438, -110662.421875, 1556.428101
-7.850000, -3358.180176, -3358.180176, 89503.671875, 89503.671875, -97762.757812, 2371.038574
-7.800000, -3064.379639, -3064.379639, 89602.445312, 89602.445312, -102079.171875, 2753.133301
-7.750000, -2779.245605, -2779.245605, 90526.945312, 90526.945312, -111243.984375, 2143.849365
-7.700000, -4176.296387, -4176.296387, 92897.562500, 92897.562500, -109800.875000, 1799.781006
-7.650000, -1269.123047, -1269.123047, 95973.937500, 95973.937500, -106092.484375, 3113.362061
-7.600000, -266.323639, -266.323639, 99113.929688, 99113.929688, -105114.093750, 2649.162842
-7.550000, -4113.802246, -4113.802246, 101232.562500, 101232.562500, -109508.304688, 1216.793091
-7.500000, -3533.488525, -3533.488525, 103492.765625, 103492.765625, -111208.828125, 1733.776489
-7.450000, -1158.143066, -1158.143066, 104593.281250, 104593.281250, -113491.156250, 2507.389648
-7.400000, -1670.826416, -1670.826416, 106567.914062, 106567.914062, -121127.281250, 2746.412842
-7.350000, -4328.719727, -4328.719727, 109674.156250, 109674.156250, -123059.328125, 2077.368652
-7.300000, -5763.253418, -5763.253418, 111249.226562, 111249.226562, -124013.007812, 2060.950684
-7.250000, -3541.643555, -3541.643555, 113542.500000, 113542.500000, -129713.820312, 3161.726562
-7.200000, -2699.316650, -2699.316650, 115239.421875, 115239.421875, -134286.156250, 3043.740723
-7.150000, -2910.088135, -2910.088135, 116293.406250, 116293.406250, -134758.562500, 2957.255127
-7.100000, -2947.414795, -2947.414795, 119494.703125, 119494.703125, -134550.656250, 2756.576416
-7.050000, -4095.756348, -4095.756348, 122869.257812, 122869.257812, -137491.984375, 2488.299316
-7.000000, -3137.760498, -3137.760498, 125147.718750, 125147.718750, -138136.406250, 2984.115479
-6.950000, -1606.437988, -1606.437988, 126600.664062, 126600.664062, -137941.734375, 2483.198975
-6.900000, -1308.875610, -1308.875610, 129319.023438, 129319.023438, -140311.062500, 2654.783691
-6.850000, -2090.311768, -2090.311768, 132503.015625, 132503.015625, -143604.515625, 3099.291504
-6.800000, -3687.548340, -3687.548340, 133014.656250, 133014.656250, -150153.156250, 2622.422852
-6.750000, -4050.753662, -4050.753662, 134415.625000, 134415.625000, -152159.546875, 2924.543457
-6.700000, -4894.589355, -4894.589355, 137536.140625, 137536.140625, -149246.562500, 3167.335449
-6.650000, -4005.608154, -4005.608154, 139119.828125, 139119.828125, -151960.703125, 3960.581543
-6.600000, -674.942383, -674.942383, 139745.078125, 139745.078125, -155437.140625, 3790.931396
-6.550000, -2943.076660, -2943.076660, 141837.343750, 141837.343750, -154633.968750, 1872.409668
-6.500000, -7098.434082, -7098.434082, 145772.390625, 145772.390625, -152821.046875, 1850.648438
-6.450000, -3195.369629, -3195.369629, 147764.875000, 147764.875000, -153580.765625, 2672.196533
-6.400000, 2279.914551, 2279.914551, 148943.812500, 148943.812500, -156871.281250, 3149.390625
-6.350000, -260.647888, -260.647888, 151497.515625, 151497.515625, -158586.875000, 2582.260986
-6.300000, -4524.973633, -4524.973633, 152522.765625, 152522.765625, -161935.968750, 1527.370361
-6.250000, -2802.872803, -2802.872803, 154677.843750, 154677.843750, -167315.062500, 2212.999268
-6.200000, 685.018066, 685.018066, 157166.656250, 157166.656250, -165426.796875, 1324.857788
-6.150000, 4849.343750, 4849.343750, 156188.734375, 156188.734375, -159893.015625, -2732.640381
-6.100000, 14174.054688, 14174.054688, 155482.359375, 155482.359375, -160896.578125, -11280.453125
-6.050000, 25270.683594, 25270.683594, 155950.578125, 155950.578125, -161464.687500, -20362.859375
-6.000000, 31644.753906, 31644.753906, 156590.078125, 156590.078125, -157083.718750, -18630.050781
-5.950000, 26335.371094, 26335.371094, 157011.390625, 157011.390625, -157857.906250, -7135.326172
-5.900000, 2651.449219, 2651.449219, 158653.781250, 158653.781250, -160284.328125, 9964.153320
-5.850000, -32501.652344, -32501.652344, 161374.593750, 161374.593750, -157327.515625, 28727.486328
-5.800000, -65962.695312, -65962.695312, 158839.734375, 158839.734375, -156909.656250, 43713.230469
-5.750000, -90128.421875, -90128.421875, 156365.890625, 156365.890625, -154132.078125, 56245.820312
-5.700000, -99315.625000, -99315.625000, 156845.796875, 156845.796875, -143354.546875, 61431.929688
-5.650000, -94255.445312, -94255.445312, 153653.421875, 153653.421875, -137171.750000, 58772.886719
-5.600000, -82696.906250, -82696.906250, 152336.500000, 152336.500000, -132406.171875, 53949.273438
-5.550000, -69302.234375, -69302.234375, 152651.859375, 152651.859375, -122763.296875, 49183.699219
-5.500000, -50918.972656, -50918.972656, 151579.750000, 151579.750000, -118277.414062, 45259.574219
-5.450000, -38555.656250, -38555.656250, 151976.359375, 151976.359375, -119326.937500, 33019.691406
-5.400000, -46156.304688, -46156.304688, 151480.937500, 151480.937500, -122869.304688, 18464.738281
-5.350000, -45094.917969, -45094.917969, 151319.625000, 151319.625000, -124179.398438, 10633.279297
-5.300000, -25227.582031, -25227.582031, 152129.171875, 152129.171875, -116462.398438, 2919.553711
-5.250000, -15445.052734, -15445.052734, 155852.281250, 155852.281250, -103487.460938, 789.787598
-5.200000, -5389.392578, -5389.392578, 157412.515625, 157412.515625, -95075.937500, 1050.609863
-5.150000, 12869.468750, 12869.468750, 150952.156250, 150952.156250, -99490.460938, 1022.346680
-5.100000, 24533.468750, 24533.468750, 149235.890625, 149235.890625, -95245.523438, 5133.776367
-5.050000, 31408.556641, 31408.556641, 150503.484375, 150503.484375, -76731.273438, 9729.308594
-5.000000, 29662.232422, 29662.232422, 151278.906250, 151278.906250, -75518.914062, 19840.601562
-4.950000, 16263.014648, 16263.014648, 154419.718750, 154419.718750, -80393.210938, 22707.242188
-4.900000, -9736.639648, -9736.639648, 151662.015625, 151662.015625, -80790.617188, 15262.024414
-4.850000, -37789.515625, -37789.515625, 148299.765625, 148299.765625, -87762.031250, 14408.194336
-4.800000, -35941.027344, -35941.027344, 143436.656250, 143436.656250, -90596.750000, 15334.860352
-4.750000, -10462.414062, -10462.414062, 142127.937500, 142127.937500, -80635.273438, 17005.361328
-4.700000, -8027.959961, -8027.959961, 148535.015625, 148535.015625, -64541.226562, 11944.714844
-4.650000, -30261.748047, -30261.748047, 141190.234375, 141190.234375, -71963.007812, 6991.367188
-4.600000, -39829.304688, -39829.304688, 137932.812500, 137932.812500, -86047.195312, 17656.001953
-4.550000, -35426.253906, -35426.253906, 146711.765625, 146711.765625, -77138.460938, 21382.349609
-4.500000, -21029.503906, -21029.503906, 138206.593750, 138206.593750, -79153.062500, 21076.152344
-4.450000, -4352.520020, -4352.520020, 119332.125000, 119332.125000, -86741.109375, 22939.205078
-4.400000, 2931.356934, 2931.356934, 116822.789062, 116822.789062, -51734.835938, 16690.449219
-4.350000, 11911.410156, 11911.410156, 146932.453125, 146932.453125, 55656.898438, 13727.120117
-4.300000, 17400.933594, 17400.933594, 165954.656250, 165954.656250, 168499.500000, 10731.897461
-4.250000, 43793.425781, 43793.425781, 146681.203125, 146681.203125, 203117.093750, 14738.722656
-4.200000, 63627.406250, 63627.406250, 141729.812500, 141729.812500, 202836.562500, 22382.580078
-4.150000, 34873.238281, 34873.238281, 149490.515625, 149490.515625, 175557.812500, 18173.884766
-4.100000, 26527.373047, 26527.373047, 158056.468750, 158056.468750, 119890.304688, 19356.646484
-4.050000, 3655.669189, 3655.669189, 170075.343750, 170075.343750, 32164.255859, 16452.675781
-4.000000, -41382.210938, -41382.210938, 166107.375000, 166107.375000, -118871.179688, 15321.221680
-3.950000, -52124.191406, -52124.191406, 173996.125000, 173996.125000, -241733.578125, 23036.654297
-3.900000, -93427.601562, -93427.601562, 183171.843750, 183171.843750, -354666.687500, 13134.341797
-3.850000, -110400.703125, -110400.703125, 175085.921875, 175085.921875, -478310.500000, 11227.345703
-3.800000, -86709.921875, -86709.921875, 177617.859375, 177617.859375, -503361.000000, 15746.682617
-3.750000, -85983.515625, -85983.515625, 174700.750000, 174700.750000, -494880.093750, 10161.459961
-3.700000, -65208.242188, -65208.242188, 162703.468750, 162703.468750, -475117.750000, 14654.836914
-3.650000, -56294.476562, -56294.476562, 151582.859375, 151582.859375, -383496.531250, 15217.606445
-3.600000, -16637.998047, -16637.998047, 144361.171875, 144361.171875, -233975.343750, 19685.640625
-3.550000, 56580.117188, 56580.117188, 147419.203125, 147419.203125, -38162.503906, 25261.683594
-3.500000, 50454.230469, 50454.230469, 156084.375000, 156084.375000, 157068.625000, 19040.031250
-3.450000, 42705.339844, 42705.339844, 189973.187500, 189973.187500, 364972.812500, 26195.248047
-3.400000, 57610.980469, 57610.980469, 226248.906250, 226248.906250, 528670.250000, 26643.314453
-3.350000, 48999.351562, 48999.351562, 237933.531250, 237933.531250, 549578.437500, 18183.996094
-3.300000, 35829.175781, 35829.175781, 246570.125000, 246570.125000, 486436.937500, 18568.775391
-3.250000, 4089.335449, 4089.335449, 247279.250000, 247279.250000, 368697.906250, 15500.834961
-3.200000, -22713.326172, -22713.326172, 258668.062500, 258668.062500, 279429.031250, 13004.003906
-3.150000, -49289.296875, -49289.296875, 291113.625000, 291113.625000, 271655.625000, 6753.017578
-3.100000, -55418.046875, -55418.046875, 328469.968750, 328469.968750, 259901.125000, 12949.295898
-3.050000, -32466.781250, -32466.781250, 376115.718750, 376115.718750, 256150.625000, 21680.050781
-3.000000, -46474.132812, -46474.132812, 417535.593750, 417535.593750, 256179.718750, 4286.008301
-2.950000, -41505.218750, -41505.218750, 459658.375000, 459658.375000, 253423.406250, 6024.825684
-2.900000, -4922.670410, -4922.670410, 507676.375000, 507676.375000, 264505.312500, 20413.949219
-2.850000, 25205.605469, 25205.605469, 548666.000000, 548666.000000, 268377.375000, 19044.003906
-2.800000, 62065.574219, 62065.574219, 597413.437500, 597413.437500, 296657.968750, 20885.455078
-2.750000, 48030.109375, 48030.109375, 641412.062500, 641412.062500, 305069.062500, 20861.439453
-2.700000, 18781.435547, 18781.435547, 683904.875000, 683904.875000, 290541.468750, 30312.910156
-2.650000, 16731.318359, 16731.318359, 734501.562500, 734501.562500, 310239.187500, 41669.960938
-2.600000, -11649.916992, -11649.916992, 777826.687500, 777826.687500, 317742.906250, 41541.488281
-2.550000, -48040.515625, -48040.515625, 824026.687500, 824026.687500, 318859.875000, 40753.988281
-2.500000, -75390.437500, -75390.437500, 867912.375000, 867912.375000, 315135.093750, 33539.812500
-2.450000, -68618.226562, -68618.226562, 911516.875000, 911516.875000, 308068.218750, 34214.765625
-2.400000, -45018.867188, -45018.867188, 958935.250000, 958935.250000, 317231.218750, 25641.472656
-2.350000, -47105.554688, -47105.554688, 1000062.937500, 1000062.937500, 301474.343750, 12741.721680
-2.300000, -13512.372070, -13512.372070, 1049173.875000, 1049173.875000, 300281.468750, 24566.609375
-2.250000, 30554.490234, 30554.490234, 1095794.625000, 1095794.625000, 312201.468750, 22782.341797
-2.200000, 61821.386719, 61821.386719, 1141602.000000, 1141602.000000, 307711.156250, 24629.960938
-2.150000, 103922.359375, 103922.359375, 1193321.875000, 1193321.875000, 322060.656250, 35370.605469
-2.100000, 94469.914062, 94469.914062, 1234090.000000, 1234090.000000, 319733.125000, 27769.867188
-2.050000, 49383.410156, 49383.410156, 1279970.375000, 1279970.375000, 312871.906250, 25653.697266
-2.000000, 11350.363281, 11350.363281, 1327461.375000, 1327461.375000, 315556.718750, 22496.355469
-1.950000, 16294.276367, 16294.276367, 1374732.375000, 1374732.375000, 308047.843750, 40232.113281
-1.900000, 45857.105469, 45857.105469, 1427462.625000, 1427462.625000, 318934.375000, 62180.183594
-1.850000, 21178.205078, 21178.205078, 1469767.375000, 1469767.375000, 320737.281250, 54509.445312
-1.800000, -2399.957275, -2399.957275, 1515127.500000, 1515127.500000, 311421.781250, 54828.542969
-1.750000, -13742.771484, -13742.771484, 1560084.750000, 1560084.750000, 301671.468750, 41270.609375
-1.700000, 7728.672852, 7728.672852, 1607308.500000, 1607308.500000, 299256.343750, 34132.675781
-1.650000, 70536.539062, 70536.539062, 1661406.000000, 1661406.000000, 324170.343750, 43979.921875
-1.600000, 62858.136719, 62858.136719, 1703530.000000, 1703530.000000, 314628.531250, 40940.722656
-1.550000, 57746.085938, 57746.085938, 1754560.000000, 1754560.000000, 297825.843750, 57592.273438
-1.500000, 60031.109375, 60031.109375, 1805002.125000, 1805002.125000, 319360.781250, 49420.082031
-1.450000, 18992.417969, 18992.417969, 1846872.250000, 1846872.250000, 329127.750000, 30139.394531
-1.400000, -5602.538574, -5602.538574, 1897333.250000, 1897333.250000, 324462.343750, 32283.005859
-1.350000, -38837.167969, -38837.167969, 1944016.625000, 1944016.625000, 315151.406250, 24171.066406
-1.300000, -26877.808594, -26877.808594, 2000353.000000, 2000353.000000, 321915.750000, 47500.609375
-1.250000, -47615.941406, -47615.941406, 2051795.500000, 2051795.500000, 312218.000000, 63090.414062
-1.200000, -165846.296875, -165846.296875, 2090450.750000, 2090450.750000, 256794.687500, 54403.238281
-1.150000, -316617.156250, -316617.156250, 2131278.250000, 2131278.250000, 196157.937500, 18222.343750
-1.100000, -528988.500000, -528988.500000, 2156413.750000, 2156413.750000, 110204.953125, -68270.023438
-1.050000, -491871.062500, -491871.062500, 2199366.250000, 2199366.250000, 77162.648438, -76406.968750
-1.000000, -23133.664062, -23133.664062, 2265527.750000, 2265527.750000, 160677.562500, 6359.762695
-0.950000, 655143.875000, 655143.875000, 2329930.000000, 2329930.000000, 280354.750000, 115211.828125
-0.900000, 1271535.750000, 1271535.750000, 2380272.500000, 2380272.500000, 382548.781250, 158405.390625
-0.850000, 1565174.750000, 1565174.750000, 2393418.250000, 2393418.250000, 410689.906250, 87579.820312
-0.800000, 1678320.250000, 1678320.250000, 2424823.500000, 2424823.500000, 429751.062500, 89958.265625
-0.750000, 1556760.750000, 1556760.750000, 2475610.500000, 2475610.500000, 478068.781250, 129992.992188
-0.700000, 1013016.312500, 1013016.312500, 2514591.250000, 2514591.250000, 483498.531250, 127351.570312
-0.650000, 229376.828125, 229376.828125, 2571933.250000, 2571933.250000, 487578.625000, 162635.359375
-0.600000, -775382.125000, -775382.125000, 2618990.000000, 2618990.000000, 479057.406250, 178936.296875
-0.550000, -1778808.875000, -1778808.875000, 2665770.000000, 2665770.000000, 475992.812500, 198920.031250
-0.500000, -2650118.500000, -2650118.500000, 2715982.000000, 2715982.000000, 482893.125000, 196130.234375
-0.450000, -3343922.250000, -3343922.250000, 2755925.500000, 2755925.500000, 443982.968750, 165591.078125
-0.400000, -3548975.000000, -3548975.000000, 2812328.750000, 2812328.750000, 433033.750000, 152269.203125
-0.350000, -3378545.000000, -3378545.000000, 2839366.000000, 2839366.000000, 388061.468750, 40683.890625
-0.300000, -2741316.250000, -2741316.250000, 2858759.000000, 2858759.000000, 300494.750000, -77467.015625
-0.250000, -1567688.875000, -1567688.875000, 2895817.000000, 2895817.000000, 258882.421875, -181685.484375
-0.200000, -29728.337891, -29728.337891, 2919532.250000, 2919532.250000, 221928.187500, -311997.718750
-0.150000, 1903491.250000, 1903491.250000, 2949528.500000, 2949528.500000, 216798.250000, -321960.625000
-0.100000, 3842880.500000, 3842880.500000, 2984270.750000, 2984270.750000, 226209.296875, -206314.250000
-0.050000, 5577899.500000, 5577899.500000, 3087625.750000, 3087625.750000, 298763.500000, 79910.984375
0.000000, 6430888.500000, 6430888.500000, 3175225.500000, 3175225.500000, 333822.437500, 333822.437500
0.050000, 5577899.500000, 5577899.500000, 3087625.750000, 3087625.750000, 79910.984375, 298763.500000
0.100000, 3842880.500000, 3842880.500000, 2984270.750000, 2984270.750000, -206314.250000, 226209.296875
0.150000, 1903491.250000, 1903491.250000, 2949528.500000, 2949528.500000, -321960.625000, 216798.250000
0.200000, -29728.337891, -29728.337891, 2919532.250000, 2919532.250000, -311997.718750, 221928.187500
0.250000, -1567688.875000, -1567688.875000, 2895817.000000, 2895817.000000, -181685.484375, 258882.421875
0.300000, -2741316.250000, -2741316.250000, 2858759.000000, 2858759.000000, -77467.015625, 300494.750000
0.350000, -3378545.000000, -3378545.000000, 2839366.000000, 2839366.000000, 40683.890625, 388061.468750
0.400000, -3548975.000000, -3548975.000000, 2812328.750000, 2812328.750000, 152269.203125, 433033.750000
0.450000, -3343922.250000, -3343922.250000, 2755925.500000, 2755925.500000, 165591.078125, 443982.968750
0.500000, -2650118.500000, -2650118.500000, 2715982.000000, 2715982.000000, 196130.234375, 482893.125000
0.550000, -1778808.875000, -1778808.875000, 2665770.000000, 2665770.000000, 198920.031250, 475992.812500
0.600000, -775382.125000, -775382.125000, 2618990.000000, 2618990.000000, 178936.296875, 479057.406250
0.650000, 229376.828125, 229376.828125, 2571933.250000, 2571933.250000, 162635.359375, 487578.625000
0.700000, 1013016.312500, 1013016.312500, 2514591.250000, 2514591.250000, 127351.570312, 483498.531250
0.750000, 1556760.750000, 1556760.750000, 2475610.500000, 2475610.500000, 129992.992188, 478068.781250
0.800000, 1678320.250000, 1678320.250000, 2424823.500000, 2424823.500000, 89958.265625, 429751.062500
0.850000, 1565174.750000, 1565174.750000, 2393418.250000, 2393418.250000, 87579.820312, 410689.906250
0.900000, 1271535.750000, 1271535.750000, 2380272.500000, 2380272.500000, 158405.390625, 382548.781250
0.950000, 655143.875000, 655143.875000, 2329930.000000, 2329930.000000, 115211.828125, 280354.750000
1.000000, -23133.664062, -23133.664062, 2265527.750000, 2265527.750000, 6359.762695, 160677.562500
1.050000, -491871.062500, -491871.062500, 2199366.250000, 2199366.250000, -76406.968750, 77162.648438
1.100000, -528988.500000, -528988.500000, 2156413.750000, 2156413.750000, -68270.023438, 110204.953125
1.150000, -316617.156250, -316617.156250, 2131278.250000, 2131278.250000, 18222.343750, 196157.937500
1.200000, -165846.296875, -165846.296875, 2090450.750000, 2090450.750000, 54403.238281, 256794.687500
1.250000, -47615.941406, -47615.941406, 2051795.500000, 2051795.500000, 63090.414062, 312218.000000
1.300000, -26877.808594, -26877.808594, 2000353.000000, 2000353.000000, 47500.609375, 321915.750000
1.350000, -38837.167969, -38837.167969, 1944016.625000, 1944016.625000, 24171.066406, 315151.406250
1.400000, -5602.538574, -5602.538574, 1897333.250000, 1897333.250000, 32283.005859, 324462.343750
1.450000, 18992.417969, 18992.417969, 1846872.250000, 1846872.250000, 30139.394531, 329127.750000
1.500000, 60031.109375, 60031.109375, 1805002.125000, 1805002.125000, 49420.082031, 319360.781250
1.550000, 57746.085938, 57746.085938, 1754560.000000, 1754560.000000, 57592.273438, 297825.843750
1.600000, 62858.136719, 62858.136719, 1703530.000000, 1703530.000000, 40940.722656, 314628.531250
1.650000, 70536.539062, 70536.539062, 1661406.000000, 1661406.000000, 43979.921875, 324170.343750
1.700000, 7728.672852, 7728.672852, 1607308.500000, 1607308.500000, 34132.675781, 299256.343750
1.750000, -13742.771484, -13742.771484, 1560084.750000, 1560084.750000, 41270.609375, 301671.468750
1.800000, -2399.957275, -2399.957275, 1515127.500000, 1515127.500000, 54828.542969, 311421.781250
1.850000, 21178.205078, 21178.205078, 1469767.375000, 1469767.375000, 54509.445312, 320737.281250
1.900000, 45857.105469, 45857.105469, 1427462.625000, 1427462.625000, 62180.183594, 318934.375000
1.950000, 16294.276367, 16294.276367, 1374732.375000, 1374732.375000, 40232.113281, 308047.843750
2.000000, 11350.363281, 11350.363281, 1327461.375000, 1327461.375000, 22496.355469, 315556.718750
2.050000, 49383.410156, 49383.410156, 1279970.375000, 1279970.375000, 25653.697266, 312871.906250
2.100000, 94469.914062, 94469.914062, 1234090.000000, 1234090.000000, 27769.867188, 319733.125000
2.150000, 103922.359375, 103922.359375, 1193321.875000, 1193321.875000, 35370.605469, 322060.656250
2.200000, 61821.386719, 61821.386719, 1141602.000000, 1141602.000000, 24629.960938, 307711.156250
2.250000, 30554.490234, 30554.490234, 1095794.625000, 1095794.625000, 22782.341797, 312201.468750
2.300000, -13512.372070, -13512.372070, 1049173.875000, 1049173.875000, 24566.609375, 300281.468750
2.350000, -47105.554688, -47105.554688, 1000062.937500, 1000062.937500, 12741.721680, 301474.343750
2.400000, -45018.867188, -45018.867188, 958935.250000, 958935.250000, 25641.472656, 317231.218750
2.450000, -68618.226562, -68618.226562, 911516.875000, 911516.875000, 34214.765625, 308068.218750
2.500000, -75390.437500, -75390.437500, 867912.375000, 867912.375000, 33539.812500, 315135.093750
2.550000, -48040.515625, -48040.515625, 824026.687500, 824026.687500, 40753.988281, 318859.875000
2.600000, -11649.916992, -11649.916992, 777826.687500, 777826.687500, 41541.488281, 317742.906250
2.650000, 16731.318359, 16731.318359, 734501.562500, 734501.562500, 41669.960938, 310239.187500
2.700000, 18781.435547, 18781.435547, 683904.875000, 683904.875000, 30312.910156, 290541.468750
2.750000, 48030.109375, 48030.109375, 641412.062500, 641412.062500, 20861.439453, 305069.062500
2.800000, 62065.574219, 62065.574219, 597413.437500, 597413.437500, 20885.455078, 296657.968750
2.850000, 25205.605469, 25205.605469, 548666.000000, 548666.000000, 19044.003906, 268377.375000
2.900000, -4922.670410, -4922.670410, 507676.375000, 507676.375000, 20413.949219, 264505.312500
2.950000, -41505.218750, -41505.218750, 459658.375000, 459658.375000, 6024.825684, 253423.406250
3.000000, -46474.132812, -46474.132812, 417535.593750, 417535.593750, 4286.008301, 256179.718750
3.050000, -32466.781250, -32466.781250, 376115.718750, 376115.718750, 21680.050781, 256150.625000
3.100000, -55418.046875, -55418.046875, 328469.968750, 328469.968750, 12949.295898, 259901.125000
3.150000, -49289.296875, -49289.296875, 291113.625000, 291113.625000, 6753.017578, 271655.625000
3.200000, -22713.326172, -22713.326172, 258668.062500, 258668.062500, 13004.003906, 279429.031250
3.250000, 4089.335449, 4089.335449, 247279.250000, 247279.250000, 15500.834961, 368697.906250
3.300000, 35829.175781, 35829.175781, 246570.125000, 246570.125000, 18568.775391, 486436.937500
3.350000, 48999.351562, 48999.351562, 237933.531250, 237933.531250, 18183.996094, 549578.437500
3.400000, 57610.980469, 57610.980469, 226248.906250, 226248.906250, 26643.314453, 528670.250000
3.450000, 42705.339844, 42705.339844, 189973.187500, 189973.187500, 26195.248047, 364972.812500
3.500000, 50454.230469, 50454.230469, 156084.375000, 156084.375000, 19040.031250, 157068.625000
3.550000, 56580.117188, 56580.117188, 147419.203125, 147419.203125, 25261.683594, -38162.503906
3.600000, -16637.998047, -16637.998047, 144361.171875, 144361.171875, 19685.640625, -233975.343750
3.650000, -56294.476562, -56294.476562, 151582.859375, 151582.859375, 15217.606445, -383496.531250
3.700000, -65208.242188, -65208.242188, 162703.468750, 162703.468750, 14654.836914, -475117.750000
3.750000, -85983.515625, -85983.515625, 174700.750000, 174700.750000, 10161.459961, -494880.093750
3.800000, -86709.921875, -86709.921875, 177617.859375, 177617.859375, 15746.682617, -503361.000000
3.850000, -110400.703125, -110400.703125, 175085.921875, 175085.921875, 11227.345703, -478310.500000
3.900000, -93427.601562, -93427.601562, 183171.843750, 183171.843750, 13134.341797, -354666.687500
3.950000, -52124.191406, -52124.191406, 173996.125000, 173996.125000, 23036.654297, -241733.578125
4.000000, -41382.210938, -41382.210938, 166107.375000, 166107.375000, 15321.221680, -118871.179688
4.050000, 3655.669189, 3655.669189, 170075.343750, 170075.343750, 16452.675781, 32164.255859
4.100000, 26527.373047, 26527.373047, 158056.468750, 158056.468750, 19356.646484, 119890.304688
4.150000, 34873.238281, 34873.238281, 149490.515625, 149490.515625, 18173.884766, 175557.812500
4.200000, 63627.406250, 63627.406250, 141729.812500, 141729.812500, 22382.580078, 202836.562500
4.250000, 43793.425781, 43793.425781, 146681.203125, 146681.203125, 14738.722656, 203117.093750
4.300000, 17400.933594, 17400.933594, 165954.656250, 165954.656250, 10731.897461, 168499.500000
4.350000, 11911.410156, 11911.410156, 146932.453125, 146932.453125, 13727.120117, 55656.898438
4.400000, 2931.356934, 2931.356934, 116822.789062, 116822.789062, 16690.449219, -51734.835938
4.450000, -4352.520020, -4352.520020, 119332.125000, 119332.125000, 22939.205078, -86741.109375
4.500000, -21029.503906, -21029.503906, 138206.593750, 138206.593750, 21076.152344, -79153.062500
4.550000, -35426.253906, -35426.253906, 146711.765625, 146711.765625, 21382.349609, -77138.460938
4.600000, -39829.304688, -39829.304688, 137932.812500, 137932.812500, 17656.001953, -86047.195312
4.650000, -30261.748047, -30261.748047, 141190.234375, 141190.234375, 6991.367188, -71963.007812
4.700000, -8027.959961, -8027.959961, 148535.015625, 148535.015625, 11944.714844, -64541.226562
4.750000, -10462.414062, -10462.414062, 142127.937500, 142127.937500, 17005.361328, -80635.273438
4.800000, -35941.027344, -35941.027344, 143436.656250, 143436.656250, 15334.860352, -90596.750000
4.850000, -37789.515625, -37789.515625, 148299.765625, 148299.765625, 14408.194336, -87762.031250
4.900000, -9736.639648, -9736.639648, 151662.015625, 151662.015625, 15262.024414, -80790.617188
4.950000, 16263.014648, 16263.014648, 154419.718750, 154419.718750, 22707.242188, -80393.210938
5.000000, 29662.232422, 29662.232422, 151278.906250, 151278.906250, 19840.601562, -75518.914062
5.050000, 31408.556641, 31408.556641, 150503.484375, 150503.484375, 9729.308594, -76731.273438
5.100000, 24533.468750, 24533.468750, 149235.890625, 149235.890625, 5133.776367, -95245.523438
5.150000, 12869.468750, 12869.468750, 150952.156250, 150952.156250, 1022.346680, -99490.460938
5.200000, -5389.392578, -5389.392578, 157412.515625, 157412.515625, 1050.609863, -95075.937500
5.250000, -15445.052734, -15445.052734, 155852.281250, 155852.281250, 789.787598, -103487.460938
5.300000, -25227.582031, -25227.582031, 152129.171875, 152129.171875, 2919.553711, -116462.398438
5.350000, -45094.917969, -45094.917969, 151319.625000, 151319.625000, 10633.279297, -124179.398438
5.400000, -46156.304688, -46156.304688, 151480.937500, 151480.937500, 18464.738281, -122869.304688
5.450000, -38555.656250, -38555.656250, 151976.359375, 151976.359375, 33019.691406, -119326.937500
5.500000, -50918.972656, -50918.972656, 151579.750000, 151579.750000, 45259.574219, -118277.414062
5.550000, -69302.234375, -69302.234375, 152651.859375, 152651.859375, 49183.699219, -122763.296875
5.600000, -82696.906250, -82696.906250, 152336.500000, 152336.500000, 53949.273438, -132406.171875
5.650000, -94255.445312, -94255.445312, 153653.421875, 153653.421875, 58772.886719, -137171.750000
5.700000, -99315.625000, -99315.625000, 156845.796875, 156845.796875, 61431.929688, -143354.546875
5.750000, -90128.421875, -90128.421875, 156365.890625, 156365.890625, 56245.820312, -154132.078125
5.800000, -65962.695312, -65962.695312, 158839.734375, 158839.734375, 43713.230469, -156909.656250
5.850000, -32501.652344, -32501.652344, 161374.593750, 161374.593750, 28727.486328, -157327.515625
5.900000, 2651.449219, 2651.449219, 158653.781250, 158653.781250, 9964.153320, -160284.328125
5.950000, 26335.371094, 26335.371094, 157011.390625, 157011.390625, -7135.326172, -157857.906250
6.000000, 31644.753906, 31644.753906, 156590.078125, 156590.078125, -18630.050781, -157083.718750
6.050000, 25270.683594, 25270.683594, 155950.578125, 155950.578125, -20362.859375, -161464.687500
6.100000, 14174.054688, 14174.054688, 155482.359375, 155482.359375, -11280.453125, -160896.578125
6.150000, 4849.343750, 4849.343750, 156188.734375, 156188.734375, -2732.640381, -159893.015625
6.200000, 685.018066, 685.018066, 157166.656250, 157166.656250, 1324.857788, -165426.796875
6.250000, -2802.872803, -2802.872803, 154677.843750, 154677.843750, 2212.999268, -167315.062500
6.300000, -4524.973633, -4524.973633, 152522.765625, 152522.765625, 1527.370361, -161935.968750
6.350000, -260.647888, -260.647888, 151497.515625, 151497.515625, 2582.260986, -158586.875000
6.400000, 2279.914551, 2279.914551, 148943.812500, 148943.812500, 3149.390625, -156871.281250
6.450000, -3195.369629, -3195.369629, 147764.875000, 147764.875000, 2672.196533, -153580.765625
6.500000, -7098.434082, -7098.434082, 145772.390625, 145772.390625, 1850.648438, -152821.046875
6.550000, -2943.076660, -2943.076660, 141837.343750, 141837.343750, 1872.409668, -154633.968750
6.600000, -674.942383, -674.942383, 139745.078125, 139745.078125, 3790.931396, -155437.140625
6.650000, -4005.608154, -4005.608154, 139119.828125, 139119.828125, 3960.581543, -151960.703125
6.700000, -4894.589355, -4894.589355, 137536.140625, 137536.140625, 3167.335449, -149246.562500
6.750000, -4050.753662, -4050.753662, 134415.625000, 134415.625000, 2924.543457, -152159.546875
6.800000, -3687.548340, -3687.548340, 133014.656250, 133014.656250, 2622.422852, -150153.156250
6.850000, -2090.311768, -2090.311768, 132503.015625, 132503.015625, 3099.291504, -143604.515625
6.900000, -1308.875610, -1308.875610, 129319.023438, 129319.023438, 2654.783691, -140311.062500
6.950000, -1606.437988, -1606.437988, 126600.664062, 126600.664062, 2483.198975, -137941.734375
7.000000, -3137.760498, -3137.760498, 125147.718750, 125147.718750, 2984.115479, -138136.406250
7.050000, -4095.756348, -4095.756348, 122869.257812, 122869.257812, 2488.299316, -137491.984375
7.100000, -2947.414795, -2947.414795, 119494.703125, 119494.703125, 2756.576416, -134550.656250
7.150000, -2910.088135, -2910.088135, 116293.406250, 116293.406250, 2957.255127, -134758.562500
7.200000, -2699.316650, -2699.316650, 115239.421875, 115239.421875, 3043.740723, -134286.156250
7.250000, -3541.643555, -3541.643555, 113542.500000, 113542.500000, 3161.726562, -129713.820312
7.300000, -5763.253418, -5763.253418, 111249.226562, 111249.226562, 2060.950684, -124013.007812
7.350000, -4328.719727, -4328.719727, 109674.156250, 109674.156250, 2077.368652, -123059.328125
7.400000, -1670.826416, -1670.826416, 106567.914062, 106567.914062, 2746.412842, -121127.281250
7.450000, -1158.143066, -1158.143066, 104593.281250, 104593.281250, 2507.389648, -113491.156250
7.500000, -3533.488525, -3533.488525, 103492.765625, 103492.765625, 1733.776489, -111208.828125
7.550000, -4113.802246, -4113.802246, 101232.562500, 101232.562500, 1216.793091, -109508.304688
7.600000, -266.323639, -266.323639, 99113.929688, 99113.929688, 2649.162842, -105114.093750
7.650000, -1269.123047, -1269.123047, 95973.937500, 95973.937500, 3113.362061, -106092.484375
7.700000, -4176.296387, -4176.296387, 92897.562500, 92897.562500, 1799.781006, -109800.875000
7.750000, -2779.245605, -2779.245605, 90526.945312, 90526.945312, 2143.849365, -111243.984375
7.800000, -3064.379639, -3064.379639, 89602.445312, 89602.445312, 2753.133301, -102079.171875
7.850000, -3358.180176, -3358.180176, 89503.671875, 89503.671875, 2371.038574, -97762.757812
7.900000, -2161.725830, -2161.725830, 85110.023438, 85110.023438, 1556.428101, -110662.421875
7.950000, -2143.584717, -2143.584717, 80924.437500, 80924.437500, 1197.439819, -110373.273438
8.000000, -1593.040649, -1593.040649, 80361.195312, 80361.195312, 1811.632568, -98897.906250
8.050000, -1911.901855, -1911.901855, 78280.320312, 78280.320312, 1314.026367, -98034.984375
8.100000, -2331.446777, -2331.446777, 75273.039062, 75273.039062, 665.860168, -98505.570312
8.150000, -865.896362, -865.896362, 72359.117188, 72359.117188, 1127.093628, -99106.054688
8.200000, -1294.923096, -1294.923096, 70115.140625, 70115.140625, 1293.057373, -98454.726562
8.250000, -2802.104736, -2802.104736, 68353.562500, 68353.562500, 1454.839478, -92683.437500
8.300000, -2350.519043, -2350.519043, 65060.582031, 65060.582031, 1516.699341, -88597.500000
8.350000, -1741.102051, -1741.102051, 62799.953125, 62799.953125, 1642.282471, -83299.921875
8.400000, -1438.829834, -1438.829834, 60804.832031, 60804.832031, 1721.042480, -79507.148438
8.450000, -1440.608154, -1440.608154, 57646.722656, 57646.722656, 936.463013, -79788.531250
8.500000, -1212.125732, -1212.125732, 55244.085938, 55244.085938, 599.558411, -75404.085938
8.550000, -503.236938, -503.236938, 52472.550781, 52472.550781, 656.223389, -73606.390625
8.600000, -1288.410767, -1288.410767, 49678.511719, 49678.511719, 434.305481, -75602.320312
8.650000, -923.701294, -923.701294, 47101.835938, 47101.835938, 387.770203, -70057.898438
8.700000, 458.722687, 458.722687, 43846.761719, 43846.761719, 353.532532, -65877.265625
8.750000, -529.042480, -529.042480, 40429.234375, 40429.234375, 368.906372, -65571.007812
8.800000, -766.581604, -766.581604, 37388.093750, 37388.093750, 182.507828, -58497.003906
8.850000, -255.945221, -255.945221, 35946.289062, 35946.289062, 217.830139, -49034.191406
8.900000, -833.228271, -833.228271, 33252.191406, 33252.191406, 681.613892, -44874.027344
8.950000, -946.434509, -946.434509, 28001.000000, 28001.000000, 626.735535, -45004.039062
9.000000, -1211.751221, -1211.751221, 25055.957031, 25055.957031, 518.104919, -40197.332031
9.050000, -1201.105469, -1201.105469, 24250.228516, 24250.228516, 660.108032, -31681.964844
9.100000, -589.614014, -589.614014, 21497.046875, 21497.046875, 633.201477, -31373.992188
9.150000, -486.618500, -486.618500, 16713.490234, 16713.490234, 469.519409, -29783.248047
9.200000, -269.645691, -269.645691, 13323.031250, 13323.031250, 147.536926, -19630.046875
9.250000, 9.272129, 9.272129, 11327.894531, 11327.894531, -13.006580, -12292.947266
9.300000, -38.560623, -38.560623, 6846.670898, 6846.670898, 43.506844, -7585.389648
9.350000, -37.020737, -37.020737, 1784.941040, 1784.941040, 29.749020, -2221.244141
