Time 1XX 1ZZ 2XX 2ZZ 1X2Z 1Z2X 
-9.500000, 0.000000, 0.000000, 0.000000, 0.000000, 0.000000, 0.000000
-9.450000, 168.433670, 168.433670, 186685.765625, 186685.765625, -1809.635010, -17375.970703
-9.400000, 785.048401, 785.048401, 735269.937500, 735269.937500, -10094.848633, -52493.328125
-9.350000, 1696.131104, 1696.131104, 1299805.125000, 1299805.125000, -27297.861328, -59988.832031
-9.300000, 1227.434937, 1227.434937, 1706437.250000, 1706437.250000, -36474.210938, -61770.257812
-9.250000, -812.948608, -812.948608, 2193419.250000, 2193419.250000, -17925.136719, -97922.406250
-9.200000, 237.903183, 237.903183, 2638509.250000, 2638509.250000, -4793.621582, -119251.125000
-9.150000, 2974.096436, 2974.096436, 3062854.250000, 3062854.250000, -22492.236328, -125937.671875
-9.100000, 187.715363, 187.715363, 3594645.000000, 3594645.000000, -22251.015625, -144162.062500
-9.050000, -2749.486816, -2749.486816, 4057080.250000, 4057080.250000, 2436.111816, -156470.328125
-9.000000, -42.868164, -42.868164, 4526299.000000, 4526299.000000, 9863.006836, -182315.375000
-8.950000, 1804.997070, 1804.997070, 5014139.500000, 5014139.500000, 7206.264648, -230840.875000
-8.900000, 1197.346802, 1197.346802, 5447206.500000, 5447206.500000, 2514.325195, -265379.187500
-8.850000, 79.551025, 79.551025, 5932111.000000, 5932111.000000, 3480.693848, -273658.875000
-8.800000, -2012.791626, -2012.791626, 6402280.500000, 6402280.500000, 18868.615234, -289776.812500
-8.750000, -1676.099854, -1676.099854, 6837356.500000, 6837356.500000, 20689.187500, -295189.031250
-8.700000, 24.710075, 24.710075, 7285179.500000, 7285179.500000, 18688.798828, -291656.781250
-8.650000, -2142.511719, -2142.511719, 7740859.500000, 7740859.500000, 33722.359375, -331029.375000
-8.600000, -3706.969971, -3706.969971, 8206160.500000, 8206160.500000, 42156.226562, -341846.375000
-8.550000, -1594.188110, -1594.188110, 8655946.000000, 8655946.000000, 45903.050781, -345956.750000
-8.500000, -2429.358643, -2429.358643, 9137336.000000, 9137336.000000, 53538.128906, -393072.656250
-8.450000, -2816.148193, -2816.148193, 9617848.000000, 9617848.000000, 55702.402344, -388997.281250
-8.400000, -711.316223, -711.316223, 10078535.000000, 10078535.000000, 59915.683594, -394462.343750
-8.350000, -4544.782715, -4544.782715, 10577278.000000, 10577278.000000, 73570.929688, -421490.562500
-8.300000, -5644.912109, -5644.912109, 11045459.000000, 11045459.000000, 88078.835938, -412325.343750
-8.250000, -1409.993286, -1409.993286, 11500197.000000, 11500197.000000, 87944.664062, -433421.187500
-8.200000, -4676.015625, -4676.015625, 11978954.000000, 11978954.000000, 88960.757812, -445260.906250
-8.150000, -6727.669922, -6727.669922, 12452838.000000, 12452838.000000, 104710.671875, -446127.281250
-8.100000, -4346.121582, -4346.121582, 12965220.000000, 12965220.000000, 111283.710938, -462578.218750
-8.050000, -5735.618164, -5735.618164, 13463512.000000, 13463512.000000, 119068.460938, -469747.187500
-8.000000, -4212.006836, -4212.006836, 13915397.000000, 13915397.000000, 129773.398438, -500185.187500
-7.950000, -3763.759521, -3763.759521, 14403399.000000, 14403399.000000, 132344.093750, -497715.125000
-7.900000, -7917.657227, -7917.657227, 14907216.000000, 14907216.000000, 149458.281250, -482053.468750
-7.850000, -8300.916016, -8300.916016, 15379416.000000, 15379416.000000, 157544.953125, -500558.625000
-7.800000, -6566.477051, -6566.477051, 15833214.000000, 15833214.000000, 157322.062500, -498324.875000
-7.750000, -4455.740723, -4455.740723, 16290497.000000, 16290497.000000, 172303.984375, -527114.937500
-7.700000, -5375.351074, -5375.351074, 16762218.000000, 16762218.000000, 170967.343750, -563314.250000
-7.650000, -7831.204590, -7831.204590, 17223000.000000, 17223000.000000, 175455.765625, -567831.187500
-7.600000, -6100.143066, -6100.143066, 17660772.000000, 17660772.000000, 189709.953125, -587874.125000
-7.550000, -6289.463867, -6289.463867, 18018344.000000, 18018344.000000, 181880.781250, -547570.750000
-7.500000, -9940.126953, -9940.126953, 18239598.000000, 18239598.000000, 191164.718750, -238449.312500
-7.450000, -23326.222656, -23326.222656, 18567592.000000, 18567592.000000, 210799.796875, 358039.250000
-7.400000, -39612.015625, -39612.015625, 19358262.000000, 19358262.000000, 201481.453125, 627604.625000
-7.350000, -24840.984375, -24840.984375, 20503902.000000, 20503902.000000, 178392.312500, 312971.093750
-7.300000, 19168.851562, 19168.851562, 21498944.000000, 21498944.000000, 168889.906250, -222724.500000
-7.250000, 45089.082031, 45089.082031, 22162152.000000, 22162152.000000, 189373.046875, -1091785.000000
-7.200000, 32313.140625, 32313.140625, 22656714.000000, 22656714.000000, 223475.562500, -2043412.000000
-7.150000, 30797.726562, 30797.726562, 22960310.000000, 22960310.000000, 244805.406250, -2684081.500000
-7.100000, 51159.789062, 51159.789062, 23042456.000000, 23042456.000000, 236424.609375, -3198158.750000
-7.050000, 32743.947266, 32743.947266, 22994888.000000, 22994888.000000, 233461.062500, -3462469.500000
-7.000000, -8041.179688, -8041.179688, 22936614.000000, 22936614.000000, 278716.593750, -3503271.500000
-6.950000, -34259.675781, -34259.675781, 22972952.000000, 22972952.000000, 296966.843750, -3415483.500000
-6.900000, -52704.597656, -52704.597656, 23093322.000000, 23093322.000000, 265294.250000, -3082342.500000
-6.850000, -54867.285156, -54867.285156, 23414224.000000, 23414224.000000, 257628.656250, -2600554.500000
-6.800000, -61322.996094, -61322.996094, 24012336.000000, 24012336.000000, 256203.203125, -2040100.500000
-6.750000, -66328.921875, -66328.921875, 24816426.000000, 24816426.000000, 242457.046875, -1554812.750000
-6.700000, -41039.003906, -41039.003906, 25732854.000000, 25732854.000000, 233829.218750, -1158579.375000
-6.650000, -22345.947266, -22345.947266, 26607548.000000, 26607548.000000, 226736.265625, -846326.125000
-6.600000, -20313.953125, -20313.953125, 27565014.000000, 27565014.000000, 249860.062500, -730037.937500
-6.550000, -20528.941406, -20528.941406, 28396896.000000, 28396896.000000, 288128.875000, -626013.187500
-6.500000, -23269.382812, -23269.382812, 28818804.000000, 28818804.000000, 291524.031250, -511283.250000
-6.450000, -17210.269531, -17210.269531, 29357214.000000, 29357214.000000, 298960.531250, -835053.750000
-6.400000, -4850.942871, -4850.942871, 29976140.000000, 29976140.000000, 330485.562500, -1510657.000000
-6.350000, 20030.515625, 20030.515625, 30412580.000000, 30412580.000000, 328421.750000, -1681394.750000
-6.300000, 2959.357910, 2959.357910, 30989400.000000, 30989400.000000, 327322.312500, -1593136.250000
-6.250000, -67037.695312, -67037.695312, 31548188.000000, 31548188.000000, 362253.156250, -1708376.125000
-6.200000, -51113.957031, -51113.957031, 32051344.000000, 32051344.000000, 352184.531250, -1623348.125000
-6.150000, 3015.424561, 3015.424561, 32623710.000000, 32623710.000000, 325103.125000, -1634284.750000
-6.100000, -24581.558594, -24581.558594, 33104250.000000, 33104250.000000, 341288.093750, -1665604.625000
-6.050000, -52718.269531, -52718.269531, 33602180.000000, 33602180.000000, 363056.781250, -1548382.250000
-6.000000, -44755.871094, -44755.871094, 34115936.000000, 34115936.000000, 398376.843750, -1622473.125000
-5.950000, -13597.609375, -13597.609375, 34607032.000000, 34607032.000000, 402091.281250, -1535747.750000
-5.900000, 6538.280762, 6538.280762, 35131728.000000, 35131728.000000, 377603.656250, -1454417.500000
-5.850000, -34755.839844, -34755.839844, 35673584.000000, 35673584.000000, 426815.875000, -1521384.625000
-5.800000, -56434.285156, -56434.285156, 36216012.000000, 36216012.000000, 460284.125000, -1426187.000000
-5.750000, -29958.660156, -29958.660156, 36655556.000000, 36655556.000000, 425342.187500, -1343563.125000
-5.700000, -22984.931641, -22984.931641, 37142148.000000, 37142148.000000, 414585.281250, -1274979.125000
-5.650000, -40111.078125, -40111.078125, 37700100.000000, 37700100.000000, 435717.093750, -1285281.250000
-5.600000, -48974.402344, -48974.402344, 38200132.000000, 38200132.000000, 467772.875000, -1292948.375000
-5.550000, -25194.968750, -25194.968750, 38777596.000000, 38777596.000000, 462366.906250, -1201196.375000
-5.500000, -1138.910400, -1138.910400, 39330468.000000, 39330468.000000, 436801.625000, -1201818.500000
-5.450000, -4943.601562, -4943.601562, 39857132.000000, 39857132.000000, 458021.093750, -1139248.875000
-5.400000, -344.896515, -344.896515, 40456628.000000, 40456628.000000, 488032.843750, -1134795.875000
-5.350000, 14281.169922, 14281.169922, 40979676.000000, 40979676.000000, 510551.937500, -1202580.625000
-5.300000, 14317.730469, 14317.730469, 41490564.000000, 41490564.000000, 520601.031250, -1168305.875000
-5.250000, 14867.135742, 14867.135742, 42024840.000000, 42024840.000000, 542012.187500, -1210091.000000
-5.200000, 13862.095703, 13862.095703, 42540440.000000, 42540440.000000, 582372.187500, -1193822.375000
-5.150000, -19765.271484, -19765.271484, 43058548.000000, 43058548.000000, 576515.250000, -1179328.750000
-5.100000, -64187.925781, -64187.925781, 43538456.000000, 43538456.000000, 589560.312500, -1224472.625000
-5.050000, -64396.402344, -64396.402344, 44049216.000000, 44049216.000000, 616766.125000, -1114280.500000
-5.000000, -31273.279297, -31273.279297, 44579620.000000, 44579620.000000, 592125.187500, -1053180.375000
-4.950000, -17236.744141, -17236.744141, 45100748.000000, 45100748.000000, 579993.187500, -1047328.250000
-4.900000, -7869.105469, -7869.105469, 45665260.000000, 45665260.000000, 586946.625000, -1017425.375000
-4.850000, 10563.671875, 10563.671875, 46205508.000000, 46205508.000000, 626094.125000, -1012343.000000
-4.800000, 3748.637695, 3748.637695, 46731724.000000, 46731724.000000, 658692.625000, -962348.625000
-4.750000, 10034.866211, 10034.866211, 47283740.000000, 47283740.000000, 651897.500000, -981265.312500
-4.700000, 16197.169922, 16197.169922, 47812512.000000, 47812512.000000, 691198.187500, -1001168.125000
-4.650000, -26268.156250, -26268.156250, 48320820.000000, 48320820.000000, 723040.062500, -968285.250000
-4.600000, -22649.892578, -22649.892578, 48851276.000000, 48851276.000000, 721785.312500, -999815.437500
-4.550000, -3217.318115, -3217.318115, 49392912.000000, 49392912.000000, 721413.750000, -994192.375000
-4.500000, -51936.105469, -51936.105469, 49882140.000000, 49882140.000000, 730611.062500, -976599.625000
-4.450000, -66236.515625, -66236.515625, 50369904.000000, 50369904.000000, 762230.062500, -992512.500000
-4.400000, -42254.429688, -42254.429688, 50919324.000000, 50919324.000000, 744401.187500, -941542.625000
-4.350000, -40796.156250, -40796.156250, 51446428.000000, 51446428.000000, 753203.562500, -848758.500000
-4.300000, -41271.949219, -41271.949219, 51949112.000000, 51949112.000000, 785045.125000, -819563.187500
-4.250000, -32881.167969, -32881.167969, 52518804.000000, 52518804.000000, 764705.562500, -840436.562500
-4.200000, -22223.494141, -22223.494141, 53105792.000000, 53105792.000000, 825080.187500, -818067.750000
-4.150000, -41891.015625, -41891.015625, 53630956.000000, 53630956.000000, 864697.875000, -814549.500000
-4.100000, -15590.456055, -15590.456055, 54141876.000000, 54141876.000000, 830249.375000, -806839.937500
-4.050000, 48534.332031, 48534.332031, 54680424.000000, 54680424.000000, 867782.812500, -752811.750000
-4.000000, -3162.317383, -3162.317383, 55241860.000000, 55241860.000000, 927854.750000, -790734.875000
-3.950000, -43798.460938, -43798.460938, 55779096.000000, 55779096.000000, 966655.125000, -828467.125000
-3.900000, -17819.267578, -17819.267578, 56272340.000000, 56272340.000000, 969293.750000, -796990.937500
-3.850000, -37977.496094, -37977.496094, 56783404.000000, 56783404.000000, 984330.750000, -788576.500000
-3.800000, -32070.449219, -32070.449219, 57305096.000000, 57305096.000000, 1016175.687500, -776280.937500
-3.750000, -48811.558594, -48811.558594, 57818676.000000, 57818676.000000, 994996.312500, -767345.812500
-3.700000, -62350.734375, -62350.734375, 58295608.000000, 58295608.000000, 987719.312500, -731402.687500
-3.650000, 4693.304688, 4693.304688, 58776236.000000, 58776236.000000, 996627.187500, -712126.500000
-3.600000, -18273.589844, -18273.589844, 59360960.000000, 59360960.000000, 1061909.625000, -744378.437500
-3.550000, -61451.519531, -61451.519531, 59899136.000000, 59899136.000000, 1133530.000000, -682278.812500
-3.500000, -27774.832031, -27774.832031, 60386624.000000, 60386624.000000, 1121781.875000, -647598.375000
-3.450000, -7724.355469, -7724.355469, 60948916.000000, 60948916.000000, 1132422.000000, -691849.125000
-3.400000, 4530.930664, 4530.930664, 61458776.000000, 61458776.000000, 1135549.875000, -635891.312500
-3.350000, -16943.339844, -16943.339844, 61953168.000000, 61953168.000000, 1232480.375000, -610124.625000
-3.300000, -24451.527344, -24451.527344, 62506560.000000, 62506560.000000, 1353404.875000, -675343.625000
-3.250000, -19523.458984, -19523.458984, 63061140.000000, 63061140.000000, 1286293.375000, -685904.062500
-3.200000, -54294.625000, -54294.625000, 63628156.000000, 63628156.000000, 1263589.625000, -679110.500000
-3.150000, -47556.980469, -47556.980469, 64162564.000000, 64162564.000000, 1281132.125000, -710870.187500
-3.100000, -13493.266602, -13493.266602, 64622596.000000, 64622596.000000, 1270989.000000, -732943.937500
-3.050000, 27976.933594, 27976.933594, 65089688.000000, 65089688.000000, 994009.687500, -743338.437500
-3.000000, 4119.933105, 4119.933105, 65655412.000000, 65655412.000000, 345754.812500, -738492.000000
-2.950000, -47916.898438, -47916.898438, 66143516.000000, 66143516.000000, 234326.921875, -640800.625000
-2.900000, -22995.451172, -22995.451172, 66626388.000000, 66626388.000000, 551009.500000, -564807.625000
-2.850000, -64278.722656, -64278.722656, 67542048.000000, 67542048.000000, 570832.125000, -609701.250000
-2.800000, -66466.773438, -66466.773438, 68569464.000000, 68569464.000000, 723285.625000, -592544.687500
-2.750000, -22401.550781, -22401.550781, 69403616.000000, 69403616.000000, 1036443.687500, -557927.625000
-2.700000, -60849.132812, -60849.132812, 70304376.000000, 70304376.000000, 1363694.875000, -605468.187500
-2.650000, -75641.187500, -75641.187500, 70989360.000000, 70989360.000000, 1900727.000000, -623673.687500
-2.600000, -123262.031250, -123262.031250, 71341920.000000, 71341920.000000, 2408981.250000, -607317.750000
-2.550000, -41478.437500, -41478.437500, 71594976.000000, 71594976.000000, 2752909.500000, -572719.937500
-2.500000, 56021.097656, 56021.097656, 71678472.000000, 71678472.000000, 2896348.500000, -535940.437500
-2.450000, -50592.042969, -50592.042969, 71708400.000000, 71708400.000000, 2871424.250000, -472806.093750
-2.400000, -30033.314453, -30033.314453, 71734368.000000, 71734368.000000, 2796527.750000, -475266.843750
-2.350000, -50217.074219, -50217.074219, 71778000.000000, 71778000.000000, 2497653.250000, -587363.250000
-2.300000, -76074.460938, -76074.460938, 72070240.000000, 72070240.000000, 1921586.250000, -551746.250000
-2.250000, 23598.667969, 23598.667969, 72551776.000000, 72551776.000000, 1168932.500000, -536654.625000
-2.200000, -76536.890625, -76536.890625, 73118920.000000, 73118920.000000, 386881.468750, -603552.687500
-2.150000, -57513.324219, -57513.324219, 73860624.000000, 73860624.000000, -228965.546875, -517517.718750
-2.100000, 37137.078125, 37137.078125, 74887496.000000, 74887496.000000, -678138.062500, -511699.031250
-2.050000, -39087.589844, -39087.589844, 75910104.000000, 75910104.000000, -763502.437500, -504766.468750
-2.000000, -27988.298828, -27988.298828, 76380776.000000, 76380776.000000, -271561.250000, -391345.281250
-1.950000, 27948.960938, 27948.960938, 76533768.000000, 76533768.000000, 313985.750000, -372872.125000
-1.900000, 88809.921875, 88809.921875, 76875472.000000, 76875472.000000, 433801.812500, -400961.031250
-1.850000, 19733.341797, 19733.341797, 77386224.000000, 77386224.000000, 315578.437500, -481364.218750
-1.800000, -70802.726562, -70802.726562, 77939432.000000, 77939432.000000, 330795.218750, -498430.781250
-1.750000, 7992.083008, 7992.083008, 78435704.000000, 78435704.000000, 291507.218750, -496580.687500
-1.700000, 40662.078125, 40662.078125, 78877736.000000, 78877736.000000, 197386.312500, -540030.000000
-1.650000, 113613.195312, 113613.195312, 79270552.000000, 79270552.000000, 273358.906250, -436853.937500
-1.600000, 135380.687500, 135380.687500, 79654736.000000, 79654736.000000, 331001.125000, -402067.406250
-1.550000, 65982.601562, 65982.601562, 80172664.000000, 80172664.000000, 332475.687500, -368830.718750
-1.500000, -8215.790039, -8215.790039, 80696088.000000, 80696088.000000, 358538.343750, -232172.265625
-1.450000, -78830.265625, -78830.265625, 81191192.000000, 81191192.000000, 346196.625000, -285464.875000
-1.400000, 87030.648438, 87030.648438, 81725144.000000, 81725144.000000, 341226.406250, -387977.312500
-1.350000, 130292.890625, 130292.890625, 82207568.000000, 82207568.000000, 321897.875000, -385688.375000
-1.300000, 31938.167969, 31938.167969, 82684392.000000, 82684392.000000, 400699.781250, -291374.968750
-1.250000, -54510.925781, -54510.925781, 83176048.000000, 83176048.000000, 490228.843750, -239132.328125
-1.200000, -230039.093750, -230039.093750, 83738216.000000, 83738216.000000, 374200.312500, -350161.625000
-1.150000, -173031.890625, -173031.890625, 84264312.000000, 84264312.000000, 380813.187500, -430368.812500
-1.100000, -609414.250000, -609414.250000, 84579184.000000, 84579184.000000, 598486.062500, -422783.656250
-1.050000, -1257203.000000, -1257203.000000, 84953584.000000, 84953584.000000, 523149.500000, -361185.843750
-1.000000, -619192.937500, -619192.937500, 85388728.000000, 85388728.000000, -366379.531250, -391477.281250
-0.950000, 569367.250000, 569367.250000, 85715168.000000, 85715168.000000, -1359152.375000, -301864.500000
-0.900000, 1344159.250000, 1344159.250000, 86016872.000000, 86016872.000000, -1166442.250000, 218362.046875
-0.850000, 1941403.875000, 1941403.875000, 86534040.000000, 86534040.000000, -476206.156250, 577159.687500
-0.800000, 2432445.250000, 2432445.250000, 87593960.000000, 87593960.000000, -182403.375000, 542106.937500
-0.750000, 2414100.750000, 2414100.750000, 88724128.000000, 88724128.000000, 188372.328125, 218743.203125
-0.700000, 1852549.375000, 1852549.375000, 89512600.000000, 89512600.000000, 959245.375000, -633911.312500
-0.650000, 1098347.625000, 1098347.625000, 90209424.000000, 90209424.000000, 1927496.750000, -1786234.375000
-0.600000, -131921.390625, -131921.390625, 90560320.000000, 90560320.000000, 2404150.000000, -2820660.750000
-0.550000, -1585546.750000, -1585546.750000, 90377976.000000, 90377976.000000, 2439572.250000, -3406598.750000
-0.500000, -3007580.750000, -3007580.750000, 89828200.000000, 89828200.000000, 2273502.500000, -3427285.000000
-0.450000, -4264278.000000, -4264278.000000, 89231896.000000, 89231896.000000, 1406335.500000, -2827543.250000
-0.400000, -4830234.000000, -4830234.000000, 88844344.000000, 88844344.000000, 172371.531250, -1466641.000000
-0.350000, -4982052.000000, -4982052.000000, 88612752.000000, 88612752.000000, -1181865.625000, 412306.031250
-0.300000, -4281996.000000, -4281996.000000, 89013976.000000, 89013976.000000, -2444892.750000, 2386779.250000
-0.250000, -2653001.500000, -2653001.500000, 90233792.000000, 90233792.000000, -3366558.500000, 3948951.750000
-0.200000, -449042.500000, -449042.500000, 91985488.000000, 91985488.000000, -4415713.000000, 5029969.000000
-0.150000, 2253673.750000, 2253673.750000, 94102640.000000, 94102640.000000, -4622974.000000, 5662716.500000
-0.100000, 4647545.000000, 4647545.000000, 96335848.000000, 96335848.000000, -3571315.750000, 5060573.000000
-0.050000, 7790170.500000, 7790170.500000, 98923184.000000, 98923184.000000, -2305802.250000, 2773449.500000
0.000000, 9906450.000000, 9906450.000000, 100519400.000000, 100519400.000000, -229854.890625, -229854.890625
0.050000, 7790170.500000, 7790170.500000, 98923184.000000, 98923184.000000, 2773449.500000, -2305802.250000
0.100000, 4647545.000000, 4647545.000000, 96335848.000000, 96335848.000000, 5060573.000000, -3571315.750000
0.150000, 2253673.750000, 2253673.750000, 94102640.000000, 94102640.000000, 5662716.500000, -4622974.000000
0.200000, -449042.500000, -449042.500000, 91985488.000000, 91985488.000000, 5029969.000000, -4415713.000000
0.250000, -2653001.500000, -2653001.500000, 90233792.000000, 90233792.000000, 3948951.750000, -3366558.500000
0.300000, -4281996.000000, -4281996.000000, 89013976.000000, 89013976.000000, 2386779.250000, -2444892.750000
0.350000, -4982052.000000, -4982052.000000, 88612752.000000, 88612752.000000, 412306.031250, -1181865.625000
0.400000, -4830234.000000, -4830234.000000, 88844344.000000, 88844344.000000, -1466641.000000, 172371.531250
0.450000, -4264278.000000, -4264278.000000, 89231896.000000, 89231896.000000, -2827543.250000, 1406335.500000
0.500000, -3007580.750000, -3007580.750000, 89828200.000000, 89828200.000000, -3427285.000000, 2273502.500000
0.550000, -1585546.750000, -1585546.750000, 90377976.000000, 90377976.000000, -3406598.750000, 2439572.250000
0.600000, -131921.390625, -131921.390625, 90560320.000000, 90560320.000000, -2820660.750000, 2404150.000000
0.650000, 1098347.625000, 1098347.625000, 90209424.000000, 90209424.000000, -1786234.375000, 1927496.750000
0.700000, 1852549.375000, 1852549.375000, 89512600.000000, 89512600.000000, -633911.312500, 959245.375000
0.750000, 2414100.750000, 2414100.750000, 88724128.000000, 88724128.000000, 218743.203125, 188372.328125
0.800000, 2432445.250000, 2432445.250000, 87593960.000000, 87593960.000000, 542106.937500, -182403.375000
0.850000, 1941403.875000, 1941403.875000, 86534040.000000, 86534040.000000, 577159.687500, -476206.156250
0.900000, 1344159.250000, 1344159.250000, 86016872.000000, 86016872.000000, 218362.046875, -1166442.250000
0.950000, 569367.250000, 569367.250000, 85715168.000000, 85715168.000000, -301864.500000, -1359152.375000
1.000000, -619192.937500, -619192.937500, 85388728.000000, 85388728.000000, -391477.281250, -366379.531250
1.050000, -1257203.000000, -1257203.000000, 84953584.000000, 84953584.000000, -361185.843750, 523149.500000
1.100000, -609414.250000, -609414.250000, 84579184.000000, 84579184.000000, -422783.656250, 598486.062500
1.150000, -173031.890625, -173031.890625, 84264312.000000, 84264312.000000, -430368.812500, 380813.187500
1.200000, -230039.093750, -230039.093750, 83738216.000000, 83738216.000000, -350161.625000, 374200.312500
1.250000, -54510.925781, -54510.925781, 83176048.000000, 83176048.000000, -239132.328125, 490228.843750
1.300000, 31938.167969, 31938.167969, 82684392.000000, 82684392.000000, -291374.968750, 400699.781250
1.350000, 130292.890625, 130292.890625, 82207568.000000, 82207568.000000, -385688.375000, 321897.875000
1.400000, 87030.648438, 87030.648438, 81725144.000000, 81725144.000000, -387977.312500, 341226.406250
1.450000, -78830.265625, -78830.265625, 81191192.000000, 81191192.000000, -285464.875000, 346196.625000
1.500000, -8215.790039, -8215.790039, 80696088.000000, 80696088.000000, -232172.265625, 358538.343750
1.550000, 65982.601562, 65982.601562, 80172664.000000, 80172664.000000, -368830.718750, 332475.687500
1.600000, 135380.687500, 135380.687500, 79654736.000000, 79654736.000000, -402067.406250, 331001.125000
1.650000, 113613.195312, 113613.195312, 79270552.000000, 79270552.000000, -436853.937500, 273358.906250
1.700000, 40662.078125, 40662.078125, 78877736.000000, 78877736.000000, -540030.000000, 197386.312500
1.750000, 7992.083008, 7992.083008, 78435704.000000, 78435704.000000, -496580.687500, 291507.218750
1.800000, -70802.726562, -70802.726562, 77939432.000000, 77939432.000000, -498430.781250, 330795.218750
1.850000, 19733.341797, 19733.341797, 77386224.000000, 77386224.000000, -481364.218750, 315578.437500
1.900000, 88809.921875, 88809.921875, 76875472.000000, 76875472.000000, -400961.031250, 433801.812500
1.950000, 27948.960938, 27948.960938, 76533768.000000, 76533768.000000, -372872.125000, 313985.750000
2.000000, -27988.298828, -27988.298828, 76380776.000000, 76380776.000000, -391345.281250, -271561.250000
2.050000, -39087.589844, -39087.589844, 75910104.000000, 75910104.000000, -504766.468750, -763502.437500
2.100000, 37137.078125, 37137.078125, 74887496.000000, 74887496.000000, -511699.031250, -678138.062500
2.150000, -57513.324219, -57513.324219, 73860624.000000, 73860624.000000, -517517.718750, -228965.546875
2.200000, -76536.890625, -76536.890625, 73118920.000000, 73118920.000000, -603552.687500, 386881.468750
2.250000, 23598.667969, 23598.667969, 72551776.000000, 72551776.000000, -536654.625000, 1168932.500000
2.300000, -76074.460938, -76074.460938, 72070240.000000, 72070240.000000, -551746.250000, 1921586.250000
2.350000, -50217.074219, -50217.074219, 71778000.000000, 71778000.000000, -587363.250000, 2497653.250000
2.400000, -30033.314453, -30033.314453, 71734368.000000, 71734368.000000, -475266.843750, 2796527.750000
2.450000, -50592.042969, -50592.042969, 71708400.000000, 71708400.000000, -472806.093750, 2871424.250000
2.500000, 56021.097656, 56021.097656, 71678472.000000, 71678472.000000, -535940.437500, 2896348.500000
2.550000, -41478.437500, -41478.437500, 71594976.000000, 71594976.000000, -572719.937500, 2752909.500000
2.600000, -123262.031250, -123262.031250, 71341920.000000, 71341920.000000, -607317.750000, 2408981.250000
2.650000, -75641.187500, -75641.187500, 70989360.000000, 70989360.000000, -623673.687500, 1900727.000000
2.700000, -60849.132812, -60849.132812, 70304376.000000, 70304376.000000, -605468.187500, 1363694.875000
2.750000, -22401.550781, -22401.550781, 69403616.000000, 69403616.000000, -557927.625000, 1036443.687500
2.800000, -66466.773438, -66466.773438, 68569464.000000, 68569464.000000, -592544.687500, 723285.625000
2.850000, -64278.722656, -64278.722656, 67542048.000000, 67542048.000000, -609701.250000, 570832.125000
2.900000, -22995.451172, -22995.451172, 66626388.000000, 66626388.000000, -564807.625000, 551009.500000
2.950000, -47916.898438, -47916.898438, 66143516.000000, 66143516.000000, -640800.625000, 234326.921875
3.000000, 4119.933105, 4119.933105, 65655412.000000, 65655412.000000, -738492.000000, 345754.812500
3.050000, 27976.933594, 27976.933594, 65089688.000000, 65089688.000000, -743338.437500, 994009.687500
3.100000, -13493.266602, -13493.266602, 64622596.000000, 64622596.000000, -732943.937500, 1270989.000000
3.150000, -47556.980469, -47556.980469, 64162564.000000, 64162564.000000, -710870.187500, 1281132.125000
3.200000, -54294.625000, -54294.625000, 63628156.000000, 63628156.000000, -679110.500000, 1263589.625000
3.250000, -19523.458984, -19523.458984, 63061140.000000, 63061140.000000, -685904.062500, 1286293.375000
3.300000, -24451.527344, -24451.527344, 62506560.000000, 62506560.000000, -675343.625000, 1353404.875000
3.350000, -16943.339844, -16943.339844, 61953168.000000, 61953168.000000, -610124.625000, 1232480.375000
3.400000, 4530.930664, 4530.930664, 61458776.000000, 61458776.000000, -635891.312500, 1135549.875000
3.450000, -7724.355469, -7724.355469, 60948916.000000, 60948916.000000, -691849.125000, 1132422.000000
3.500000, -27774.832031, -27774.832031, 60386624.000000, 60386624.000000, -647598.375000, 1121781.875000
3.550000, -61451.519531, -61451.519531, 59899136.000000, 59899136.000000, -682278.812500, 1133530.000000
3.600000, -18273.589844, -18273.589844, 59360960.000000, 59360960.000000, -744378.437500, 1061909.625000
3.650000, 4693.304688, 4693.304688, 58776236.000000, 58776236.000000, -712126.500000, 996627.187500
3.700000, -62350.734375, -62350.734375, 58295608.000000, 58295608.000000, -731402.687500, 987719.312500
3.750000, -48811.558594, -48811.558594, 57818676.000000, 57818676.000000, -767345.812500, 994996.312500
3.800000, -32070.449219, -32070.449219, 57305096.000000, 57305096.000000, -776280.937500, 1016175.687500
3.850000, -37977.496094, -37977.496094, 56783404.000000, 56783404.000000, -788576.500000, 984330.750000
3.900000, -17819.267578, -17819.267578, 56272340.000000, 56272340.000000, -796990.937500, 969293.750000
3.950000, -43798.460938, -43798.460938, 55779096.000000, 55779096.000000, -828467.125000, 966655.125000
4.000000, -3162.317383, -3162.317383, 55241860.000000, 55241860.000000, -790734.875000, 927854.750000
4.050000, 48534.332031, 48534.332031, 54680424.000000, 54680424.000000, -752811.750000, 867782.812500
4.100000, -15590.456055, -15590.456055, 54141876.000000, 54141876.000000, -806839.937500, 830249.375000
4.150000, -41891.015625, -41891.015625, 53630956.000000, 53630956.000000, -814549.500000, 864697.875000
4.200000, -22223.494141, -22223.494141, 53105792.000000, 53105792.000000, -818067.750000, 825080.187500
4.250000, -32881.167969, -32881.167969, 52518804.000000, 52518804.000000, -840436.562500, 764705.562500
4.300000, -41271.949219, -41271.949219, 51949112.000000, 51949112.000000, -819563.187500, 785045.125000
4.350000, -40796.156250, -40796.156250, 51446428.000000, 51446428.000000, -848758.500000, 753203.562500
4.400000, -42254.429688, -42254.429688, 50919324.000000, 50919324.000000, -941542.625000, 744401.187500
4.450000, -66236.515625, -66236.515625, 50369904.000000, 50369904.000000, -992512.500000, 762230.062500
4.500000, -51936.105469, -51936.105469, 49882140.000000, 49882140.000000, -976599.625000, 730611.062500
4.550000, -3217.318115, -3217.318115, 49392912.000000, 49392912.000000, -994192.375000, 721413.750000
4.600000, -22649.892578, -22649.892578, 48851276.000000, 48851276.000000, -999815.437500, 721785.312500
4.650000, -26268.156250, -26268.156250, 48320820.000000, 48320820.000000, -968285.250000, 723040.062500
4.700000, 16197.169922, 16197.169922, 47812512.000000, 47812512.000000, -1001168.125000, 691198.187500
4.750000, 10034.866211, 10034.866211, 47283740.000000, 47283740.000000, -981265.312500, 651897.500000
4.800000, 3748.637695, 3748.637695, 46731724.000000, 46731724.000000, -962348.625000, 658692.625000
4.850000, 10563.671875, 10563.671875, 46205508.000000, 46205508.000000, -1012343.000000, 626094.125000
4.900000, -7869.105469, -7869.105469, 45665260.000000, 45665260.000000, -1017425.375000, 586946.625000
4.950000, -17236.744141, -17236.744141, 45100748.000000, 45100748.000000, -1047328.250000, 579993.187500
5.000000, -31273.279297, -31273.279297, 44579620.000000, 44579620.000000, -1053180.375000, 592125.187500
5.050000, -64396.402344, -64396.402344, 44049216.000000, 44049216.000000, -1114280.500000, 616766.125000
5.100000, -64187.925781, -64187.925781, 43538456.000000, 43538456.000000, -1224472.625000, 589560.312500
5.150000, -19765.271484, -19765.271484, 43058548.000000, 43058548.000000, -1179328.750000, 576515.250000
5.200000, 13862.095703, 13862.095703, 42540440.000000, 42540440.000000, -1193822.375000, 582372.187500
5.250000, 14867.135742, 14867.135742, 42024840.000000, 42024840.000000, -1210091.000000, 542012.187500
5.300000, 14317.730469, 14317.730469, 41490564.000000, 41490564.000000, -1168305.875000, 520601.031250
5.350000, 14281.169922, 14281.169922, 40979676.000000, 40979676.000000, -1202580.625000, 510551.937500
5.400000, -344.896515, -344.896515, 40456628.000000, 40456628.000000, -1134795.875000, 488032.843750
5.450000, -4943.601562, -4943.601562, 39857132.000000, 39857132.000000, -1139248.875000, 458021.093750
5.500000, -1138.910400, -1138.910400, 39330468.000000, 39330468.000000, -1201818.500000, 436801.625000
5.550000, -25194.968750, -25194.968750, 38777596.000000, 38777596.000000, -1201196.375000, 462366.906250
5.600000, -48974.402344, -48974.402344, 38200132.000000, 38200132.000000, -1292948.375000, 467772.875000
5.650000, -40111.078125, -40111.078125, 37700100.000000, 37700100.000000, -1285281.250000, 435717.093750
5.700000, -22984.931641, -22984.931641, 37142148.000000, 37142148.000000, -1274979.125000, 414585.281250
5.750000, -29958.660156, -29958.660156, 36655556.000000, 36655556.000000, -1343563.125000, 425342.187500
5.800000, -56434.285156, -56434.285156, 36216012.000000, 36216012.000000, -1426187.000000, 460284.125000
5.850000, -34755.839844, -34755.839844, 35673584.000000, 35673584.000000, -1521384.625000, 426815.875000
5.900000, 6538.280762, 6538.280762, 35131728.000000, 35131728.000000, -1454417.500000, 377603.656250
5.950000, -13597.609375, -13597.609375, 34607032.000000, 34607032.000000, -1535747.750000, 402091.281250
6.000000, -44755.871094, -44755.871094, 34115936.000000, 34115936.000000, -1622473.125000, 398376.843750
6.050000, -52718.269531, -52718.269531, 33602180.000000, 33602180.000000, -1548382.250000, 363056.781250
6.100000, -24581.558594, -24581.558594, 33104250.000000, 33104250.000000, -1665604.625000, 341288.093750
6.150000, 3015.424561, 3015.424561, 32623710.000000, 32623710.000000, -1634284.750000, 325103.125000
6.200000, -51113.957031, -51113.957031, 32051344.000000, 32051344.000000, -1623348.125000, 352184.531250
6.250000, -67037.695312, -67037.695312, 31548188.000000, 31548188.000000, -1708376.125000, 362253.156250
6.300000, 2959.357910, 2959.357910, 30989400.000000, 30989400.000000, -1593136.250000, 327322.312500
6.350000, 20030.515625, 20030.515625, 30412580.000000, 30412580.000000, -1681394.750000, 328421.750000
6.400000, -4850.942871, -4850.942871, 29976140.000000, 29976140.000000, -1510657.000000, 330485.562500
6.450000, -17210.269531, -17210.269531, 29357214.000000, 29357214.000000, -835053.750000, 298960.531250
6.500000, -23269.382812, -23269.382812, 28818804.000000, 28818804.000000, -511283.250000, 291524.031250
6.550000, -20528.941406, -20528.941406, 28396896.000000, 28396896.000000, -626013.187500, 288128.875000
6.600000, -20313.953125, -20313.953125, 27565014.000000, 27565014.000000, -730037.937500, 249860.062500
6.650000, -22345.947266, -22345.947266, 26607548.000000, 26607548.000000, -846326.125000, 226736.265625
6.700000, -41039.003906, -41039.003906, 25732854.000000, 25732854.000000, -1158579.375000, 233829.218750
6.750000, -66328.921875, -66328.921875, 24816426.000000, 24816426.000000, -1554812.750000, 242457.046875
6.800000, -61322.996094, -61322.996094, 24012336.000000, 24012336.000000, -2040100.500000, 256203.203125
6.850000, -54867.285156, -54867.285156, 23414224.000000, 23414224.000000, -2600554.500000, 257628.656250
6.900000, -52704.597656, -52704.597656, 23093322.000000, 23093322.000000, -3082342.500000, 265294.250000
6.950000, -34259.675781, -34259.675781, 22972952.000000, 22972952.000000, -3415483.500000, 296966.843750
7.000000, -8041.179688, -8041.179688, 22936614.000000, 22936614.000000, -3503271.500000, 278716.593750
7.050000, 32743.947266, 32743.947266, 22994888.000000, 22994888.000000, -3462469.500000, 233461.062500
7.100000, 51159.789062, 51159.789062, 23042456.000000, 23042456.000000, -3198158.750000, 236424.609375
7.150000, 30797.726562, 30797.726562, 22960310.000000, 22960310.000000, -2684081.500000, 244805.406250
7.200000, 32313.140625, 32313.140625, 22656714.000000, 22656714.000000, -2043412.000000, 223475.562500
7.250000, 45089.082031, 45089.082031, 22162152.000000, 22162152.000000, -1091785.000000, 189373.046875
7.300000, 19168.851562, 19168.851562, 21498944.000000, 21498944.000000, -222724.500000, 168889.906250
7.350000, -24840.984375, -24840.984375, 20503902.000000, 20503902.000000, 312971.093750, 178392.312500
7.400000, -39612.015625, -39612.015625, 19358262.000000, 19358262.000000, 627604.625000, 201481.453125
7.450000, -23326.222656, -23326.222656, 18567592.000000, 18567592.000000, 358039.250000, 210799.796875
7.500000, -9940.126953, -9940.126953, 18239598.000000, 18239598.000000, -238449.312500, 191164.718750
7.550000, -6289.463867, -6289.463867, 18018344.000000, 18018344.000000, -547570.750000, 181880.781250
7.600000, -6100.143066, -6100.143066, 17660772.000000, 17660772.000000, -587874.125000, 189709.953125
7.650000, -7831.204590, -7831.204590, 17223000.000000, 17223000.000000, -567831.187500, 175455.765625
7.700000, -5375.351074, -5375.351074, 16762218.000000, 16762218.000000, -563314.250000, 170967.343750
7.750000, -4455.740723, -4455.740723, 16290497.000000, 16290497.000000, -527114.937500, 172303.984375
7.800000, -6566.477051, -6566.477051, 15833214.000000, 15833214.000000, -498324.875000, 157322.062500
7.850000, -8300.916016, -8300.916016, 15379416.000000, 15379416.000000, -500558.625000, 157544.953125
7.900000, -7917.657227, -7917.657227, 14907216.000000, 14907216.000000, -482053.468750, 149458.281250
7.950000, -3763.759521, -3763.759521, 14403399.000000, 14403399.000000, -497715.125000, 132344.093750
8.000000, -4212.006836, -4212.006836, 13915397.000000, 13915397.000000, -500185.187500, 129773.398438
8.050000, -5735.618164, -5735.618164, 13463512.000000, 13463512.000000, -469747.187500, 119068.460938
8.100000, -4346.121582, -4346.121582, 12965220.000000, 12965220.000000, -462578.218750, 111283.710938
8.150000, -6727.669922, -6727.669922, 12452838.000000, 12452838.000000, -446127.281250, 104710.671875
8.200000, -4676.015625, -4676.015625, 11978954.000000, 11978954.000000, -445260.906250, 88960.757812
8.250000, -1409.993286, -1409.993286, 11500197.000000, 11500197.000000, -433421.187500, 87944.664062
8.300000, -5644.912109, -5644.912109, 11045459.000000, 11045459.000000, -412325.343750, 88078.835938
8.350000, -4544.782715, -4544.782715, 10577278.000000, 10577278.000000, -421490.562500, 73570.929688
8.400000, -711.316223, -711.316223, 10078535.000000, 10078535.000000, -394462.343750, 59915.683594
8.450000, -2816.148193, -2816.148193, 9617848.000000, 9617848.000000, -388997.281250, 55702.402344
8.500000, -2429.358643, -2429.358643, 9137336.000000, 9137336.000000, -393072.656250, 53538.128906
8.550000, -1594.188110, -1594.188110, 8655946.000000, 8655946.000000, -345956.750000, 45903.050781
8.600000, -3706.969971, -3706.969971, 8206160.500000, 8206160.500000, -341846.375000, 42156.226562
8.650000, -2142.511719, -2142.511719, 7740859.500000, 7740859.500000, -331029.375000, 33722.359375
8.700000, 24.710075, 24.710075, 7285179.500000, 7285179.500000, -291656.781250, 18688.798828
8.750000, -1676.099854, -1676.099854, 6837356.500000, 6837356.500000, -295189.031250, 20689.187500
8.800000, -2012.791626, -2012.791626, 6402280.500000, 6402280.500000, -289776.812500, 18868.615234
8.850000, 79.551025, 79.551025, 5932111.000000, 5932111.000000, -273658.875000, 3480.693848
8.900000, 1197.346802, 1197.346802, 5447206.500000, 5447206.500000, -265379.187500, 2514.325195
8.950000, 1804.997070, 1804.997070, 5014139.500000, 5014139.500000, -230840.875000, 7206.264648
9.000000, -42.868164, -42.868164, 4526299.000000, 4526299.000000, -182315.375000, 9863.006836
9.050000, -2749.486816, -2749.486816, 4057080.250000, 4057080.250000, -156470.328125, 2436.111816
9.100000, 187.715363, 187.715363, 3594645.000000, 3594645.000000, -144162.062500, -22251.015625
9.150000, 2974.096436, 2974.096436, 3062854.250000, 3062854.250000, -125937.671875, -22492.236328
9.200000, 237.903183, 237.903183, 2638509.250000, 2638509.250000, -119251.125000, -4793.621582
9.250000, -812.948608, -812.948608, 2193419.250000, 2193419.250000, -97922.406250, -17925.136719
9.300000, 1227.434937, 1227.434937, 1706437.250000, 1706437.250000, -61770.257812, -36474.210938
9.350000, 1696.131104, 1696.131104, 1299805.125000, 1299805.125000, -59988.832031, -27297.861328
9.400000, 785.048401, 785.048401, 735269.937500, 735269.937500, -52493.328125, -10094.848633
9.450000, 168.433670, 168.433670, 186685.765625, 186685.765625, -17375.970703, -1809.635010
