Time 1XX 1YY 2XX 2YY 1X2Y 1Y2X 
-9.050000, 0.000000, 0.000000, 0.000000, 0.000000, 0.000000, 0.000000
-9.000000, 1.893417, 1.893417, 14527.978516, 14527.978516, 31.849987, 863.658936
-8.950000, -104.398331, -104.398331, 55314.242188, 55314.242188, -1697.587891, 1700.885254
-8.900000, -121.644760, -121.644760, 93764.890625, 93764.890625, -5174.039062, -264.488159
-8.850000, 281.650635, 281.650635, 120106.015625, 120106.015625, -4374.635742, -2157.387695
-8.800000, 152.649323, 152.649323, 155419.937500, 155419.937500, -3903.741943, -2266.699707
-8.750000, -399.612885, -399.612885, 188424.031250, 188424.031250, -12518.928711, -4630.989746
-8.700000, 343.842896, 343.842896, 219579.687500, 219579.687500, -18157.501953, -6716.358398
-8.650000, 873.844177, 873.844177, 256477.968750, 256477.968750, -17258.550781, -7156.990723
-8.600000, 382.044769, 382.044769, 287312.593750, 287312.593750, -18724.392578, -9714.177734
-8.550000, 821.871033, 821.871033, 321114.781250, 321114.781250, -19266.917969, -12160.140625
-8.500000, 918.871521, 918.871521, 355566.312500, 355566.312500, -24192.687500, -12576.262695
-8.450000, 538.106628, 538.106628, 385285.750000, 385285.750000, -31108.720703, -12511.458008
-8.400000, 1171.708374, 1171.708374, 419103.343750, 419103.343750, -29690.150391, -13812.689453
-8.350000, 1573.483521, 1573.483521, 452292.437500, 452292.437500, -29036.363281, -16182.498047
-8.300000, 1351.710205, 1351.710205, 486261.875000, 486261.875000, -31165.443359, -17400.193359
-8.250000, 671.419067, 671.419067, 519033.593750, 519033.593750, -38285.335938, -18609.298828
-8.200000, 753.751648, 753.751648, 549427.250000, 549427.250000, -49048.011719, -19444.046875
-8.150000, 1848.491943, 1848.491943, 582930.312500, 582930.312500, -52264.417969, -20150.041016
-8.100000, 2084.953857, 2084.953857, 613999.750000, 613999.750000, -55546.335938, -22296.882812
-8.050000, 2435.722412, 2435.722412, 646878.750000, 646878.750000, -57306.128906, -23803.734375
-8.000000, 2069.450439, 2069.450439, 680783.687500, 680783.687500, -60251.449219, -25531.755859
-7.950000, 1592.224487, 1592.224487, 710705.625000, 710705.625000, -69301.789062, -26156.275391
-7.900000, 3189.019287, 3189.019287, 744158.187500, 744158.187500, -64344.394531, -24747.902344
-7.850000, 3167.777100, 3167.777100, 778199.125000, 778199.125000, -59480.515625, -25354.054688
-7.800000, 2436.304688, 2436.304688, 810585.750000, 810585.750000, -66872.531250, -25651.166016
-7.750000, 2568.747559, 2568.747559, 845337.062500, 845337.062500, -68866.585938, -25197.906250
-7.700000, 1642.796265, 1642.796265, 881357.250000, 881357.250000, -69324.421875, -26197.169922
-7.650000, 1899.686279, 1899.686279, 914357.812500, 914357.812500, -67995.976562, -27981.355469
-7.600000, 2386.354736, 2386.354736, 943950.812500, 943950.812500, -70692.382812, -30943.251953
-7.550000, 2625.834717, 2625.834717, 976818.437500, 976818.437500, -80146.242188, -31643.558594
-7.500000, 2496.527588, 2496.527588, 1010323.375000, 1010323.375000, -80917.328125, -31286.867188
-7.450000, 1363.672852, 1363.672852, 1043698.312500, 1043698.312500, -80180.781250, -33243.976562
-7.400000, 3273.171387, 3273.171387, 1079762.875000, 1079762.875000, -77889.195312, -35593.726562
-7.350000, 4183.175293, 4183.175293, 1112347.000000, 1112347.000000, -75545.554688, -38392.539062
-7.300000, 2331.898682, 2331.898682, 1144873.875000, 1144873.875000, -80561.453125, -39719.781250
-7.250000, 2561.756104, 2561.756104, 1180035.125000, 1180035.125000, -78364.015625, -41517.507812
-7.200000, 2826.116211, 2826.116211, 1214140.500000, 1214140.500000, -74755.140625, -44473.058594
-7.150000, 3019.677002, 3019.677002, 1247232.875000, 1247232.875000, -80881.117188, -44794.136719
-7.100000, 2433.785889, 2433.785889, 1278756.875000, 1278756.875000, -91953.500000, -46067.976562
-7.050000, 2160.533203, 2160.533203, 1313340.375000, 1313340.375000, -96638.859375, -46673.550781
-7.000000, 3155.731934, 3155.731934, 1347996.375000, 1347996.375000, -90755.023438, -45968.152344
-6.950000, 1769.658081, 1769.658081, 1372841.875000, 1372841.875000, -94716.960938, -53085.386719
-6.900000, 4274.029297, 4274.029297, 1390824.375000, 1390824.375000, -100249.875000, -79140.867188
-6.850000, 8536.801758, 8536.801758, 1409437.750000, 1409437.750000, -95308.125000, -132221.531250
-6.800000, 8495.701172, 8495.701172, 1436236.500000, 1436236.500000, -100242.734375, -172144.312500
-6.750000, 7826.664062, 7826.664062, 1474288.625000, 1474288.625000, -109381.531250, -150998.687500
-6.700000, 5468.721680, 5468.721680, 1509223.250000, 1509223.250000, -109410.226562, -111874.773438
-6.650000, 11678.008789, 11678.008789, 1527562.375000, 1527562.375000, -107298.210938, -81469.187500
-6.600000, 19406.070312, 19406.070312, 1542233.625000, 1542233.625000, -109961.312500, -8713.648438
-6.550000, 4464.611816, 4464.611816, 1564965.750000, 1564965.750000, -110806.820312, 89393.304688
-6.500000, -12218.326172, -12218.326172, 1583643.750000, 1583643.750000, -111926.328125, 162793.125000
-6.450000, -11712.930664, -11712.930664, 1593459.375000, 1593459.375000, -117478.781250, 217460.234375
-6.400000, -9794.272461, -9794.272461, 1598987.125000, 1598987.125000, -103447.203125, 249939.078125
-6.350000, -14765.709961, -14765.709961, 1602061.875000, 1602061.875000, -90577.406250, 259010.187500
-6.300000, -26546.572266, -26546.572266, 1609296.875000, 1609296.875000, -100374.250000, 260417.828125
-6.250000, -33686.132812, -33686.132812, 1621122.500000, 1621122.500000, -101842.960938, 247584.375000
-6.200000, -25125.804688, -25125.804688, 1632656.500000, 1632656.500000, -102872.710938, 213820.109375
-6.150000, -8407.014648, -8407.014648, 1644781.750000, 1644781.750000, -104242.804688, 161866.203125
-6.100000, 3636.547363, 3636.547363, 1664451.625000, 1664451.625000, -103696.828125, 97371.054688
-6.050000, 1960.812378, 1960.812378, 1687519.125000, 1687519.125000, -116365.312500, 42617.214844
-6.000000, -5249.299805, -5249.299805, 1701354.875000, 1701354.875000, -121667.429688, 6161.511719
-5.950000, -3485.204590, -3485.204590, 1720159.000000, 1720159.000000, -120117.687500, -34353.453125
-5.900000, 3742.043701, 3742.043701, 1742375.750000, 1742375.750000, -114523.281250, -76049.656250
-5.850000, -241.520630, -241.520630, 1746807.625000, 1746807.625000, -115009.242188, -100813.117188
-5.800000, -23308.021484, -23308.021484, 1751090.500000, 1751090.500000, -128897.359375, -104082.476562
-5.750000, -43372.796875, -43372.796875, 1758273.250000, 1758273.250000, -125721.945312, -85267.140625
-5.700000, -31949.591797, -31949.591797, 1764372.500000, 1764372.500000, -121793.890625, -48768.441406
-5.650000, -5525.024414, -5525.024414, 1781453.125000, 1781453.125000, -117104.890625, 10236.058594
-5.600000, -7927.365234, -7927.365234, 1789579.500000, 1789579.500000, -110188.140625, 52493.648438
-5.550000, -19619.783203, -19619.783203, 1795150.500000, 1795150.500000, -117654.570312, 57677.515625
-5.500000, -43.546448, -43.546448, 1815008.625000, 1815008.625000, -103956.273438, 68834.218750
-5.450000, 19649.546875, 19649.546875, 1827246.250000, 1827246.250000, -93924.281250, 63961.007812
-5.400000, 26784.779297, 26784.779297, 1833531.250000, 1833531.250000, -95183.570312, 56450.843750
-5.350000, 25881.183594, 25881.183594, 1843594.750000, 1843594.750000, -89533.593750, 72581.859375
-5.300000, 9833.799805, 9833.799805, 1853669.625000, 1853669.625000, -105138.765625, 64430.718750
-5.250000, 12455.757812, 12455.757812, 1863989.000000, 1863989.000000, -99441.140625, 59556.351562
-5.200000, 14083.333008, 14083.333008, 1873889.875000, 1873889.875000, -76641.703125, 66642.875000
-5.150000, -550.075562, -550.075562, 1888152.500000, 1888152.500000, -66157.648438, 58500.730469
-5.100000, 375.236237, 375.236237, 1901398.000000, 1901398.000000, -55901.308594, 56173.257812
-5.050000, 2170.758301, 2170.758301, 1908886.125000, 1908886.125000, -63698.339844, 56832.320312
-5.000000, 19190.416016, 19190.416016, 1921080.125000, 1921080.125000, -57779.238281, 67393.226562
-4.950000, 23529.214844, 23529.214844, 1934604.625000, 1934604.625000, -61084.167969, 66123.953125
-4.900000, -12066.161133, -12066.161133, 1944090.625000, 1944090.625000, -84857.757812, 47673.078125
-4.850000, -17370.796875, -17370.796875, 1957873.625000, 1957873.625000, -72416.703125, 56322.078125
-4.800000, -11767.655273, -11767.655273, 1971378.125000, 1971378.125000, -64612.070312, 62058.855469
-4.750000, -17026.765625, -17026.765625, 1977221.000000, 1977221.000000, -61715.878906, 56381.753906
-4.700000, -16185.560547, -16185.560547, 1985787.375000, 1985787.375000, -58610.652344, 58446.414062
-4.650000, -20761.158203, -20761.158203, 1998950.500000, 1998950.500000, -67848.531250, 60789.472656
-4.600000, -8472.566406, -8472.566406, 2011220.000000, 2011220.000000, -58076.753906, 66577.007812
-4.550000, -15387.755859, -15387.755859, 2022826.000000, 2022826.000000, -54016.683594, 56915.605469
-4.500000, -23920.261719, -23920.261719, 2030651.000000, 2030651.000000, -39160.281250, 56328.839844
-4.450000, -14105.532227, -14105.532227, 2038893.500000, 2038893.500000, -41477.074219, 69408.890625
-4.400000, -44909.820312, -44909.820312, 2051191.250000, 2051191.250000, -68791.726562, 54931.121094
-4.350000, -38562.988281, -38562.988281, 2066320.625000, 2066320.625000, -47116.886719, 48282.417969
-4.300000, -19511.984375, -19511.984375, 2080478.375000, 2080478.375000, -51555.433594, 55154.601562
-4.250000, -50285.937500, -50285.937500, 2086457.375000, 2086457.375000, -72942.914062, 49059.753906
-4.200000, -26720.865234, -26720.865234, 2095326.125000, 2095326.125000, -61288.730469, 49389.847656
-4.150000, 14099.220703, 14099.220703, 2108499.750000, 2108499.750000, -58812.464844, 57888.324219
-4.100000, 36057.820312, 36057.820312, 2116424.250000, 2116424.250000, -49153.601562, 65307.917969
-4.050000, 65840.335938, 65840.335938, 2127612.500000, 2127612.500000, -71426.085938, 69128.179688
-4.000000, 66241.734375, 66241.734375, 2139673.250000, 2139673.250000, -71949.859375, 71142.328125
-3.950000, 60325.457031, 60325.457031, 2145589.500000, 2145589.500000, -42184.414062, 65680.953125
-3.900000, 41444.195312, 41444.195312, 2149871.250000, 2149871.250000, -75848.968750, 58700.046875
-3.850000, 7927.844238, 7927.844238, 2163592.750000, 2163592.750000, -72408.703125, 68668.007812
-3.800000, -30147.531250, -30147.531250, 2178619.000000, 2178619.000000, -54288.273438, 69000.273438
-3.750000, -60432.023438, -60432.023438, 2177688.250000, 2177688.250000, -58550.636719, 58734.039062
-3.700000, -37380.613281, -37380.613281, 2186315.250000, 2186315.250000, -29301.560547, 64081.718750
-3.650000, -36346.355469, -36346.355469, 2199670.000000, 2199670.000000, -29775.667969, 64324.617188
-3.600000, -56864.589844, -56864.589844, 2197534.750000, 2197534.750000, -22106.855469, 59123.917969
-3.550000, -48210.402344, -48210.402344, 2209859.000000, 2209859.000000, -27578.886719, 63979.953125
-3.500000, -61302.031250, -61302.031250, 2225695.750000, 2225695.750000, -57514.378906, 69776.023438
-3.450000, -61214.464844, -61214.464844, 2224821.500000, 2224821.500000, -28771.705078, 68705.820312
-3.400000, -46296.671875, -46296.671875, 2219346.750000, 2219346.750000, 35891.652344, 62340.664062
-3.350000, -39277.144531, -39277.144531, 2224274.500000, 2224274.500000, 207202.484375, 63764.710938
-3.300000, -27086.132812, -27086.132812, 2240248.750000, 2240248.750000, 401061.375000, 71542.296875
-3.250000, -9787.629883, -9787.629883, 2230399.500000, 2230399.500000, 469817.000000, 79046.992188
-3.200000, 28965.687500, 28965.687500, 2214662.500000, 2214662.500000, 489774.531250, 81361.867188
-3.150000, 33633.929688, 33633.929688, 2207736.250000, 2207736.250000, 429556.187500, 75198.531250
-3.100000, 26745.644531, 26745.644531, 2199953.250000, 2199953.250000, 296401.937500, 83743.812500
-3.050000, 29620.134766, 29620.134766, 2248623.750000, 2248623.750000, 159057.843750, 86937.617188
-3.000000, 25676.548828, 25676.548828, 2298519.000000, 2298519.000000, 37788.757812, 65465.085938
-2.950000, 68945.882812, 68945.882812, 2307110.250000, 2307110.250000, -68508.906250, 67396.789062
-2.900000, 60561.515625, 60561.515625, 2352382.000000, 2352382.000000, -280496.750000, 74917.320312
-2.850000, 40702.476562, 40702.476562, 2383757.750000, 2383757.750000, -522792.000000, 47799.781250
-2.800000, 89004.695312, 89004.695312, 2378577.250000, 2378577.250000, -644698.312500, 31134.041016
-2.750000, 85629.992188, 85629.992188, 2395106.500000, 2395106.500000, -685004.250000, 47540.804688
-2.700000, 68116.515625, 68116.515625, 2403052.250000, 2403052.250000, -688463.562500, 52751.957031
-2.650000, 19754.105469, 19754.105469, 2387906.500000, 2387906.500000, -686054.875000, 36832.390625
-2.600000, -22467.136719, -22467.136719, 2364250.000000, 2364250.000000, -614844.312500, 48179.183594
-2.550000, -6159.845703, -6159.845703, 2357914.000000, 2357914.000000, -449197.375000, 69169.960938
-2.500000, -47020.203125, -47020.203125, 2386545.500000, 2386545.500000, -236909.265625, 57608.816406
-2.450000, -43985.375000, -43985.375000, 2425879.500000, 2425879.500000, 59909.308594, 58636.667969
-2.400000, -62265.824219, -62265.824219, 2467963.750000, 2467963.750000, 361444.625000, 70440.164062
-2.350000, -101608.984375, -101608.984375, 2496184.500000, 2496184.500000, 527560.125000, 59154.148438
-2.300000, -2767.936035, -2767.936035, 2539551.750000, 2539551.750000, 592681.000000, 52834.855469
-2.250000, 1536.612549, 1536.612549, 2648090.750000, 2648090.750000, 676197.437500, 49692.996094
-2.200000, -23296.615234, -23296.615234, 2750575.750000, 2750575.750000, 675493.062500, 45492.765625
-2.150000, 24493.537109, 24493.537109, 2785875.250000, 2785875.250000, 472705.875000, 44542.980469
-2.100000, 11049.028320, 11049.028320, 2804432.750000, 2804432.750000, 321736.406250, 33501.695312
-2.050000, 13784.554688, 13784.554688, 2855491.000000, 2855491.000000, 316408.625000, 30057.478516
-2.000000, -44341.941406, -44341.941406, 2934379.750000, 2934379.750000, 308060.437500, 34363.449219
-1.950000, -47191.734375, -47191.734375, 3021724.750000, 3021724.750000, 311570.187500, 40506.519531
-1.900000, 21613.558594, 21613.558594, 3109066.250000, 3109066.250000, 311401.687500, 50057.328125
-1.850000, -59187.968750, -59187.968750, 3192662.500000, 3192662.500000, 305277.750000, 40642.191406
-1.800000, -61432.968750, -61432.968750, 3277871.750000, 3277871.750000, 311751.500000, 29367.423828
-1.750000, -43829.996094, -43829.996094, 3363516.500000, 3363516.500000, 295999.281250, 25993.691406
-1.700000, -136161.843750, -136161.843750, 3448458.000000, 3448458.000000, 281460.437500, 14597.282227
-1.650000, -155856.875000, -155856.875000, 3541214.500000, 3541214.500000, 265376.468750, 15254.134766
-1.600000, -111601.812500, -111601.812500, 3632173.250000, 3632173.250000, 250120.937500, 18567.660156
-1.550000, -9128.723633, -9128.723633, 3716287.500000, 3716287.500000, 241387.828125, 10265.764648
-1.500000, 17890.820312, 17890.820312, 3802326.500000, 3802326.500000, 249541.453125, 1064.259521
-1.450000, 45421.777344, 45421.777344, 3891914.000000, 3891914.000000, 265464.437500, -13952.012695
-1.400000, 179518.500000, 179518.500000, 3976506.500000, 3976506.500000, 225266.234375, -21096.804688
-1.350000, 123092.210938, 123092.210938, 4061523.500000, 4061523.500000, 169873.687500, -21980.789062
-1.300000, -52623.425781, -52623.425781, 4161508.500000, 4161508.500000, 111857.343750, -19676.941406
-1.250000, -253143.703125, -253143.703125, 4250745.500000, 4250745.500000, 55375.972656, -15246.240234
-1.200000, -426999.000000, -426999.000000, 4329348.500000, 4329348.500000, 66682.507812, -37151.273438
-1.150000, -340915.750000, -340915.750000, 4429270.000000, 4429270.000000, 138092.062500, -28982.046875
-1.100000, -52186.328125, -52186.328125, 4530847.500000, 4530847.500000, 244584.281250, 19144.208984
-1.050000, 392234.218750, 392234.218750, 4611227.500000, 4611227.500000, 265090.875000, 7182.489746
-1.000000, 890330.750000, 890330.750000, 4676078.500000, 4676078.500000, 227389.062500, -50387.843750
-0.950000, 1347580.125000, 1347580.125000, 4745849.000000, 4745849.000000, 245288.890625, -130620.812500
-0.900000, 1571390.500000, 1571390.500000, 4827923.500000, 4827923.500000, 181158.671875, -226171.343750
-0.850000, 1373069.375000, 1373069.375000, 4926908.500000, 4926908.500000, 123641.414062, -241917.312500
-0.800000, 1126159.250000, 1126159.250000, 5039360.000000, 5039360.000000, 164462.078125, -213910.984375
-0.750000, 704547.812500, 704547.812500, 5119344.000000, 5119344.000000, 142478.671875, -219388.953125
-0.700000, -84316.031250, -84316.031250, 5204718.000000, 5204718.000000, 83049.273438, -141408.093750
-0.650000, -884372.625000, -884372.625000, 5318593.000000, 5318593.000000, 43632.296875, 40861.113281
-0.600000, -1643553.750000, -1643553.750000, 5396985.500000, 5396985.500000, 110250.734375, 157084.953125
-0.550000, -2197891.500000, -2197891.500000, 5477766.000000, 5477766.000000, 267991.312500, 229235.796875
-0.500000, -2683997.250000, -2683997.250000, 5558271.500000, 5558271.500000, 364166.593750, 313546.937500
-0.450000, -3097638.000000, -3097638.000000, 5600303.500000, 5600303.500000, 424571.968750, 265497.343750
-0.400000, -2993776.750000, -2993776.750000, 5645744.000000, 5645744.000000, 412443.875000, 124528.906250
-0.350000, -2641014.500000, -2641014.500000, 5710493.000000, 5710493.000000, 409775.687500, 8762.983398
-0.300000, -1965478.375000, -1965478.375000, 5809883.500000, 5809883.500000, 491313.812500, -118603.335938
-0.250000, -818141.375000, -818141.375000, 5898258.000000, 5898258.000000, 459025.312500, -247248.859375
-0.200000, 545712.875000, 545712.875000, 5971023.500000, 5971023.500000, 361454.031250, -383027.875000
-0.150000, 1996274.000000, 1996274.000000, 6053653.000000, 6053653.000000, 218929.921875, -499430.343750
-0.100000, 3257236.500000, 3257236.500000, 6114654.000000, 6114654.000000, 41600.296875, -504871.718750
-0.050000, 4676480.000000, 4676480.000000, 6281756.500000, 6281756.500000, 9544.362305, -341176.250000
0.000000, 5546405.500000, 5546405.500000, 6426063.000000, 6426063.000000, -84056.390625, -84056.390625
0.050000, 4676480.000000, 4676480.000000, 6281756.500000, 6281756.500000, -341176.250000, 9544.362305
0.100000, 3257236.500000, 3257236.500000, 6114654.000000, 6114654.000000, -504871.718750, 41600.296875
0.150000, 1996274.000000, 1996274.000000, 6053653.000000, 6053653.000000, -499430.343750, 218929.921875
0.200000, 545712.875000, 545712.875000, 5971023.500000, 5971023.500000, -383027.875000, 361454.031250
0.250000, -818141.375000, -818141.375000, 5898258.000000, 5898258.000000, -247248.859375, 459025.312500
0.300000, -1965478.375000, -1965478.375000, 5809883.500000, 5809883.500000, -118603.335938, 491313.812500
0.350000, -2641014.500000, -2641014.500000, 5710493.000000, 5710493.000000, 8762.983398, 409775.687500
0.400000, -2993776.750000, -2993776.750000, 5645744.000000, 5645744.000000, 124528.906250, 412443.875000
0.450000, -3097638.000000, -3097638.000000, 5600303.500000, 5600303.500000, 265497.343750, 424571.968750
0.500000, -2683997.250000, -2683997.250000, 5558271.500000, 5558271.500000, 313546.937500, 364166.593750
0.550000, -2197891.500000, -2197891.500000, 5477766.000000, 5477766.000000, 229235.796875, 267991.312500
0.600000, -1643553.750000, -1643553.750000, 5396985.500000, 5396985.500000, 157084.953125, 110250.734375
0.650000, -884372.625000, -884372.625000, 5318593.000000, 5318593.000000, 40861.113281, 43632.296875
0.700000, -84316.031250, -84316.031250, 5204718.000000, 5204718.000000, -141408.093750, 83049.273438
0.750000, 704547.812500, 704547.812500, 5119344.000000, 5119344.000000, -219388.953125, 142478.671875
0.800000, 1126159.250000, 1126159.250000, 5039360.000000, 5039360.000000, -213910.984375, 164462.078125
0.850000, 1373069.375000, 1373069.375000, 4926908.500000, 4926908.500000, -241917.312500, 123641.414062
0.900000, 1571390.500000, 1571390.500000, 4827923.500000, 4827923.500000, -226171.343750, 181158.671875
0.950000, 1347580.125000, 1347580.125000, 4745849.000000, 4745849.000000, -130620.812500, 245288.890625
1.000000, 890330.750000, 890330.750000, 4676078.500000, 4676078.500000, -50387.843750, 227389.062500
1.050000, 392234.218750, 392234.218750, 4611227.500000, 4611227.500000, 7182.489746, 265090.875000
1.100000, -52186.328125, -52186.328125, 4530847.500000, 4530847.500000, 19144.208984, 244584.281250
1.150000, -340915.750000, -340915.750000, 4429270.000000, 4429270.000000, -28982.046875, 138092.062500
1.200000, -426999.000000, -426999.000000, 4329348.500000, 4329348.500000, -37151.273438, 66682.507812
1.250000, -253143.703125, -253143.703125, 4250745.500000, 4250745.500000, -15246.240234, 55375.972656
1.300000, -52623.425781, -52623.425781, 4161508.500000, 4161508.500000, -19676.941406, 111857.343750
1.350000, 123092.210938, 123092.210938, 4061523.500000, 4061523.500000, -21980.789062, 169873.687500
1.400000, 179518.500000, 179518.500000, 3976506.500000, 3976506.500000, -21096.804688, 225266.234375
1.450000, 45421.777344, 45421.777344, 3891914.000000, 3891914.000000, -13952.012695, 265464.437500
1.500000, 17890.820312, 17890.820312, 3802326.500000, 3802326.500000, 1064.259521, 249541.453125
1.550000, -9128.723633, -9128.723633, 3716287.500000, 3716287.500000, 10265.764648, 241387.828125
1.600000, -111601.812500, -111601.812500, 3632173.250000, 3632173.250000, 18567.660156, 250120.937500
1.650000, -155856.875000, -155856.875000, 3541214.500000, 3541214.500000, 15254.134766, 265376.468750
1.700000, -136161.843750, -136161.843750, 3448458.000000, 3448458.000000, 14597.282227, 281460.437500
1.750000, -43829.996094, -43829.996094, 3363516.500000, 3363516.500000, 25993.691406, 295999.281250
1.800000, -61432.968750, -61432.968750, 3277871.750000, 3277871.750000, 29367.423828, 311751.500000
1.850000, -59187.968750, -59187.968750, 3192662.500000, 3192662.500000, 40642.191406, 305277.750000
1.900000, 21613.558594, 21613.558594, 3109066.250000, 3109066.250000, 50057.328125, 311401.687500
1.950000, -47191.734375, -47191.734375, 3021724.750000, 3021724.750000, 40506.519531, 311570.187500
2.000000, -44341.941406, -44341.941406, 2934379.750000, 2934379.750000, 34363.449219, 308060.437500
2.050000, 13784.554688, 13784.554688, 2855491.000000, 2855491.000000, 30057.478516, 316408.625000
2.100000, 11049.028320, 11049.028320, 2804432.750000, 2804432.750000, 33501.695312, 321736.406250
2.150000, 24493.537109, 24493.537109, 2785875.250000, 2785875.250000, 44542.980469, 472705.875000
2.200000, -23296.615234, -23296.615234, 2750575.750000, 2750575.750000, 45492.765625, 675493.062500
2.250000, 1536.612549, 1536.612549, 2648090.750000, 2648090.750000, 49692.996094, 676197.437500
2.300000, -2767.936035, -2767.936035, 2539551.750000, 2539551.750000, 52834.855469, 592681.000000
2.350000, -101608.984375, -101608.984375, 2496184.500000, 2496184.500000, 59154.148438, 527560.125000
2.400000, -62265.824219, -62265.824219, 2467963.750000, 2467963.750000, 70440.164062, 361444.625000
2.450000, -43985.375000, -43985.375000, 2425879.500000, 2425879.500000, 58636.667969, 59909.308594
2.500000, -47020.203125, -47020.203125, 2386545.500000, 2386545.500000, 57608.816406, -236909.265625
2.550000, -6159.845703, -6159.845703, 2357914.000000, 2357914.000000, 69169.960938, -449197.375000
2.600000, -22467.136719, -22467.136719, 2364250.000000, 2364250.000000, 48179.183594, -614844.312500
2.650000, 19754.105469, 19754.105469, 2387906.500000, 2387906.500000, 36832.390625, -686054.875000
2.700000, 68116.515625, 68116.515625, 2403052.250000, 2403052.250000, 52751.957031, -688463.562500
2.750000, 85629.992188, 85629.992188, 2395106.500000, 2395106.500000, 47540.804688, -685004.250000
2.800000, 89004.695312, 89004.695312, 2378577.250000, 2378577.250000, 31134.041016, -644698.312500
2.850000, 40702.476562, 40702.476562, 2383757.750000, 2383757.750000, 47799.781250, -522792.000000
2.900000, 60561.515625, 60561.515625, 2352382.000000, 2352382.000000, 74917.320312, -280496.750000
2.950000, 68945.882812, 68945.882812, 2307110.250000, 2307110.250000, 67396.789062, -68508.906250
3.000000, 25676.548828, 25676.548828, 2298519.000000, 2298519.000000, 65465.085938, 37788.757812
3.050000, 29620.134766, 29620.134766, 2248623.750000, 2248623.750000, 86937.617188, 159057.843750
3.100000, 26745.644531, 26745.644531, 2199953.250000, 2199953.250000, 83743.812500, 296401.937500
3.150000, 33633.929688, 33633.929688, 2207736.250000, 2207736.250000, 75198.531250, 429556.187500
3.200000, 28965.687500, 28965.687500, 2214662.500000, 2214662.500000, 81361.867188, 489774.531250
3.250000, -9787.629883, -9787.629883, 2230399.500000, 2230399.500000, 79046.992188, 469817.000000
3.300000, -27086.132812, -27086.132812, 2240248.750000, 2240248.750000, 71542.296875, 401061.375000
3.350000, -39277.144531, -39277.144531, 2224274.500000, 2224274.500000, 63764.710938, 207202.484375
3.400000, -46296.671875, -46296.671875, 2219346.750000, 2219346.750000, 62340.664062, 35891.652344
3.450000, -61214.464844, -61214.464844, 2224821.500000, 2224821.500000, 68705.820312, -28771.705078
3.500000, -61302.031250, -61302.031250, 2225695.750000, 2225695.750000, 69776.023438, -57514.378906
3.550000, -48210.402344, -48210.402344, 2209859.000000, 2209859.000000, 63979.953125, -27578.886719
3.600000, -56864.589844, -56864.589844, 2197534.750000, 2197534.750000, 59123.917969, -22106.855469
3.650000, -36346.355469, -36346.355469, 2199670.000000, 2199670.000000, 64324.617188, -29775.667969
3.700000, -37380.613281, -37380.613281, 2186315.250000, 2186315.250000, 64081.718750, -29301.560547
3.750000, -60432.023438, -60432.023438, 2177688.250000, 2177688.250000, 58734.039062, -58550.636719
3.800000, -30147.531250, -30147.531250, 2178619.000000, 2178619.000000, 69000.273438, -54288.273438
3.850000, 7927.844238, 7927.844238, 2163592.750000, 2163592.750000, 68668.007812, -72408.703125
3.900000, 41444.195312, 41444.195312, 2149871.250000, 2149871.250000, 58700.046875, -75848.968750
3.950000, 60325.457031, 60325.457031, 2145589.500000, 2145589.500000, 65680.953125, -42184.414062
4.000000, 66241.734375, 66241.734375, 2139673.250000, 2139673.250000, 71142.328125, -71949.859375
4.050000, 65840.335938, 65840.335938, 2127612.500000, 2127612.500000, 69128.179688, -71426.085938
4.100000, 36057.820312, 36057.820312, 2116424.250000, 2116424.250000, 65307.917969, -49153.601562
4.150000, 14099.220703, 14099.220703, 2108499.750000, 2108499.750000, 57888.324219, -58812.464844
4.200000, -26720.865234, -26720.865234, 2095326.125000, 2095326.125000, 49389.847656, -61288.730469
4.250000, -50285.937500, -50285.937500, 2086457.375000, 2086457.375000, 49059.753906, -72942.914062
4.300000, -19511.984375, -19511.984375, 2080478.375000, 2080478.375000, 55154.601562, -51555.433594
4.350000, -38562.988281, -38562.988281, 2066320.625000, 2066320.625000, 48282.417969, -47116.886719
4.400000, -44909.820312, -44909.820312, 2051191.250000, 2051191.250000, 54931.121094, -68791.726562
4.450000, -14105.532227, -14105.532227, 2038893.500000, 2038893.500000, 69408.890625, -41477.074219
4.500000, -23920.261719, -23920.261719, 2030651.000000, 2030651.000000, 56328.839844, -39160.281250
4.550000, -15387.755859, -15387.755859, 2022826.000000, 2022826.000000, 56915.605469, -54016.683594
4.600000, -8472.566406, -8472.566406, 2011220.000000, 2011220.000000, 66577.007812, -58076.753906
4.650000, -20761.158203, -20761.158203, 1998950.500000, 1998950.500000, 60789.472656, -67848.531250
4.700000, -16185.560547, -16185.560547, 1985787.375000, 1985787.375000, 58446.414062, -58610.652344
4.750000, -17026.765625, -17026.765625, 1977221.000000, 1977221.000000, 56381.753906, -61715.878906
4.800000, -11767.655273, -11767.655273, 1971378.125000, 1971378.125000, 62058.855469, -64612.070312
4.850000, -17370.796875, -17370.796875, 1957873.625000, 1957873.625000, 56322.078125, -72416.703125
4.900000, -12066.161133, -12066.161133, 1944090.625000, 1944090.625000, 47673.078125, -84857.757812
4.950000, 23529.214844, 23529.214844, 1934604.625000, 1934604.625000, 66123.953125, -61084.167969
5.000000, 19190.416016, 19190.416016, 1921080.125000, 1921080.125000, 67393.226562, -57779.238281
5.050000, 2170.758301, 2170.758301, 1908886.125000, 1908886.125000, 56832.320312, -63698.339844
5.100000, 375.236237, 375.236237, 1901398.000000, 1901398.000000, 56173.257812, -55901.308594
5.150000, -550.075562, -550.075562, 1888152.500000, 1888152.500000, 58500.730469, -66157.648438
5.200000, 14083.333008, 14083.333008, 1873889.875000, 1873889.875000, 66642.875000, -76641.703125
5.250000, 12455.757812, 12455.757812, 1863989.000000, 1863989.000000, 59556.351562, -99441.140625
5.300000, 9833.799805, 9833.799805, 1853669.625000, 1853669.625000, 64430.718750, -105138.765625
5.350000, 25881.183594, 25881.183594, 1843594.750000, 1843594.750000, 72581.859375, -89533.593750
5.400000, 26784.779297, 26784.779297, 1833531.250000, 1833531.250000, 56450.843750, -95183.570312
5.450000, 19649.546875, 19649.546875, 1827246.250000, 1827246.250000, 63961.007812, -93924.281250
5.500000, -43.546448, -43.546448, 1815008.625000, 1815008.625000, 68834.218750, -103956.273438
5.550000, -19619.783203, -19619.783203, 1795150.500000, 1795150.500000, 57677.515625, -117654.570312
5.600000, -7927.365234, -7927.365234, 1789579.500000, 1789579.500000, 52493.648438, -110188.140625
5.650000, -5525.024414, -5525.024414, 1781453.125000, 1781453.125000, 10236.058594, -117104.890625
5.700000, -31949.591797, -31949.591797, 1764372.500000, 1764372.500000, -48768.441406, -121793.890625
5.750000, -43372.796875, -43372.796875, 1758273.250000, 1758273.250000, -85267.140625, -125721.945312
5.800000, -23308.021484, -23308.021484, 1751090.500000, 1751090.500000, -104082.476562, -128897.359375
5.850000, -241.520630, -241.520630, 1746807.625000, 1746807.625000, -100813.117188, -115009.242188
5.900000, 3742.043701, 3742.043701, 1742375.750000, 1742375.750000, -76049.656250, -114523.281250
5.950000, -3485.204590, -3485.204590, 1720159.000000, 1720159.000000, -34353.453125, -120117.687500
6.000000, -5249.299805, -5249.299805, 1701354.875000, 1701354.875000, 6161.511719, -121667.429688
6.050000, 1960.812378, 1960.812378, 1687519.125000, 1687519.125000, 42617.214844, -116365.312500
6.100000, 3636.547363, 3636.547363, 1664451.625000, 1664451.625000, 97371.054688, -103696.828125
6.150000, -8407.014648, -8407.014648, 1644781.750000, 1644781.750000, 161866.203125, -104242.804688
6.200000, -25125.804688, -25125.804688, 1632656.500000, 1632656.500000, 213820.109375, -102872.710938
6.250000, -33686.132812, -33686.132812, 1621122.500000, 1621122.500000, 247584.375000, -101842.960938
6.300000, -26546.572266, -26546.572266, 1609296.875000, 1609296.875000, 260417.828125, -100374.250000
6.350000, -14765.709961, -14765.709961, 1602061.875000, 1602061.875000, 259010.187500, -90577.406250
6.400000, -9794.272461, -9794.272461, 1598987.125000, 1598987.125000, 249939.078125, -103447.203125
6.450000, -11712.930664, -11712.930664, 1593459.375000, 1593459.375000, 217460.234375, -117478.781250
6.500000, -12218.326172, -12218.326172, 1583643.750000, 1583643.750000, 162793.125000, -111926.328125
6.550000, 4464.611816, 4464.611816, 1564965.750000, 1564965.750000, 89393.304688, -110806.820312
6.600000, 19406.070312, 19406.070312, 1542233.625000, 1542233.625000, -8713.648438, -109961.312500
6.650000, 11678.008789, 11678.008789, 1527562.375000, 1527562.375000, -81469.187500, -107298.210938
6.700000, 5468.721680, 5468.721680, 1509223.250000, 1509223.250000, -111874.773438, -109410.226562
6.750000, 7826.664062, 7826.664062, 1474288.625000, 1474288.625000, -150998.687500, -109381.531250
6.800000, 8495.701172, 8495.701172, 1436236.500000, 1436236.500000, -172144.312500, -100242.734375
6.850000, 8536.801758, 8536.801758, 1409437.750000, 1409437.750000, -132221.531250, -95308.125000
6.900000, 4274.029297, 4274.029297, 1390824.375000, 1390824.375000, -79140.867188, -100249.875000
6.950000, 1769.658081, 1769.658081, 1372841.875000, 1372841.875000, -53085.386719, -94716.960938
7.000000, 3155.731934, 3155.731934, 1347996.375000, 1347996.375000, -45968.152344, -90755.023438
7.050000, 2160.533203, 2160.533203, 1313340.375000, 1313340.375000, -46673.550781, -96638.859375
7.100000, 2433.785889, 2433.785889, 1278756.875000, 1278756.875000, -46067.976562, -91953.500000
7.150000, 3019.677002, 3019.677002, 1247232.875000, 1247232.875000, -44794.136719, -80881.117188
7.200000, 2826.116211, 2826.116211, 1214140.500000, 1214140.500000, -44473.058594, -74755.140625
7.250000, 2561.756104, 2561.756104, 1180035.125000, 1180035.125000, -41517.507812, -78364.015625
7.300000, 2331.898682, 2331.898682, 1144873.875000, 1144873.875000, -39719.781250, -80561.453125
7.350000, 4183.175293, 4183.175293, 1112347.000000, 1112347.000000, -38392.539062, -75545.554688
7.400000, 3273.171387, 3273.171387, 1079762.875000, 1079762.875000, -35593.726562, -77889.195312
7.450000, 1363.672852, 1363.672852, 1043698.312500, 1043698.312500, -33243.976562, -80180.781250
7.500000, 2496.527588, 2496.527588, 1010323.375000, 1010323.375000, -31286.867188, -80917.328125
7.550000, 2625.834717, 2625.834717, 976818.437500, 976818.437500, -31643.558594, -80146.242188
7.600000, 2386.354736, 2386.354736, 943950.812500, 943950.812500, -30943.251953, -70692.382812
7.650000, 1899.686279, 1899.686279, 914357.812500, 914357.812500, -27981.355469, -67995.976562
7.700000, 1642.796265, 1642.796265, 881357.250000, 881357.250000, -26197.169922, -69324.421875
7.750000, 2568.747559, 2568.747559, 845337.062500, 845337.062500, -25197.906250, -68866.585938
7.800000, 2436.304688, 2436.304688, 810585.750000, 810585.750000, -25651.166016, -66872.531250
7.850000, 3167.777100, 3167.777100, 778199.125000, 778199.125000, -25354.054688, -59480.515625
7.900000, 3189.019287, 3189.019287, 744158.187500, 744158.187500, -24747.902344, -64344.394531
7.950000, 1592.224487, 1592.224487, 710705.625000, 710705.625000, -26156.275391, -69301.789062
8.000000, 2069.450439, 2069.450439, 680783.687500, 680783.687500, -25531.755859, -60251.449219
8.050000, 2435.722412, 2435.722412, 646878.750000, 646878.750000, -23803.734375, -57306.128906
8.100000, 2084.953857, 2084.953857, 613999.750000, 613999.750000, -22296.882812, -55546.335938
8.150000, 1848.491943, 1848.491943, 582930.312500, 582930.312500, -20150.041016, -52264.417969
8.200000, 753.751648, 753.751648, 549427.250000, 549427.250000, -19444.046875, -49048.011719
8.250000, 671.419067, 671.419067, 519033.593750, 519033.593750, -18609.298828, -38285.335938
8.300000, 1351.710205, 1351.710205, 486261.875000, 486261.875000, -17400.193359, -31165.443359
8.350000, 1573.483521, 1573.483521, 452292.437500, 452292.437500, -16182.498047, -29036.363281
8.400000, 1171.708374, 1171.708374, 419103.343750, 419103.343750, -13812.689453, -29690.150391
8.450000, 538.106628, 538.106628, 385285.750000, 385285.750000, -12511.458008, -31108.720703
8.500000, 918.871521, 918.871521, 355566.312500, 355566.312500, -12576.262695, -24192.687500
8.550000, 821.871033, 821.871033, 321114.781250, 321114.781250, -12160.140625, -19266.917969
8.600000, 382.044769, 382.044769, 287312.593750, 287312.593750, -9714.177734, -18724.392578
8.650000, 873.844177, 873.844177, 256477.968750, 256477.968750, -7156.990723, -17258.550781
8.700000, 343.842896, 343.842896, 219579.687500, 219579.687500, -6716.358398, -18157.501953
8.750000, -399.612885, -399.612885, 188424.031250, 188424.031250, -4630.989746, -12518.928711
8.800000, 152.649323, 152.649323, 155419.937500, 155419.937500, -2266.699707, -3903.741943
8.850000, 281.650635, 281.650635, 120106.015625, 120106.015625, -2157.387695, -4374.635742
8.900000, -121.644760, -121.644760, 93764.890625, 93764.890625, -264.488159, -5174.039062
8.950000, -104.398331, -104.398331, 55314.242188, 55314.242188, 1700.885254, -1697.587891
9.000000, 1.893417, 1.893417, 14527.978516, 14527.978516, 863.658936, 31.849987
