Time 1XX 1YY 2XX 2YY 1X2Y 1Y2X 
-9.150000, 0.000000, 0.000000, 0.000000, 0.000000, 0.000000, 0.000000
-9.100000, 98.972755, 98.972755, 1316.802734, 1316.802734, -1777.010864, -73.340912
-9.050000, 473.395081, 473.395081, 5036.326172, 5036.326172, -7759.138672, -311.064392
-9.000000, 708.847229, 708.847229, 8990.826172, 8990.826172, -13585.428711, -448.771484
-8.950000, 100.996063, 100.996063, 12588.194336, 12588.194336, -13058.875000, -303.490967
-8.900000, -686.616272, -686.616272, 16665.408203, 16665.408203, -9998.200195, -190.902206
-8.850000, -559.070129, -559.070129, 20013.453125, 20013.453125, -10892.138672, -75.058685
-8.800000, 179.884781, 179.884781, 23859.207031, 23859.207031, -16822.328125, 44.863861
-8.750000, 828.086548, 828.086548, 27706.132812, 27706.132812, -24771.433594, -54.378441
-8.700000, 859.151489, 859.151489, 30493.712891, 30493.712891, -29426.527344, -48.690235
-8.650000, 116.671646, 116.671646, 35058.191406, 35058.191406, -31152.630859, -36.627800
-8.600000, -512.380920, -512.380920, 39197.300781, 39197.300781, -34281.156250, -119.944817
-8.550000, -281.357391, -281.357391, 42159.992188, 42159.992188, -38802.363281, -44.501564
-8.500000, 382.599152, 382.599152, 46690.152344, 46690.152344, -43270.902344, -153.407928
-8.450000, 498.284698, 498.284698, 50352.488281, 50352.488281, -46385.234375, -223.936615
-8.400000, -4.465687, -4.465687, 53809.125000, 53809.125000, -49283.730469, -90.037415
-8.350000, -138.438766, -138.438766, 57772.285156, 57772.285156, -54086.894531, -159.394318
-8.300000, 63.422302, 63.422302, 61091.890625, 61091.890625, -55832.804688, -249.546005
-8.250000, 189.395554, 189.395554, 66268.718750, 66268.718750, -54587.941406, -507.327271
-8.200000, 586.268494, 586.268494, 71260.789062, 71260.789062, -56781.636719, -709.038818
-8.150000, 330.591614, 330.591614, 74466.843750, 74466.843750, -59258.656250, -405.686462
-8.100000, -617.902588, -617.902588, 77706.265625, 77706.265625, -61112.437500, -163.130875
-8.050000, -347.947784, -347.947784, 81060.007812, 81060.007812, -62548.140625, -75.098740
-8.000000, 602.791565, 602.791565, 86038.437500, 86038.437500, -61073.402344, -226.178040
-7.950000, 1192.796875, 1192.796875, 90957.742188, 90957.742188, -63432.609375, -662.534119
-7.900000, 1356.367920, 1356.367920, 94230.242188, 94230.242188, -68843.890625, -606.831421
-7.850000, 449.013733, 449.013733, 98203.843750, 98203.843750, -73727.093750, -294.551270
-7.800000, -552.600159, -552.600159, 103824.812500, 103824.812500, -74531.617188, -403.137939
-7.750000, -1032.794189, -1032.794189, 109769.765625, 109769.765625, -67105.468750, -487.549713
-7.700000, -281.191742, -281.191742, 111631.039062, 111631.039062, -71127.554688, -93.506836
-7.650000, 1439.877930, 1439.877930, 113036.078125, 113036.078125, -84237.195312, 307.189819
-7.600000, 347.830627, 347.830627, 119282.703125, 119282.703125, -83268.906250, 371.473999
-7.550000, -1581.999878, -1581.999878, 124159.070312, 124159.070312, -78489.304688, 378.080200
-7.500000, -1089.047974, -1089.047974, 127905.820312, 127905.820312, -76216.437500, 392.226746
-7.450000, -895.799133, -895.799133, 131984.359375, 131984.359375, -76181.398438, 438.114838
-7.400000, -609.697998, -609.697998, 134247.031250, 134247.031250, -79761.164062, 500.977722
-7.350000, 209.682785, 209.682785, 139301.609375, 139301.609375, -78005.742188, 673.835632
-7.300000, -636.072815, -636.072815, 144292.093750, 144292.093750, -74452.218750, 926.267517
-7.250000, -2302.594238, -2302.594238, 147037.765625, 147037.765625, -72860.929688, 744.350830
-7.200000, -1933.789307, -1933.789307, 151128.562500, 151128.562500, -77898.609375, 702.087341
-7.150000, 278.018951, 278.018951, 155508.125000, 155508.125000, -81275.265625, 835.422974
-7.100000, 85.226608, 85.226608, 161581.750000, 161581.750000, -73059.539062, 511.663361
-7.050000, -1435.587524, -1435.587524, 166487.078125, 166487.078125, -75333.734375, 912.845215
-7.000000, -1953.205566, -1953.205566, 170307.125000, 170307.125000, -78360.390625, 1396.912231
-6.950000, -2675.004150, -2675.004150, 177035.281250, 177035.281250, -74819.515625, 785.178528
-6.900000, -866.853516, -866.853516, 180853.843750, 180853.843750, -82089.835938, 1007.160583
-6.850000, 1325.267212, 1325.267212, 184230.156250, 184230.156250, -79507.546875, 1884.709717
-6.800000, -682.013184, -682.013184, 190100.750000, 190100.750000, -75046.187500, 1636.185547
-6.750000, -3119.852783, -3119.852783, 194258.421875, 194258.421875, -80734.281250, 1159.276733
-6.700000, -2072.999268, -2072.999268, 198081.875000, 198081.875000, -81920.335938, 1298.683716
-6.650000, 407.697357, 407.697357, 199718.109375, 199718.109375, -90553.367188, 1562.880005
-6.600000, 68.457863, 68.457863, 203024.578125, 203024.578125, -93872.281250, 1794.099243
-6.550000, -1437.645264, -1437.645264, 209673.828125, 209673.828125, -87217.156250, 1861.714844
-6.500000, -2421.402588, -2421.402588, 211668.031250, 211668.031250, -88619.906250, 1543.105225
-6.450000, -3228.841064, -3228.841064, 213627.703125, 213627.703125, -89595.203125, 1594.069824
-6.400000, -668.909058, -668.909058, 217913.359375, 217913.359375, -91097.140625, 1845.429810
-6.350000, 1931.707397, 1931.707397, 220487.703125, 220487.703125, -92064.414062, 989.026428
-6.300000, 2591.692627, 2591.692627, 221581.046875, 221581.046875, -96514.679688, -365.820801
-6.250000, 5289.547363, 5289.547363, 220907.890625, 220907.890625, -101762.640625, -3285.905029
-6.200000, 10237.971680, 10237.971680, 222230.359375, 222230.359375, -92787.859375, -8587.669922
-6.150000, 14466.820312, 14466.820312, 222784.843750, 222784.843750, -94071.148438, -12251.543945
-6.100000, 9547.355469, 9547.355469, 220844.656250, 220844.656250, -102500.375000, -13097.326172
-6.050000, -6108.071289, -6108.071289, 222908.515625, 222908.515625, -100405.187500, -8834.448242
-6.000000, -22222.148438, -22222.148438, 224889.968750, 224889.968750, -98039.414062, 2255.555664
-5.950000, -23937.242188, -23937.242188, 224042.281250, 224042.281250, -90810.875000, 12100.936523
-5.900000, -7910.650391, -7910.650391, 222733.546875, 222733.546875, -91511.796875, 19869.978516
-5.850000, 1860.743164, 1860.743164, 221514.500000, 221514.500000, -92179.375000, 28409.167969
-5.800000, -8189.579102, -8189.579102, 222246.843750, 222246.843750, -80377.054688, 35485.835938
-5.750000, -28316.089844, -28316.089844, 222117.375000, 222117.375000, -83905.390625, 42845.597656
-5.700000, -42580.972656, -42580.972656, 220326.140625, 220326.140625, -89250.234375, 45793.445312
-5.650000, -36974.386719, -36974.386719, 218350.000000, 218350.000000, -86263.859375, 45041.042969
-5.600000, -28193.400391, -28193.400391, 217962.937500, 217962.937500, -80685.976562, 46146.769531
-5.550000, -31264.339844, -31264.339844, 219380.812500, 219380.812500, -65970.851562, 43285.695312
-5.500000, -38690.785156, -38690.785156, 215927.203125, 215927.203125, -70222.289062, 38856.304688
-5.450000, -47133.343750, -47133.343750, 210888.828125, 210888.828125, -84088.398438, 33193.375000
-5.400000, -43504.761719, -43504.761719, 208607.218750, 208607.218750, -81100.609375, 24428.894531
-5.350000, -30918.576172, -30918.576172, 204184.187500, 204184.187500, -82829.210938, 18945.828125
-5.300000, -26567.580078, -26567.580078, 200363.750000, 200363.750000, -86242.937500, 13631.380859
-5.250000, -22828.785156, -22828.785156, 197893.593750, 197893.593750, -82113.648438, 12288.986328
-5.200000, -18635.753906, -18635.753906, 192808.671875, 192808.671875, -88415.859375, 16496.970703
-5.150000, -13550.036133, -13550.036133, 187128.703125, 187128.703125, -98464.648438, 17589.394531
-5.100000, -1095.424561, -1095.424561, 184529.843750, 184529.843750, -87806.179688, 16979.517578
-5.050000, 12583.716797, 12583.716797, 181208.171875, 181208.171875, -73789.101562, 14659.726562
-5.000000, 23992.798828, 23992.798828, 171131.125000, 171131.125000, -81482.734375, 20142.771484
-4.950000, 13390.332031, 13390.332031, 164503.437500, 164503.437500, -85953.859375, 31758.316406
-4.900000, -12393.781250, -12393.781250, 165574.250000, 165574.250000, -81812.101562, 31914.531250
-4.850000, -8584.000000, -8584.000000, 161889.828125, 161889.828125, -83535.656250, 32850.292969
-4.800000, 9340.838867, 9340.838867, 154705.640625, 154705.640625, -75912.250000, 36385.019531
-4.750000, 12399.539062, 12399.539062, 149639.187500, 149639.187500, -67160.421875, 36074.234375
-4.700000, -5076.539062, -5076.539062, 144153.343750, 144153.343750, -73420.343750, 38288.921875
-4.650000, -44922.703125, -44922.703125, 135575.609375, 135575.609375, -80688.500000, 30788.240234
-4.600000, -63843.394531, -63843.394531, 127454.960938, 127454.960938, -78686.023438, 25257.091797
-4.550000, -45969.980469, -45969.980469, 125695.539062, 125695.539062, -75274.820312, 32700.429688
-4.500000, -15685.433594, -15685.433594, 120051.312500, 120051.312500, -77037.593750, 34007.718750
-4.450000, -5185.287109, -5185.287109, 108512.414062, 108512.414062, -72820.335938, 32162.199219
-4.400000, -27120.042969, -27120.042969, 102506.578125, 102506.578125, -62725.988281, 27467.974609
-4.350000, -15430.029297, -15430.029297, 94973.828125, 94973.828125, -72201.429688, 24277.712891
-4.300000, 13676.692383, 13676.692383, 84577.523438, 84577.523438, -98655.414062, 28911.138672
-4.250000, 13804.622070, 13804.622070, 73540.281250, 73540.281250, -115223.695312, 24837.480469
-4.200000, 28917.343750, 28917.343750, 58404.683594, 58404.683594, -108632.000000, 22599.771484
-4.150000, 14831.211914, 14831.211914, 59694.402344, 59694.402344, -4786.306641, 25382.718750
-4.100000, -16972.289062, -16972.289062, 69656.375000, 69656.375000, 191730.328125, 24426.628906
-4.050000, 6151.454590, 6151.454590, 47965.101562, 47965.101562, 265986.906250, 32460.201172
-4.000000, 22473.826172, 22473.826172, 17190.558594, 17190.558594, 231494.781250, 37399.527344
-3.950000, 15034.525391, 15034.525391, 18849.777344, 18849.777344, 286188.906250, 37335.992188
-3.900000, 3653.206787, 3653.206787, 33361.812500, 33361.812500, 337274.468750, 42386.500000
-3.850000, -2755.158447, -2755.158447, 37576.941406, 37576.941406, 299686.500000, 43059.277344
-3.800000, 3848.616699, 3848.616699, 36140.746094, 36140.746094, 218404.171875, 42770.066406
-3.750000, -9575.431641, -9575.431641, 30369.496094, 30369.496094, 81331.484375, 42753.500000
-3.700000, 1317.778564, 1317.778564, 19870.992188, 19870.992188, -69911.351562, 47743.488281
-3.650000, 4184.412598, 4184.412598, 6085.875488, 6085.875488, -211617.312500, 46715.984375
-3.600000, -55529.648438, -55529.648438, -6935.227051, -6935.227051, -319428.062500, 25070.531250
-3.550000, -65775.851562, -65775.851562, -3979.876221, -3979.876221, -385117.843750, 19648.587891
-3.500000, -24198.552734, -24198.552734, 15621.431641, 15621.431641, -445736.375000, 28080.019531
-3.450000, -126.510849, -126.510849, 26486.513672, 26486.513672, -452901.281250, 23861.267578
-3.400000, -3995.113037, -3995.113037, 27723.464844, 27723.464844, -423020.062500, 20515.783203
-3.350000, -35446.625000, -35446.625000, 42382.859375, 42382.859375, -336318.718750, 12889.916016
-3.300000, -52701.796875, -52701.796875, 67417.718750, 67417.718750, -138604.437500, 8348.958008
-3.250000, -52106.539062, -52106.539062, 81735.453125, 81735.453125, 46180.531250, 13592.936523
-3.200000, -10391.462891, -10391.462891, 74648.226562, 74648.226562, 192937.421875, 15467.852539
-3.150000, 19217.068359, 19217.068359, 79802.257812, 79802.257812, 374293.531250, 17784.394531
-3.100000, -39648.750000, -39648.750000, 136132.234375, 136132.234375, 609593.937500, 9858.020508
-3.050000, -45409.335938, -45409.335938, 197143.734375, 197143.734375, 832029.562500, 5164.453613
-3.000000, 4858.932129, 4858.932129, 220186.890625, 220186.890625, 886687.750000, 16048.289062
-2.950000, 29990.478516, 29990.478516, 238486.812500, 238486.812500, 815655.562500, 18143.128906
-2.900000, 62434.285156, 62434.285156, 261743.265625, 261743.265625, 707827.125000, 20805.203125
-2.850000, 23161.259766, 23161.259766, 279988.968750, 279988.968750, 585523.812500, 21193.388672
-2.800000, -26482.248047, -26482.248047, 313654.031250, 313654.031250, 545514.625000, 11102.984375
-2.750000, 733.593262, 733.593262, 375385.281250, 375385.281250, 547332.375000, 8577.806641
-2.700000, 17796.662109, 17796.662109, 450554.000000, 450554.000000, 540210.625000, 8898.933594
-2.650000, 33677.343750, 33677.343750, 522539.000000, 522539.000000, 548873.187500, 13530.145508
-2.600000, 23564.925781, 23564.925781, 595237.187500, 595237.187500, 539564.187500, 15186.355469
-2.550000, 2351.869141, 2351.869141, 672994.125000, 672994.125000, 541150.062500, 11057.832031
-2.500000, 29407.054688, 29407.054688, 750967.562500, 750967.562500, 556884.562500, 21724.328125
-2.450000, 11824.207031, 11824.207031, 827783.812500, 827783.812500, 551236.812500, 25026.605469
-2.400000, -22225.103516, -22225.103516, 901694.312500, 901694.312500, 542933.437500, 14431.791992
-2.350000, -21097.205078, -21097.205078, 978254.312500, 978254.312500, 540466.687500, 14423.725586
-2.300000, -42518.503906, -42518.503906, 1057262.875000, 1057262.875000, 549678.187500, 12224.811523
-2.250000, -83133.164062, -83133.164062, 1131516.250000, 1131516.250000, 552504.625000, -4268.260742
-2.200000, -116309.945312, -116309.945312, 1208367.250000, 1208367.250000, 548634.937500, -17275.142578
-2.150000, -91330.664062, -91330.664062, 1288153.750000, 1288153.750000, 554527.437500, -11097.043945
-2.100000, -47323.968750, -47323.968750, 1365935.250000, 1365935.250000, 555349.125000, -4143.329590
-2.050000, -49943.679688, -49943.679688, 1444894.000000, 1444894.000000, 567890.437500, -11457.466797
-2.000000, -53911.582031, -53911.582031, 1523021.500000, 1523021.500000, 576748.562500, -21923.763672
-1.950000, -53687.957031, -53687.957031, 1599439.000000, 1599439.000000, 564538.937500, -31394.404297
-1.900000, -9458.013672, -9458.013672, 1677071.000000, 1677071.000000, 570755.562500, -27072.519531
-1.850000, 61515.679688, 61515.679688, 1759038.000000, 1759038.000000, 582120.750000, -10198.900391
-1.800000, 55637.425781, 55637.425781, 1841278.000000, 1841278.000000, 581412.937500, -2620.327148
-1.750000, 46041.718750, 46041.718750, 1917548.250000, 1917548.250000, 584313.625000, -4045.103027
-1.700000, 73985.507812, 73985.507812, 1996463.750000, 1996463.750000, 585859.250000, -4967.178223
-1.650000, 82814.929688, 82814.929688, 2079124.250000, 2079124.250000, 586529.875000, 2274.691895
-1.600000, 74468.312500, 74468.312500, 2158928.500000, 2158928.500000, 585060.062500, 5881.430176
-1.550000, 39800.066406, 39800.066406, 2239238.500000, 2239238.500000, 585499.750000, 1520.240479
-1.500000, 31349.923828, 31349.923828, 2320808.000000, 2320808.000000, 598588.750000, 6880.378906
-1.450000, 40843.238281, 40843.238281, 2403755.500000, 2403755.500000, 607145.687500, -127.301781
-1.400000, -17149.396484, -17149.396484, 2484966.250000, 2484966.250000, 591404.375000, -19314.156250
-1.350000, -82675.062500, -82675.062500, 2563871.750000, 2563871.750000, 539930.312500, -12137.080078
-1.300000, -247642.937500, -247642.937500, 2645051.750000, 2645051.750000, 452998.343750, -9208.346680
-1.250000, -545289.250000, -545289.250000, 2725815.000000, 2725815.000000, 379791.250000, -37644.417969
-1.200000, -568492.437500, -568492.437500, 2809921.750000, 2809921.750000, 366205.718750, -46060.601562
-1.150000, -229907.375000, -229907.375000, 2891529.750000, 2891529.750000, 385499.562500, -19458.429688
-1.100000, 225946.828125, 225946.828125, 2966897.250000, 2966897.250000, 428689.031250, -3890.221191
-1.050000, 689802.187500, 689802.187500, 3046515.750000, 3046515.750000, 500611.312500, -19703.277344
-1.000000, 920352.312500, 920352.312500, 3113768.500000, 3113768.500000, 512277.906250, -61937.007812
-0.950000, 1003228.500000, 1003228.500000, 3178331.500000, 3178331.500000, 480757.500000, -95645.406250
-0.900000, 1273495.500000, 1273495.500000, 3272500.000000, 3272500.000000, 559899.875000, -52478.816406
-0.850000, 1542816.000000, 1542816.000000, 3375076.250000, 3375076.250000, 695425.687500, 51789.710938
-0.800000, 1390898.625000, 1390898.625000, 3458560.750000, 3458560.750000, 733292.500000, 105914.890625
-0.750000, 716376.562500, 716376.562500, 3519352.500000, 3519352.500000, 699742.062500, 80669.460938
-0.700000, -51181.984375, -51181.984375, 3576820.750000, 3576820.750000, 682107.812500, 43362.695312
-0.650000, -695426.000000, -695426.000000, 3648837.250000, 3648837.250000, 698979.687500, 11376.742188
-0.600000, -1369775.125000, -1369775.125000, 3718476.250000, 3718476.250000, 691795.062500, -18337.148438
-0.550000, -1882191.875000, -1882191.875000, 3785058.250000, 3785058.250000, 617553.437500, -18909.470703
-0.500000, -2356987.750000, -2356987.750000, 3858505.000000, 3858505.000000, 507756.906250, -1523.194824
-0.450000, -2854562.250000, -2854562.250000, 3937289.750000, 3937289.750000, 389635.281250, 4415.654785
-0.400000, -2882814.250000, -2882814.250000, 4011033.250000, 4011033.250000, 297875.812500, 2708.408447
-0.350000, -2350734.500000, -2350734.500000, 4064992.750000, 4064992.750000, 249119.156250, 35315.648438
-0.300000, -1384644.375000, -1384644.375000, 4113817.250000, 4113817.250000, 213593.890625, 98018.093750
-0.250000, -316798.968750, -316798.968750, 4163403.500000, 4163403.500000, 191792.906250, 107870.835938
-0.200000, 653759.687500, 653759.687500, 4212193.000000, 4212193.000000, 179946.750000, 55565.917969
-0.150000, 1719134.625000, 1719134.625000, 4253460.500000, 4253460.500000, 159489.765625, 6327.716309
-0.100000, 2890392.000000, 2890392.000000, 4300621.500000, 4300621.500000, 191206.640625, 63722.328125
-0.050000, 4310885.000000, 4310885.000000, 4419422.500000, 4419422.500000, 337013.500000, 280033.281250
0.000000, 5128445.500000, 5128445.500000, 4505798.500000, 4505798.500000, 430359.406250, 430359.406250
0.050000, 4310885.000000, 4310885.000000, 4419422.500000, 4419422.500000, 280033.281250, 337013.500000
0.100000, 2890392.000000, 2890392.000000, 4300621.500000, 4300621.500000, 63722.328125, 191206.640625
0.150000, 1719134.625000, 1719134.625000, 4253460.500000, 4253460.500000, 6327.716309, 159489.765625
0.200000, 653759.687500, 653759.687500, 4212193.000000, 4212193.000000, 55565.917969, 179946.750000
0.250000, -316798.968750, -316798.968750, 4163403.500000, 4163403.500000, 107870.835938, 191792.906250
0.300000, -1384644.375000, -1384644.375000, 4113817.250000, 4113817.250000, 98018.093750, 213593.890625
0.350000, -2350734.500000, -2350734.500000, 4064992.750000, 4064992.750000, 35315.648438, 249119.156250
0.400000, -2882814.250000, -2882814.250000, 4011033.250000, 4011033.250000, 2708.408447, 297875.812500
0.450000, -2854562.250000, -2854562.250000, 3937289.750000, 3937289.750000, 4415.654785, 389635.281250
0.500000, -2356987.750000, -2356987.750000, 3858505.000000, 3858505.000000, -1523.194824, 507756.906250
0.550000, -1882191.875000, -1882191.875000, 3785058.250000, 3785058.250000, -18909.470703, 617553.437500
0.600000, -1369775.125000, -1369775.125000, 3718476.250000, 3718476.250000, -18337.148438, 691795.062500
0.650000, -695426.000000, -695426.000000, 3648837.250000, 3648837.250000, 11376.742188, 698979.687500
0.700000, -51181.984375, -51181.984375, 3576820.750000, 3576820.750000, 43362.695312, 682107.812500
0.750000, 716376.562500, 716376.562500, 3519352.500000, 3519352.500000, 80669.460938, 699742.062500
0.800000, 1390898.625000, 1390898.625000, 3458560.750000, 3458560.750000, 105914.890625, 733292.500000
0.850000, 1542816.000000, 1542816.000000, 3375076.250000, 3375076.250000, 51789.710938, 695425.687500
0.900000, 1273495.500000, 1273495.500000, 3272500.000000, 3272500.000000, -52478.816406, 559899.875000
0.950000, 1003228.500000, 1003228.500000, 3178331.500000, 3178331.500000, -95645.406250, 480757.500000
1.000000, 920352.312500, 920352.312500, 3113768.500000, 3113768.500000, -61937.007812, 512277.906250
1.050000, 689802.187500, 689802.187500, 3046515.750000, 3046515.750000, -19703.277344, 500611.312500
1.100000, 225946.828125, 225946.828125, 2966897.250000, 2966897.250000, -3890.221191, 428689.031250
1.150000, -229907.375000, -229907.375000, 2891529.750000, 2891529.750000, -19458.429688, 385499.562500
1.200000, -568492.437500, -568492.437500, 2809921.750000, 2809921.750000, -46060.601562, 366205.718750
1.250000, -545289.250000, -545289.250000, 2725815.000000, 2725815.000000, -37644.417969, 379791.250000
1.300000, -247642.937500, -247642.937500, 2645051.750000, 2645051.750000, -9208.346680, 452998.343750
1.350000, -82675.062500, -82675.062500, 2563871.750000, 2563871.750000, -12137.080078, 539930.312500
1.400000, -17149.396484, -17149.396484, 2484966.250000, 2484966.250000, -19314.156250, 591404.375000
1.450000, 40843.238281, 40843.238281, 2403755.500000, 2403755.500000, -127.301781, 607145.687500
1.500000, 31349.923828, 31349.923828, 2320808.000000, 2320808.000000, 6880.378906, 598588.750000
1.550000, 39800.066406, 39800.066406, 2239238.500000, 2239238.500000, 1520.240479, 585499.750000
1.600000, 74468.312500, 74468.312500, 2158928.500000, 2158928.500000, 5881.430176, 585060.062500
1.650000, 82814.929688, 82814.929688, 2079124.250000, 2079124.250000, 2274.691895, 586529.875000
1.700000, 73985.507812, 73985.507812, 1996463.750000, 1996463.750000, -4967.178223, 585859.250000
1.750000, 46041.718750, 46041.718750, 1917548.250000, 1917548.250000, -4045.103027, 584313.625000
1.800000, 55637.425781, 55637.425781, 1841278.000000, 1841278.000000, -2620.327148, 581412.937500
1.850000, 61515.679688, 61515.679688, 1759038.000000, 1759038.000000, -10198.900391, 582120.750000
1.900000, -9458.013672, -9458.013672, 1677071.000000, 1677071.000000, -27072.519531, 570755.562500
1.950000, -53687.957031, -53687.957031, 1599439.000000, 1599439.000000, -31394.404297, 564538.937500
2.000000, -53911.582031, -53911.582031, 1523021.500000, 1523021.500000, -21923.763672, 576748.562500
2.050000, -49943.679688, -49943.679688, 1444894.000000, 1444894.000000, -11457.466797, 567890.437500
2.100000, -47323.968750, -47323.968750, 1365935.250000, 1365935.250000, -4143.329590, 555349.125000
2.150000, -91330.664062, -91330.664062, 1288153.750000, 1288153.750000, -11097.043945, 554527.437500
2.200000, -116309.945312, -116309.945312, 1208367.250000, 1208367.250000, -17275.142578, 548634.937500
2.250000, -83133.164062, -83133.164062, 1131516.250000, 1131516.250000, -4268.260742, 552504.625000
2.300000, -42518.503906, -42518.503906, 1057262.875000, 1057262.875000, 12224.811523, 549678.187500
2.350000, -21097.205078, -21097.205078, 978254.312500, 978254.312500, 14423.725586, 540466.687500
2.400000, -22225.103516, -22225.103516, 901694.312500, 901694.312500, 14431.791992, 542933.437500
2.450000, 11824.207031, 11824.207031, 827783.812500, 827783.812500, 25026.605469, 551236.812500
2.500000, 29407.054688, 29407.054688, 750967.562500, 750967.562500, 21724.328125, 556884.562500
2.550000, 2351.869141, 2351.869141, 672994.125000, 672994.125000, 11057.832031, 541150.062500
2.600000, 23564.925781, 23564.925781, 595237.187500, 595237.187500, 15186.355469, 539564.187500
2.650000, 33677.343750, 33677.343750, 522539.000000, 522539.000000, 13530.145508, 548873.187500
2.700000, 17796.662109, 17796.662109, 450554.000000, 450554.000000, 8898.933594, 540210.625000
2.750000, 733.593262, 733.593262, 375385.281250, 375385.281250, 8577.806641, 547332.375000
2.800000, -26482.248047, -26482.248047, 313654.031250, 313654.031250, 11102.984375, 545514.625000
2.850000, 23161.259766, 23161.259766, 279988.968750, 279988.968750, 21193.388672, 585523.812500
2.900000, 62434.285156, 62434.285156, 261743.265625, 261743.265625, 20805.203125, 707827.125000
2.950000, 29990.478516, 29990.478516, 238486.812500, 238486.812500, 18143.128906, 815655.562500
3.000000, 4858.932129, 4858.932129, 220186.890625, 220186.890625, 16048.289062, 886687.750000
3.050000, -45409.335938, -45409.335938, 197143.734375, 197143.734375, 5164.453613, 832029.562500
3.100000, -39648.750000, -39648.750000, 136132.234375, 136132.234375, 9858.020508, 609593.937500
3.150000, 19217.068359, 19217.068359, 79802.257812, 79802.257812, 17784.394531, 374293.531250
3.200000, -10391.462891, -10391.462891, 74648.226562, 74648.226562, 15467.852539, 192937.421875
3.250000, -52106.539062, -52106.539062, 81735.453125, 81735.453125, 13592.936523, 46180.531250
3.300000, -52701.796875, -52701.796875, 67417.718750, 67417.718750, 8348.958008, -138604.437500
3.350000, -35446.625000, -35446.625000, 42382.859375, 42382.859375, 12889.916016, -336318.718750
3.400000, -3995.113037, -3995.113037, 27723.464844, 27723.464844, 20515.783203, -423020.062500
3.450000, -126.510849, -126.510849, 26486.513672, 26486.513672, 23861.267578, -452901.281250
3.500000, -24198.552734, -24198.552734, 15621.431641, 15621.431641, 28080.019531, -445736.375000
3.550000, -65775.851562, -65775.851562, -3979.876221, -3979.876221, 19648.587891, -385117.843750
3.600000, -55529.648438, -55529.648438, -6935.227051, -6935.227051, 25070.531250, -319428.062500
3.650000, 4184.412598, 4184.412598, 6085.875488, 6085.875488, 46715.984375, -211617.312500
3.700000, 1317.778564, 1317.778564, 19870.992188, 19870.992188, 47743.488281, -69911.351562
3.750000, -9575.431641, -9575.431641, 30369.496094, 30369.496094, 42753.500000, 81331.484375
3.800000, 3848.616699, 3848.616699, 36140.746094, 36140.746094, 42770.066406, 218404.171875
3.850000, -2755.158447, -2755.158447, 37576.941406, 37576.941406, 43059.277344, 299686.500000
3.900000, 3653.206787, 3653.206787, 33361.812500, 33361.812500, 42386.500000, 337274.468750
3.950000, 15034.525391, 15034.525391, 18849.777344, 18849.777344, 37335.992188, 286188.906250
4.000000, 22473.826172, 22473.826172, 17190.558594, 17190.558594, 37399.527344, 231494.781250
4.050000, 6151.454590, 6151.454590, 47965.101562, 47965.101562, 32460.201172, 265986.906250
4.100000, -16972.289062, -16972.289062, 69656.375000, 69656.375000, 24426.628906, 191730.328125
4.150000, 14831.211914, 14831.211914, 59694.402344, 59694.402344, 25382.718750, -4786.306641
4.200000, 28917.343750, 28917.343750, 58404.683594, 58404.683594, 22599.771484, -108632.000000
4.250000, 13804.622070, 13804.622070, 73540.281250, 73540.281250, 24837.480469, -115223.695312
4.300000, 13676.692383, 13676.692383, 84577.523438, 84577.523438, 28911.138672, -98655.414062
4.350000, -15430.029297, -15430.029297, 94973.828125, 94973.828125, 24277.712891, -72201.429688
4.400000, -27120.042969, -27120.042969, 102506.578125, 102506.578125, 27467.974609, -62725.988281
4.450000, -5185.287109, -5185.287109, 108512.414062, 108512.414062, 32162.199219, -72820.335938
4.500000, -15685.433594, -15685.433594, 120051.312500, 120051.312500, 34007.718750, -77037.593750
4.550000, -45969.980469, -45969.980469, 125695.539062, 125695.539062, 32700.429688, -75274.820312
4.600000, -63843.394531, -63843.394531, 127454.960938, 127454.960938, 25257.091797, -78686.023438
4.650000, -44922.703125, -44922.703125, 135575.609375, 135575.609375, 30788.240234, -80688.500000
4.700000, -5076.539062, -5076.539062, 144153.343750, 144153.343750, 38288.921875, -73420.343750
4.750000, 12399.539062, 12399.539062, 149639.187500, 149639.187500, 36074.234375, -67160.421875
4.800000, 9340.838867, 9340.838867, 154705.640625, 154705.640625, 36385.019531, -75912.250000
4.850000, -8584.000000, -8584.000000, 161889.828125, 161889.828125, 32850.292969, -83535.656250
4.900000, -12393.781250, -12393.781250, 165574.250000, 165574.250000, 31914.531250, -81812.101562
4.950000, 13390.332031, 13390.332031, 164503.437500, 164503.437500, 31758.316406, -85953.859375
5.000000, 23992.798828, 23992.798828, 171131.125000, 171131.125000, 20142.771484, -81482.734375
5.050000, 12583.716797, 12583.716797, 181208.171875, 181208.171875, 14659.726562, -73789.101562
5.100000, -1095.424561, -1095.424561, 184529.843750, 184529.843750, 16979.517578, -87806.179688
5.150000, -13550.036133, -13550.036133, 187128.703125, 187128.703125, 17589.394531, -98464.648438
5.200000, -18635.753906, -18635.753906, 192808.671875, 192808.671875, 16496.970703, -88415.859375
5.250000, -22828.785156, -22828.785156, 197893.593750, 197893.593750, 12288.986328, -82113.648438
5.300000, -26567.580078, -26567.580078, 200363.750000, 200363.750000, 13631.380859, -86242.937500
5.350000, -30918.576172, -30918.576172, 204184.187500, 204184.187500, 18945.828125, -82829.210938
5.400000, -43504.761719, -43504.761719, 208607.218750, 208607.218750, 24428.894531, -81100.609375
5.450000, -47133.343750, -47133.343750, 210888.828125, 210888.828125, 33193.375000, -84088.398438
5.500000, -38690.785156, -38690.785156, 215927.203125, 215927.203125, 38856.304688, -70222.289062
5.550000, -31264.339844, -31264.339844, 219380.812500, 219380.812500, 43285.695312, -65970.851562
5.600000, -28193.400391, -28193.400391, 217962.937500, 217962.937500, 46146.769531, -80685.976562
5.650000, -36974.386719, -36974.386719, 218350.000000, 218350.000000, 45041.042969, -86263.859375
5.700000, -42580.972656, -42580.972656, 220326.140625, 220326.140625, 45793.445312, -89250.234375
5.750000, -28316.089844, -28316.089844, 222117.375000, 222117.375000, 42845.597656, -83905.390625
5.800000, -8189.579102, -8189.579102, 222246.843750, 222246.843750, 35485.835938, -80377.054688
5.850000, 1860.743164, 1860.743164, 221514.500000, 221514.500000, 28409.167969, -92179.375000
5.900000, -7910.650391, -7910.650391, 222733.546875, 222733.546875, 19869.978516, -91511.796875
5.950000, -23937.242188, -23937.242188, 224042.281250, 224042.281250, 12100.936523, -90810.875000
6.000000, -22222.148438, -22222.148438, 224889.968750, 224889.968750, 2255.555664, -98039.414062
6.050000, -6108.071289, -6108.071289, 222908.515625, 222908.515625, -8834.448242, -100405.187500
6.100000, 9547.355469, 9547.355469, 220844.656250, 220844.656250, -13097.326172, -102500.375000
6.150000, 14466.820312, 14466.820312, 222784.843750, 222784.843750, -12251.543945, -94071.148438
6.200000, 10237.971680, 10237.971680, 222230.359375, 222230.359375, -8587.669922, -92787.859375
6.250000, 5289.547363, 5289.547363, 220907.890625, 220907.890625, -3285.905029, -101762.640625
6.300000, 2591.692627, 2591.692627, 221581.046875, 221581.046875, -365.820801, -96514.679688
6.350000, 1931.707397, 1931.707397, 220487.703125, 220487.703125, 989.026428, -92064.414062
6.400000, -668.909058, -668.909058, 217913.359375, 217913.359375, 1845.429810, -91097.140625
6.450000, -3228.841064, -3228.841064, 213627.703125, 213627.703125, 1594.069824, -89595.203125
6.500000, -2421.402588, -2421.402588, 211668.031250, 211668.031250, 1543.105225, -88619.906250
6.550000, -1437.645264, -1437.645264, 209673.828125, 209673.828125, 1861.714844, -87217.156250
6.600000, 68.457863, 68.457863, 203024.578125, 203024.578125, 1794.099243, -93872.281250
6.650000, 407.697357, 407.697357, 199718.109375, 199718.109375, 1562.880005, -90553.367188
6.700000, -2072.999268, -2072.999268, 198081.875000, 198081.875000, 1298.683716, -81920.335938
6.750000, -3119.852783, -3119.852783, 194258.421875, 194258.421875, 1159.276733, -80734.281250
6.800000, -682.013184, -682.013184, 190100.750000, 190100.750000, 1636.185547, -75046.187500
6.850000, 1325.267212, 1325.267212, 184230.156250, 184230.156250, 1884.709717, -79507.546875
6.900000, -866.853516, -866.853516, 180853.843750, 180853.843750, 1007.160583, -82089.835938
6.950000, -2675.004150, -2675.004150, 177035.281250, 177035.281250, 785.178528, -74819.515625
7.000000, -1953.205566, -1953.205566, 170307.125000, 170307.125000, 1396.912231, -78360.390625
7.050000, -1435.587524, -1435.587524, 166487.078125, 166487.078125, 912.845215, -75333.734375
7.100000, 85.226608, 85.226608, 161581.750000, 161581.750000, 511.663361, -73059.539062
7.150000, 278.018951, 278.018951, 155508.125000, 155508.125000, 835.422974, -81275.265625
7.200000, -1933.789307, -1933.789307, 151128.562500, 151128.562500, 702.087341, -77898.609375
7.250000, -2302.594238, -2302.594238, 147037.765625, 147037.765625, 744.350830, -72860.929688
7.300000, -636.072815, -636.072815, 144292.093750, 144292.093750, 926.267517, -74452.218750
7.350000, 209.682785, 209.682785, 139301.609375, 139301.609375, 673.835632, -78005.742188
7.400000, -609.697998, -609.697998, 134247.031250, 134247.031250, 500.977722, -79761.164062
7.450000, -895.799133, -895.799133, 131984.359375, 131984.359375, 438.114838, -76181.398438
7.500000, -1089.047974, -1089.047974, 127905.820312, 127905.820312, 392.226746, -76216.437500
7.550000, -1581.999878, -1581.999878, 124159.070312, 124159.070312, 378.080200, -78489.304688
7.600000, 347.830627, 347.830627, 119282.703125, 119282.703125, 371.473999, -83268.906250
7.650000, 1439.877930, 1439.877930, 113036.078125, 113036.078125, 307.189819, -84237.195312
7.700000, -281.191742, -281.191742, 111631.039062, 111631.039062, -93.506836, -71127.554688
7.750000, -1032.794189, -1032.794189, 109769.765625, 109769.765625, -487.549713, -67105.468750
7.800000, -552.600159, -552.600159, 103824.812500, 103824.812500, -403.137939, -74531.617188
7.850000, 449.013733, 449.013733, 98203.843750, 98203.843750, -294.551270, -73727.093750
7.900000, 1356.367920, 1356.367920, 94230.242188, 94230.242188, -606.831421, -68843.890625
7.950000, 1192.796875, 1192.796875, 90957.742188, 90957.742188, -662.534119, -63432.609375
8.000000, 602.791565, 602.791565, 86038.437500, 86038.437500, -226.178040, -61073.402344
8.050000, -347.947784, -347.947784, 81060.007812, 81060.007812, -75.098740, -62548.140625
8.100000, -617.902588, -617.902588, 77706.265625, 77706.265625, -163.130875, -61112.437500
8.150000, 330.591614, 330.591614, 74466.843750, 74466.843750, -405.686462, -59258.656250
8.200000, 586.268494, 586.268494, 71260.789062, 71260.789062, -709.038818, -56781.636719
8.250000, 189.395554, 189.395554, 66268.718750, 66268.718750, -507.327271, -54587.941406
8.300000, 63.422302, 63.422302, 61091.890625, 61091.890625, -249.546005, -55832.804688
8.350000, -138.438766, -138.438766, 57772.285156, 57772.285156, -159.394318, -54086.894531
8.400000, -4.465687, -4.465687, 53809.125000, 53809.125000, -90.037415, -49283.730469
8.450000, 498.284698, 498.284698, 50352.488281, 50352.488281, -223.936615, -46385.234375
8.500000, 382.599152, 382.599152, 46690.152344, 46690.152344, -153.407928, -43270.902344
8.550000, -281.357391, -281.357391, 42159.992188, 42159.992188, -44.501564, -38802.363281
8.600000, -512.380920, -512.380920, 39197.300781, 39197.300781, -119.944817, -34281.156250
8.650000, 116.671646, 116.671646, 35058.191406, 35058.191406, -36.627800, -31152.630859
8.700000, 859.151489, 859.151489, 30493.712891, 30493.712891, -48.690235, -29426.527344
8.750000, 828.086548, 828.086548, 27706.132812, 27706.132812, -54.378441, -24771.433594
8.800000, 179.884781, 179.884781, 23859.207031, 23859.207031, 44.863861, -16822.328125
8.850000, -559.070129, -559.070129, 20013.453125, 20013.453125, -75.058685, -10892.138672
8.900000, -686.616272, -686.616272, 16665.408203, 16665.408203, -190.902206, -9998.200195
8.950000, 100.996063, 100.996063, 12588.194336, 12588.194336, -303.490967, -13058.875000
9.000000, 708.847229, 708.847229, 8990.826172, 8990.826172, -448.771484, -13585.428711
9.050000, 473.395081, 473.395081, 5036.326172, 5036.326172, -311.064392, -7759.138672
9.100000, 98.972755, 98.972755, 1316.802734, 1316.802734, -73.340912, -1777.010864
