Time 1XX 1ZZ 2XX 2ZZ 1X2Z 1Z2X 
-9.050000, 0.000000, 0.000000, 0.000000, 0.000000, 0.000000, 0.000000
-9.000000, 1.893417, 1.893417, 200545.203125, 200545.203125, -64.240944, -5910.806152
-8.950000, -104.398331, -104.398331, 786117.187500, 786117.187500, 3423.593262, -12267.220703
-8.900000, -121.644760, -121.644760, 1358098.500000, 1358098.500000, 10460.501953, 1014.544922
-8.850000, 281.650635, 281.650635, 1720841.500000, 1720841.500000, 8762.951172, 15944.632812
-8.800000, 152.649323, 152.649323, 2211889.000000, 2211889.000000, 7660.137207, 16702.703125
-8.750000, -399.612885, -399.612885, 2721195.250000, 2721195.250000, 25308.314453, 31581.849609
-8.700000, 343.842896, 343.842896, 3157174.750000, 3157174.750000, 36732.917969, 48637.785156
-8.650000, 873.844177, 873.844177, 3663142.000000, 3663142.000000, 34223.613281, 52099.535156
-8.600000, 382.044769, 382.044769, 4126832.750000, 4126832.750000, 37249.757812, 67958.117188
-8.550000, 821.871033, 821.871033, 4591919.000000, 4591919.000000, 38865.457031, 87906.406250
-8.500000, 918.871521, 918.871521, 5072140.000000, 5072140.000000, 48497.140625, 91250.664062
-8.450000, 538.106628, 538.106628, 5524114.000000, 5524114.000000, 62159.628906, 87906.015625
-8.400000, 1171.708374, 1171.708374, 6028292.000000, 6028292.000000, 58999.582031, 98130.453125
-8.350000, 1573.483521, 1573.483521, 6501219.500000, 6501219.500000, 57745.875000, 117706.289062
-8.300000, 1351.710205, 1351.710205, 6954623.000000, 6954623.000000, 62582.781250, 125902.984375
-8.250000, 671.419067, 671.419067, 7432368.000000, 7432368.000000, 76445.773438, 131871.890625
-8.200000, 753.751648, 753.751648, 7898732.000000, 7898732.000000, 97738.976562, 139601.375000
-8.150000, 1848.491943, 1848.491943, 8387595.500000, 8387595.500000, 104292.921875, 145898.437500
-8.100000, 2084.953857, 2084.953857, 8852248.000000, 8852248.000000, 110874.898438, 159470.468750
-8.050000, 2435.722412, 2435.722412, 9319105.000000, 9319105.000000, 114609.351562, 172926.171875
-8.000000, 2069.450439, 2069.450439, 9815643.000000, 9815643.000000, 119917.218750, 185611.281250
-7.950000, 1592.224487, 1592.224487, 10272845.000000, 10272845.000000, 138175.625000, 187755.562500
-7.900000, 3189.019287, 3189.019287, 10738123.000000, 10738123.000000, 128388.250000, 179101.578125
-7.850000, 3167.777100, 3167.777100, 11214858.000000, 11214858.000000, 118146.992188, 184635.734375
-7.800000, 2436.304688, 2436.304688, 11684447.000000, 11684447.000000, 134080.609375, 187121.093750
-7.750000, 2568.747559, 2568.747559, 12154198.000000, 12154198.000000, 137070.125000, 183358.671875
-7.700000, 1642.796265, 1642.796265, 12592236.000000, 12592236.000000, 136538.156250, 189613.843750
-7.650000, 1899.686279, 1899.686279, 13059371.000000, 13059371.000000, 135273.046875, 200068.062500
-7.600000, 2386.354736, 2386.354736, 13541988.000000, 13541988.000000, 140880.546875, 221909.812500
-7.550000, 2625.834717, 2625.834717, 14004179.000000, 14004179.000000, 159965.859375, 232233.156250
-7.500000, 2496.527588, 2496.527588, 14489372.000000, 14489372.000000, 159651.625000, 226106.031250
-7.450000, 1363.672852, 1363.672852, 14953663.000000, 14953663.000000, 155999.140625, 238015.203125
-7.400000, 3273.171387, 3273.171387, 15419167.000000, 15419167.000000, 154596.671875, 259651.578125
-7.350000, 4183.175293, 4183.175293, 15888138.000000, 15888138.000000, 151359.578125, 276781.593750
-7.300000, 2331.898682, 2331.898682, 16334096.000000, 16334096.000000, 159755.718750, 285850.531250
-7.250000, 2561.756104, 2561.756104, 16825600.000000, 16825600.000000, 153597.687500, 301097.531250
-7.200000, 2826.116211, 2826.116211, 17307694.000000, 17307694.000000, 145919.156250, 321338.218750
-7.150000, 3019.677002, 3019.677002, 17776514.000000, 17776514.000000, 161031.750000, 321965.531250
-7.100000, 2433.785889, 2433.785889, 18263074.000000, 18263074.000000, 183376.843750, 329496.937500
-7.050000, 2160.533203, 2160.533203, 18691924.000000, 18691924.000000, 190874.437500, 339405.593750
-7.000000, 3155.731934, 3155.731934, 19084952.000000, 19084952.000000, 177258.718750, 332114.500000
-6.950000, 1769.658081, 1769.658081, 19428650.000000, 19428650.000000, 184298.875000, 373997.312500
-6.900000, 4274.029297, 4274.029297, 19722256.000000, 19722256.000000, 198163.406250, 563178.750000
-6.850000, 8536.801758, 8536.801758, 20053038.000000, 20053038.000000, 188102.859375, 945515.562500
-6.800000, 8495.701172, 8495.701172, 20608488.000000, 20608488.000000, 196906.453125, 1237176.000000
-6.750000, 7826.664062, 7826.664062, 21610314.000000, 21610314.000000, 217485.062500, 1091422.500000
-6.700000, 5468.721680, 5468.721680, 22724488.000000, 22724488.000000, 222450.484375, 801139.875000
-6.650000, 11678.008789, 11678.008789, 23561828.000000, 23561828.000000, 225607.781250, 589090.562500
-6.600000, 19406.070312, 19406.070312, 24291724.000000, 24291724.000000, 233298.562500, 85987.000000
-6.550000, 4464.611816, 4464.611816, 24899238.000000, 24899238.000000, 238280.718750, -629903.125000
-6.500000, -12218.326172, -12218.326172, 25262308.000000, 25262308.000000, 249564.375000, -1171138.500000
-6.450000, -11712.930664, -11712.930664, 25535014.000000, 25535014.000000, 267413.125000, -1558024.000000
-6.400000, -9794.272461, -9794.272461, 25720796.000000, 25720796.000000, 242868.343750, -1797993.750000
-6.350000, -14765.709961, -14765.709961, 25747354.000000, 25747354.000000, 213557.046875, -1855819.125000
-6.300000, -26546.572266, -26546.572266, 25762504.000000, 25762504.000000, 226640.578125, -1838419.125000
-6.250000, -33686.132812, -33686.132812, 25882644.000000, 25882644.000000, 230637.640625, -1766305.000000
-6.200000, -25125.804688, -25125.804688, 26083528.000000, 26083528.000000, 239771.703125, -1565778.125000
-6.150000, -8407.014648, -8407.014648, 26455286.000000, 26455286.000000, 245210.406250, -1181502.125000
-6.100000, 3636.547363, 3636.547363, 26941096.000000, 26941096.000000, 238817.890625, -682856.812500
-6.050000, 1960.812378, 1960.812378, 27396454.000000, 27396454.000000, 264466.781250, -295099.156250
-6.000000, -5249.299805, -5249.299805, 28061088.000000, 28061088.000000, 287346.781250, -75254.625000
-5.950000, -3485.204590, -3485.204590, 28990388.000000, 28990388.000000, 307829.406250, 202755.343750
-5.900000, 3742.043701, 3742.043701, 29850196.000000, 29850196.000000, 313102.593750, 527282.687500
-5.850000, -241.520630, -241.520630, 30533080.000000, 30533080.000000, 308436.562500, 700018.937500
-5.800000, -23308.021484, -23308.021484, 31164870.000000, 31164870.000000, 335483.562500, 693984.562500
-5.750000, -43372.796875, -43372.796875, 31750148.000000, 31750148.000000, 334730.937500, 530560.750000
-5.700000, -31949.591797, -31949.591797, 32275198.000000, 32275198.000000, 333029.718750, 256639.281250
-5.650000, -5525.024414, -5525.024414, 32836946.000000, 32836946.000000, 324695.843750, -128449.406250
-5.600000, -7927.365234, -7927.365234, 33304564.000000, 33304564.000000, 290114.000000, -430383.406250
-5.550000, -19619.783203, -19619.783203, 33701340.000000, 33701340.000000, 301292.281250, -465438.281250
-5.500000, -43.546448, -43.546448, 34270264.000000, 34270264.000000, 282002.781250, -468485.531250
-5.450000, 19649.546875, 19649.546875, 34822908.000000, 34822908.000000, 265129.906250, -439405.656250
-5.400000, 26784.779297, 26784.779297, 35290800.000000, 35290800.000000, 286112.031250, -387543.312500
-5.350000, 25881.183594, 25881.183594, 35831848.000000, 35831848.000000, 274557.250000, -441836.718750
-5.300000, 9833.799805, 9833.799805, 36370216.000000, 36370216.000000, 312666.937500, -432750.906250
-5.250000, 12455.757812, 12455.757812, 36889956.000000, 36889956.000000, 325520.968750, -437512.812500
-5.200000, 14083.333008, 14083.333008, 37411344.000000, 37411344.000000, 280222.906250, -471201.250000
-5.150000, -550.075562, -550.075562, 37934376.000000, 37934376.000000, 263184.593750, -437705.593750
-5.100000, 375.236237, 375.236237, 38466604.000000, 38466604.000000, 235052.921875, -441120.062500
-5.050000, 2170.758301, 2170.758301, 38993104.000000, 38993104.000000, 247566.500000, -431211.406250
-5.000000, 19190.416016, 19190.416016, 39524424.000000, 39524424.000000, 251683.203125, -457994.093750
-4.950000, 23529.214844, 23529.214844, 40008168.000000, 40008168.000000, 248880.515625, -472887.968750
-4.900000, -12066.161133, -12066.161133, 40516820.000000, 40516820.000000, 305180.343750, -424713.593750
-4.850000, -17370.796875, -17370.796875, 41070408.000000, 41070408.000000, 292468.562500, -480484.500000
-4.800000, -11767.655273, -11767.655273, 41494944.000000, 41494944.000000, 274793.875000, -464320.093750
-4.750000, -17026.765625, -17026.765625, 41948904.000000, 41948904.000000, 285327.125000, -396696.312500
-4.700000, -16185.560547, -16185.560547, 42519676.000000, 42519676.000000, 274742.625000, -428079.250000
-4.650000, -20761.158203, -20761.158203, 42996992.000000, 42996992.000000, 287692.625000, -401827.250000
-4.600000, -8472.566406, -8472.566406, 43474428.000000, 43474428.000000, 270163.843750, -385401.718750
-4.550000, -15387.755859, -15387.755859, 44016708.000000, 44016708.000000, 271590.750000, -373372.812500
-4.500000, -23920.261719, -23920.261719, 44550920.000000, 44550920.000000, 265380.656250, -349909.937500
-4.450000, -14105.532227, -14105.532227, 45101272.000000, 45101272.000000, 254545.281250, -414024.843750
-4.400000, -44909.820312, -44909.820312, 45611192.000000, 45611192.000000, 302476.062500, -432959.593750
-4.350000, -38562.988281, -38562.988281, 46096560.000000, 46096560.000000, 262662.687500, -422930.031250
-4.300000, -19511.984375, -19511.984375, 46591212.000000, 46591212.000000, 253289.296875, -427280.718750
-4.250000, -50285.937500, -50285.937500, 47101092.000000, 47101092.000000, 299934.593750, -422263.687500
-4.200000, -26720.865234, -26720.865234, 47590968.000000, 47590968.000000, 265855.093750, -458276.031250
-4.150000, 14099.220703, 14099.220703, 48019072.000000, 48019072.000000, 252973.671875, -454314.437500
-4.100000, 36057.820312, 36057.820312, 48563304.000000, 48563304.000000, 246006.000000, -434517.562500
-4.050000, 65840.335938, 65840.335938, 49096316.000000, 49096316.000000, 295463.937500, -423024.031250
-4.000000, 66241.734375, 66241.734375, 49501028.000000, 49501028.000000, 319954.843750, -378421.031250
-3.950000, 60325.457031, 60325.457031, 50050632.000000, 50050632.000000, 286344.187500, -374058.812500
-3.900000, 41444.195312, 41444.195312, 50613144.000000, 50613144.000000, 388700.937500, -362923.531250
-3.850000, 7927.844238, 7927.844238, 51129500.000000, 51129500.000000, 393274.062500, -352505.312500
-3.800000, -30147.531250, -30147.531250, 51716928.000000, 51716928.000000, 342197.500000, -392965.968750
-3.750000, -60432.023438, -60432.023438, 52235720.000000, 52235720.000000, 365360.250000, -411321.250000
-3.700000, -37380.613281, -37380.613281, 52782356.000000, 52782356.000000, 303045.312500, -424677.031250
-3.650000, -36346.355469, -36346.355469, 53347152.000000, 53347152.000000, 309159.156250, -432385.250000
-3.600000, -56864.589844, -56864.589844, 53844112.000000, 53844112.000000, 291575.968750, -468269.031250
-3.550000, -48210.402344, -48210.402344, 54339152.000000, 54339152.000000, 276875.625000, -535312.125000
-3.500000, -61302.031250, -61302.031250, 54832368.000000, 54832368.000000, 361391.718750, -528880.062500
-3.450000, -61214.464844, -61214.464844, 55357496.000000, 55357496.000000, 290849.625000, -534114.750000
-3.400000, -46296.671875, -46296.671875, 55751320.000000, 55751320.000000, 131656.937500, -542944.875000
-3.350000, -39277.144531, -39277.144531, 56183696.000000, 56183696.000000, -218966.187500, -508836.906250
-3.300000, -27086.132812, -27086.132812, 56846608.000000, 56846608.000000, -629755.625000, -515900.312500
-3.250000, -9787.629883, -9787.629883, 57372964.000000, 57372964.000000, -746735.000000, -481741.781250
-3.200000, 28965.687500, 28965.687500, 57932512.000000, 57932512.000000, -795672.937500, -442870.406250
-3.150000, 33633.929688, 33633.929688, 58669340.000000, 58669340.000000, -683733.375000, -445378.500000
-3.100000, 26745.644531, 26745.644531, 59411768.000000, 59411768.000000, -383193.437500, -413712.937500
-3.050000, 29620.134766, 29620.134766, 60314312.000000, 60314312.000000, -100688.867188, -415883.625000
-3.000000, 25676.548828, 25676.548828, 61131752.000000, 61131752.000000, 166409.375000, -417672.718750
-2.950000, 68945.882812, 68945.882812, 61652332.000000, 61652332.000000, 349373.125000, -395565.062500
-2.900000, 60561.515625, 60561.515625, 62063808.000000, 62063808.000000, 748978.750000, -391797.281250
-2.850000, 40702.476562, 40702.476562, 62489564.000000, 62489564.000000, 1268572.125000, -410757.312500
-2.800000, 89004.695312, 89004.695312, 62848076.000000, 62848076.000000, 1504845.000000, -449822.625000
-2.750000, 85629.992188, 85629.992188, 62906960.000000, 62906960.000000, 1629298.250000, -382552.062500
-2.700000, 68116.515625, 68116.515625, 62937772.000000, 62937772.000000, 1661333.250000, -347277.968750
-2.650000, 19754.105469, 19754.105469, 63084288.000000, 63084288.000000, 1642734.625000, -438379.875000
-2.600000, -22467.136719, -22467.136719, 63168720.000000, 63168720.000000, 1513256.875000, -419110.406250
-2.550000, -6159.845703, -6159.845703, 63442704.000000, 63442704.000000, 1129915.875000, -378275.593750
-2.500000, -47020.203125, -47020.203125, 63845504.000000, 63845504.000000, 694794.375000, -387017.187500
-2.450000, -43985.375000, -43985.375000, 64305044.000000, 64305044.000000, 78420.875000, -358901.468750
-2.400000, -62265.824219, -62265.824219, 65025504.000000, 65025504.000000, -583904.812500, -346055.093750
-2.350000, -101608.984375, -101608.984375, 65872408.000000, 65872408.000000, -895213.437500, -347173.218750
-2.300000, -2767.936035, -2767.936035, 66854312.000000, 66854312.000000, -1043697.812500, -399367.968750
-2.250000, 1536.612549, 1536.612549, 67917832.000000, 67917832.000000, -1210122.875000, -402509.593750
-2.200000, -23296.615234, -23296.615234, 68682968.000000, 68682968.000000, -1184010.000000, -329081.125000
-2.150000, 24493.537109, 24493.537109, 68996480.000000, 68996480.000000, -751624.250000, -347483.781250
-2.100000, 11049.028320, 11049.028320, 69185888.000000, 69185888.000000, -370990.000000, -377958.656250
-2.050000, 13784.554688, 13784.554688, 69590096.000000, 69590096.000000, -364589.468750, -393952.343750
-2.000000, -44341.941406, -44341.941406, 69969000.000000, 69969000.000000, -342815.906250, -365957.218750
-1.950000, -47191.734375, -47191.734375, 70284696.000000, 70284696.000000, -342994.281250, -278834.593750
-1.900000, 21613.558594, 21613.558594, 70782712.000000, 70782712.000000, -383814.593750, -304595.718750
-1.850000, -59187.968750, -59187.968750, 71307944.000000, 71307944.000000, -354900.250000, -319799.875000
-1.800000, -61432.968750, -61432.968750, 71794080.000000, 71794080.000000, -389714.562500, -266835.031250
-1.750000, -43829.996094, -43829.996094, 72295096.000000, 72295096.000000, -366063.375000, -249067.484375
-1.700000, -136161.843750, -136161.843750, 72822520.000000, 72822520.000000, -358340.343750, -221679.109375
-1.650000, -155856.875000, -155856.875000, 73330400.000000, 73330400.000000, -368927.250000, -232985.921875
-1.600000, -111601.812500, -111601.812500, 73768328.000000, 73768328.000000, -336946.343750, -250175.593750
-1.550000, -9128.723633, -9128.723633, 74265240.000000, 74265240.000000, -407618.500000, -262948.281250
-1.500000, 17890.820312, 17890.820312, 74763456.000000, 74763456.000000, -407409.562500, -304822.500000
-1.450000, 45421.777344, 45421.777344, 75265064.000000, 75265064.000000, -382608.968750, -314214.468750
-1.400000, 179518.500000, 179518.500000, 75759568.000000, 75759568.000000, -318989.937500, -323980.375000
-1.350000, 123092.210938, 123092.210938, 76134624.000000, 76134624.000000, -98362.914062, -334511.593750
-1.300000, -52623.425781, -52623.425781, 76614352.000000, 76614352.000000, 45901.988281, -443169.500000
-1.250000, -253143.703125, -253143.703125, 77059328.000000, 77059328.000000, 139296.578125, -542473.750000
-1.200000, -426999.000000, -426999.000000, 77314136.000000, 77314136.000000, 13735.427734, -367957.093750
-1.150000, -340915.750000, -340915.750000, 77666184.000000, 77666184.000000, -467076.093750, -227239.359375
-1.100000, -52186.328125, -52186.328125, 78135496.000000, 78135496.000000, -1019792.000000, -236850.531250
-1.050000, 392234.218750, 392234.218750, 78659584.000000, 78659584.000000, -1406399.750000, -89225.132812
-1.000000, 890330.750000, 890330.750000, 79175152.000000, 79175152.000000, -1386731.875000, 169304.062500
-0.950000, 1347580.125000, 1347580.125000, 79816280.000000, 79816280.000000, -1140276.375000, 283369.468750
-0.900000, 1571390.500000, 1571390.500000, 80702928.000000, 80702928.000000, -677178.812500, 132969.640625
-0.850000, 1373069.375000, 1373069.375000, 81642728.000000, 81642728.000000, 31262.166016, -231959.062500
-0.800000, 1126159.250000, 1126159.250000, 82554032.000000, 82554032.000000, 530868.312500, -753367.437500
-0.750000, 704547.812500, 704547.812500, 83018776.000000, 83018776.000000, 1023016.375000, -1167217.125000
-0.700000, -84316.031250, -84316.031250, 83105880.000000, 83105880.000000, 1573003.125000, -1412227.625000
-0.650000, -884372.625000, -884372.625000, 83328944.000000, 83328944.000000, 1892157.500000, -1805945.875000
-0.600000, -1643553.750000, -1643553.750000, 83308128.000000, 83308128.000000, 1952706.625000, -1991569.625000
-0.550000, -2197891.500000, -2197891.500000, 83064320.000000, 83064320.000000, 1532392.875000, -1705312.500000
-0.500000, -2683997.250000, -2683997.250000, 82901832.000000, 82901832.000000, 891933.312500, -1157516.875000
-0.450000, -3097638.000000, -3097638.000000, 82719128.000000, 82719128.000000, 243516.359375, -308460.937500
-0.400000, -2993776.750000, -2993776.750000, 82744736.000000, 82744736.000000, -533093.750000, 543263.437500
-0.350000, -2641014.500000, -2641014.500000, 83159944.000000, 83159944.000000, -1402237.500000, 1329332.500000
-0.300000, -1965478.375000, -1965478.375000, 84036880.000000, 84036880.000000, -2433881.000000, 2238860.250000
-0.250000, -818141.375000, -818141.375000, 85232024.000000, 85232024.000000, -3232287.500000, 2997193.750000
-0.200000, 545712.875000, 545712.875000, 86720416.000000, 86720416.000000, -3644902.250000, 3385015.750000
-0.150000, 1996274.000000, 1996274.000000, 88428920.000000, 88428920.000000, -3602903.750000, 3209775.250000
-0.100000, 3257236.500000, 3257236.500000, 90019480.000000, 90019480.000000, -2766769.500000, 2413672.500000
-0.050000, 4676480.000000, 4676480.000000, 91913704.000000, 91913704.000000, -1754058.375000, 996612.250000
0.000000, 5546405.500000, 5546405.500000, 93177264.000000, 93177264.000000, -626250.812500, -626250.812500
0.050000, 4676480.000000, 4676480.000000, 91913704.000000, 91913704.000000, 996612.250000, -1754058.375000
0.100000, 3257236.500000, 3257236.500000, 90019480.000000, 90019480.000000, 2413672.500000, -2766769.500000
0.150000, 1996274.000000, 1996274.000000, 88428920.000000, 88428920.000000, 3209775.250000, -3602903.750000
0.200000, 545712.875000, 545712.875000, 86720416.000000, 86720416.000000, 3385015.750000, -3644902.250000
0.250000, -818141.375000, -818141.375000, 85232024.000000, 85232024.000000, 2997193.750000, -3232287.500000
0.300000, -1965478.375000, -1965478.375000, 84036880.000000, 84036880.000000, 2238860.250000, -2433881.000000
0.350000, -2641014.500000, -2641014.500000, 83159944.000000, 83159944.000000, 1329332.500000, -1402237.500000
0.400000, -2993776.750000, -2993776.750000, 82744736.000000, 82744736.000000, 543263.437500, -533093.750000
0.450000, -3097638.000000, -3097638.000000, 82719128.000000, 82719128.000000, -308460.937500, 243516.359375
0.500000, -2683997.250000, -2683997.250000, 82901832.000000, 82901832.000000, -1157516.875000, 891933.312500
0.550000, -2197891.500000, -2197891.500000, 83064320.000000, 83064320.000000, -1705312.500000, 1532392.875000
0.600000, -1643553.750000, -1643553.750000, 83308128.000000, 83308128.000000, -1991569.625000, 1952706.625000
0.650000, -884372.625000, -884372.625000, 83328944.000000, 83328944.000000, -1805945.875000, 1892157.500000
0.700000, -84316.031250, -84316.031250, 83105880.000000, 83105880.000000, -1412227.625000, 1573003.125000
0.750000, 704547.812500, 704547.812500, 83018776.000000, 83018776.000000, -1167217.125000, 1023016.375000
0.800000, 1126159.250000, 1126159.250000, 82554032.000000, 82554032.000000, -753367.437500, 530868.312500
0.850000, 1373069.375000, 1373069.375000, 81642728.000000, 81642728.000000, -231959.062500, 31262.166016
0.900000, 1571390.500000, 1571390.500000, 80702928.000000, 80702928.000000, 132969.640625, -677178.812500
0.950000, 1347580.125000, 1347580.125000, 79816280.000000, 79816280.000000, 283369.468750, -1140276.375000
1.000000, 890330.750000, 890330.750000, 79175152.000000, 79175152.000000, 169304.062500, -1386731.875000
1.050000, 392234.218750, 392234.218750, 78659584.000000, 78659584.000000, -89225.132812, -1406399.750000
1.100000, -52186.328125, -52186.328125, 78135496.000000, 78135496.000000, -236850.531250, -1019792.000000
1.150000, -340915.750000, -340915.750000, 77666184.000000, 77666184.000000, -227239.359375, -467076.093750
1.200000, -426999.000000, -426999.000000, 77314136.000000, 77314136.000000, -367957.093750, 13735.427734
1.250000, -253143.703125, -253143.703125, 77059328.000000, 77059328.000000, -542473.750000, 139296.578125
1.300000, -52623.425781, -52623.425781, 76614352.000000, 76614352.000000, -443169.500000, 45901.988281
1.350000, 123092.210938, 123092.210938, 76134624.000000, 76134624.000000, -334511.593750, -98362.914062
1.400000, 179518.500000, 179518.500000, 75759568.000000, 75759568.000000, -323980.375000, -318989.937500
1.450000, 45421.777344, 45421.777344, 75265064.000000, 75265064.000000, -314214.468750, -382608.968750
1.500000, 17890.820312, 17890.820312, 74763456.000000, 74763456.000000, -304822.500000, -407409.562500
1.550000, -9128.723633, -9128.723633, 74265240.000000, 74265240.000000, -262948.281250, -407618.500000
1.600000, -111601.812500, -111601.812500, 73768328.000000, 73768328.000000, -250175.593750, -336946.343750
1.650000, -155856.875000, -155856.875000, 73330400.000000, 73330400.000000, -232985.921875, -368927.250000
1.700000, -136161.843750, -136161.843750, 72822520.000000, 72822520.000000, -221679.109375, -358340.343750
1.750000, -43829.996094, -43829.996094, 72295096.000000, 72295096.000000, -249067.484375, -366063.375000
1.800000, -61432.968750, -61432.968750, 71794080.000000, 71794080.000000, -266835.031250, -389714.562500
1.850000, -59187.968750, -59187.968750, 71307944.000000, 71307944.000000, -319799.875000, -354900.250000
1.900000, 21613.558594, 21613.558594, 70782712.000000, 70782712.000000, -304595.718750, -383814.593750
1.950000, -47191.734375, -47191.734375, 70284696.000000, 70284696.000000, -278834.593750, -342994.281250
2.000000, -44341.941406, -44341.941406, 69969000.000000, 69969000.000000, -365957.218750, -342815.906250
2.050000, 13784.554688, 13784.554688, 69590096.000000, 69590096.000000, -393952.343750, -364589.468750
2.100000, 11049.028320, 11049.028320, 69185888.000000, 69185888.000000, -377958.656250, -370990.000000
2.150000, 24493.537109, 24493.537109, 68996480.000000, 68996480.000000, -347483.781250, -751624.250000
2.200000, -23296.615234, -23296.615234, 68682968.000000, 68682968.000000, -329081.125000, -1184010.000000
2.250000, 1536.612549, 1536.612549, 67917832.000000, 67917832.000000, -402509.593750, -1210122.875000
2.300000, -2767.936035, -2767.936035, 66854312.000000, 66854312.000000, -399367.968750, -1043697.812500
2.350000, -101608.984375, -101608.984375, 65872408.000000, 65872408.000000, -347173.218750, -895213.437500
2.400000, -62265.824219, -62265.824219, 65025504.000000, 65025504.000000, -346055.093750, -583904.812500
2.450000, -43985.375000, -43985.375000, 64305044.000000, 64305044.000000, -358901.468750, 78420.875000
2.500000, -47020.203125, -47020.203125, 63845504.000000, 63845504.000000, -387017.187500, 694794.375000
2.550000, -6159.845703, -6159.845703, 63442704.000000, 63442704.000000, -378275.593750, 1129915.875000
2.600000, -22467.136719, -22467.136719, 63168720.000000, 63168720.000000, -419110.406250, 1513256.875000
2.650000, 19754.105469, 19754.105469, 63084288.000000, 63084288.000000, -438379.875000, 1642734.625000
2.700000, 68116.515625, 68116.515625, 62937772.000000, 62937772.000000, -347277.968750, 1661333.250000
2.750000, 85629.992188, 85629.992188, 62906960.000000, 62906960.000000, -382552.062500, 1629298.250000
2.800000, 89004.695312, 89004.695312, 62848076.000000, 62848076.000000, -449822.625000, 1504845.000000
2.850000, 40702.476562, 40702.476562, 62489564.000000, 62489564.000000, -410757.312500, 1268572.125000
2.900000, 60561.515625, 60561.515625, 62063808.000000, 62063808.000000, -391797.281250, 748978.750000
2.950000, 68945.882812, 68945.882812, 61652332.000000, 61652332.000000, -395565.062500, 349373.125000
3.000000, 25676.548828, 25676.548828, 61131752.000000, 61131752.000000, -417672.718750, 166409.375000
3.050000, 29620.134766, 29620.134766, 60314312.000000, 60314312.000000, -415883.625000, -100688.867188
3.100000, 26745.644531, 26745.644531, 59411768.000000, 59411768.000000, -413712.937500, -383193.437500
3.150000, 33633.929688, 33633.929688, 58669340.000000, 58669340.000000, -445378.500000, -683733.375000
3.200000, 28965.687500, 28965.687500, 57932512.000000, 57932512.000000, -442870.406250, -795672.937500
3.250000, -9787.629883, -9787.629883, 57372964.000000, 57372964.000000, -481741.781250, -746735.000000
3.300000, -27086.132812, -27086.132812, 56846608.000000, 56846608.000000, -515900.312500, -629755.625000
3.350000, -39277.144531, -39277.144531, 56183696.000000, 56183696.000000, -508836.906250, -218966.187500
3.400000, -46296.671875, -46296.671875, 55751320.000000, 55751320.000000, -542944.875000, 131656.937500
3.450000, -61214.464844, -61214.464844, 55357496.000000, 55357496.000000, -534114.750000, 290849.625000
3.500000, -61302.031250, -61302.031250, 54832368.000000, 54832368.000000, -528880.062500, 361391.718750
3.550000, -48210.402344, -48210.402344, 54339152.000000, 54339152.000000, -535312.125000, 276875.625000
3.600000, -56864.589844, -56864.589844, 53844112.000000, 53844112.000000, -468269.031250, 291575.968750
3.650000, -36346.355469, -36346.355469, 53347152.000000, 53347152.000000, -432385.250000, 309159.156250
3.700000, -37380.613281, -37380.613281, 52782356.000000, 52782356.000000, -424677.031250, 303045.312500
3.750000, -60432.023438, -60432.023438, 52235720.000000, 52235720.000000, -411321.250000, 365360.250000
3.800000, -30147.531250, -30147.531250, 51716928.000000, 51716928.000000, -392965.968750, 342197.500000
3.850000, 7927.844238, 7927.844238, 51129500.000000, 51129500.000000, -352505.312500, 393274.062500
3.900000, 41444.195312, 41444.195312, 50613144.000000, 50613144.000000, -362923.531250, 388700.937500
3.950000, 60325.457031, 60325.457031, 50050632.000000, 50050632.000000, -374058.812500, 286344.187500
4.000000, 66241.734375, 66241.734375, 49501028.000000, 49501028.000000, -378421.031250, 319954.843750
4.050000, 65840.335938, 65840.335938, 49096316.000000, 49096316.000000, -423024.031250, 295463.937500
4.100000, 36057.820312, 36057.820312, 48563304.000000, 48563304.000000, -434517.562500, 246006.000000
4.150000, 14099.220703, 14099.220703, 48019072.000000, 48019072.000000, -454314.437500, 252973.671875
4.200000, -26720.865234, -26720.865234, 47590968.000000, 47590968.000000, -458276.031250, 265855.093750
4.250000, -50285.937500, -50285.937500, 47101092.000000, 47101092.000000, -422263.687500, 299934.593750
4.300000, -19511.984375, -19511.984375, 46591212.000000, 46591212.000000, -427280.718750, 253289.296875
4.350000, -38562.988281, -38562.988281, 46096560.000000, 46096560.000000, -422930.031250, 262662.687500
4.400000, -44909.820312, -44909.820312, 45611192.000000, 45611192.000000, -432959.593750, 302476.062500
4.450000, -14105.532227, -14105.532227, 45101272.000000, 45101272.000000, -414024.843750, 254545.281250
4.500000, -23920.261719, -23920.261719, 44550920.000000, 44550920.000000, -349909.937500, 265380.656250
4.550000, -15387.755859, -15387.755859, 44016708.000000, 44016708.000000, -373372.812500, 271590.750000
4.600000, -8472.566406, -8472.566406, 43474428.000000, 43474428.000000, -385401.718750, 270163.843750
4.650000, -20761.158203, -20761.158203, 42996992.000000, 42996992.000000, -401827.250000, 287692.625000
4.700000, -16185.560547, -16185.560547, 42519676.000000, 42519676.000000, -428079.250000, 274742.625000
4.750000, -17026.765625, -17026.765625, 41948904.000000, 41948904.000000, -396696.312500, 285327.125000
4.800000, -11767.655273, -11767.655273, 41494944.000000, 41494944.000000, -464320.093750, 274793.875000
4.850000, -17370.796875, -17370.796875, 41070408.000000, 41070408.000000, -480484.500000, 292468.562500
4.900000, -12066.161133, -12066.161133, 40516820.000000, 40516820.000000, -424713.593750, 305180.343750
4.950000, 23529.214844, 23529.214844, 40008168.000000, 40008168.000000, -472887.968750, 248880.515625
5.000000, 19190.416016, 19190.416016, 39524424.000000, 39524424.000000, -457994.093750, 251683.203125
5.050000, 2170.758301, 2170.758301, 38993104.000000, 38993104.000000, -431211.406250, 247566.500000
5.100000, 375.236237, 375.236237, 38466604.000000, 38466604.000000, -441120.062500, 235052.921875
5.150000, -550.075562, -550.075562, 37934376.000000, 37934376.000000, -437705.593750, 263184.593750
5.200000, 14083.333008, 14083.333008, 37411344.000000, 37411344.000000, -471201.250000, 280222.906250
5.250000, 12455.757812, 12455.757812, 36889956.000000, 36889956.000000, -437512.812500, 325520.968750
5.300000, 9833.799805, 9833.799805, 36370216.000000, 36370216.000000, -432750.906250, 312666.937500
5.350000, 25881.183594, 25881.183594, 35831848.000000, 35831848.000000, -441836.718750, 274557.250000
5.400000, 26784.779297, 26784.779297, 35290800.000000, 35290800.000000, -387543.312500, 286112.031250
5.450000, 19649.546875, 19649.546875, 34822908.000000, 34822908.000000, -439405.656250, 265129.906250
5.500000, -43.546448, -43.546448, 34270264.000000, 34270264.000000, -468485.531250, 282002.781250
5.550000, -19619.783203, -19619.783203, 33701340.000000, 33701340.000000, -465438.281250, 301292.281250
5.600000, -7927.365234, -7927.365234, 33304564.000000, 33304564.000000, -430383.406250, 290114.000000
5.650000, -5525.024414, -5525.024414, 32836946.000000, 32836946.000000, -128449.406250, 324695.843750
5.700000, -31949.591797, -31949.591797, 32275198.000000, 32275198.000000, 256639.281250, 333029.718750
5.750000, -43372.796875, -43372.796875, 31750148.000000, 31750148.000000, 530560.750000, 334730.937500
5.800000, -23308.021484, -23308.021484, 31164870.000000, 31164870.000000, 693984.562500, 335483.562500
5.850000, -241.520630, -241.520630, 30533080.000000, 30533080.000000, 700018.937500, 308436.562500
5.900000, 3742.043701, 3742.043701, 29850196.000000, 29850196.000000, 527282.687500, 313102.593750
5.950000, -3485.204590, -3485.204590, 28990388.000000, 28990388.000000, 202755.343750, 307829.406250
6.000000, -5249.299805, -5249.299805, 28061088.000000, 28061088.000000, -75254.625000, 287346.781250
6.050000, 1960.812378, 1960.812378, 27396454.000000, 27396454.000000, -295099.156250, 264466.781250
6.100000, 3636.547363, 3636.547363, 26941096.000000, 26941096.000000, -682856.812500, 238817.890625
6.150000, -8407.014648, -8407.014648, 26455286.000000, 26455286.000000, -1181502.125000, 245210.406250
6.200000, -25125.804688, -25125.804688, 26083528.000000, 26083528.000000, -1565778.125000, 239771.703125
6.250000, -33686.132812, -33686.132812, 25882644.000000, 25882644.000000, -1766305.000000, 230637.640625
6.300000, -26546.572266, -26546.572266, 25762504.000000, 25762504.000000, -1838419.125000, 226640.578125
6.350000, -14765.709961, -14765.709961, 25747354.000000, 25747354.000000, -1855819.125000, 213557.046875
6.400000, -9794.272461, -9794.272461, 25720796.000000, 25720796.000000, -1797993.750000, 242868.343750
6.450000, -11712.930664, -11712.930664, 25535014.000000, 25535014.000000, -1558024.000000, 267413.125000
6.500000, -12218.326172, -12218.326172, 25262308.000000, 25262308.000000, -1171138.500000, 249564.375000
6.550000, 4464.611816, 4464.611816, 24899238.000000, 24899238.000000, -629903.125000, 238280.718750
6.600000, 19406.070312, 19406.070312, 24291724.000000, 24291724.000000, 85987.000000, 233298.562500
6.650000, 11678.008789, 11678.008789, 23561828.000000, 23561828.000000, 589090.562500, 225607.781250
6.700000, 5468.721680, 5468.721680, 22724488.000000, 22724488.000000, 801139.875000, 222450.484375
6.750000, 7826.664062, 7826.664062, 21610314.000000, 21610314.000000, 1091422.500000, 217485.062500
6.800000, 8495.701172, 8495.701172, 20608488.000000, 20608488.000000, 1237176.000000, 196906.453125
6.850000, 8536.801758, 8536.801758, 20053038.000000, 20053038.000000, 945515.562500, 188102.859375
6.900000, 4274.029297, 4274.029297, 19722256.000000, 19722256.000000, 563178.750000, 198163.406250
6.950000, 1769.658081, 1769.658081, 19428650.000000, 19428650.000000, 373997.312500, 184298.875000
7.000000, 3155.731934, 3155.731934, 19084952.000000, 19084952.000000, 332114.500000, 177258.718750
7.050000, 2160.533203, 2160.533203, 18691924.000000, 18691924.000000, 339405.593750, 190874.437500
7.100000, 2433.785889, 2433.785889, 18263074.000000, 18263074.000000, 329496.937500, 183376.843750
7.150000, 3019.677002, 3019.677002, 17776514.000000, 17776514.000000, 321965.531250, 161031.750000
7.200000, 2826.116211, 2826.116211, 17307694.000000, 17307694.000000, 321338.218750, 145919.156250
7.250000, 2561.756104, 2561.756104, 16825600.000000, 16825600.000000, 301097.531250, 153597.687500
7.300000, 2331.898682, 2331.898682, 16334096.000000, 16334096.000000, 285850.531250, 159755.718750
7.350000, 4183.175293, 4183.175293, 15888138.000000, 15888138.000000, 276781.593750, 151359.578125
7.400000, 3273.171387, 3273.171387, 15419167.000000, 15419167.000000, 259651.578125, 154596.671875
7.450000, 1363.672852, 1363.672852, 14953663.000000, 14953663.000000, 238015.203125, 155999.140625
7.500000, 2496.527588, 2496.527588, 14489372.000000, 14489372.000000, 226106.031250, 159651.625000
7.550000, 2625.834717, 2625.834717, 14004179.000000, 14004179.000000, 232233.156250, 159965.859375
7.600000, 2386.354736, 2386.354736, 13541988.000000, 13541988.000000, 221909.812500, 140880.546875
7.650000, 1899.686279, 1899.686279, 13059371.000000, 13059371.000000, 200068.062500, 135273.046875
7.700000, 1642.796265, 1642.796265, 12592236.000000, 12592236.000000, 189613.843750, 136538.156250
7.750000, 2568.747559, 2568.747559, 12154198.000000, 12154198.000000, 183358.671875, 137070.125000
7.800000, 2436.304688, 2436.304688, 11684447.000000, 11684447.000000, 187121.093750, 134080.609375
7.850000, 3167.777100, 3167.777100, 11214858.000000, 11214858.000000, 184635.734375, 118146.992188
7.900000, 3189.019287, 3189.019287, 10738123.000000, 10738123.000000, 179101.578125, 128388.250000
7.950000, 1592.224487, 1592.224487, 10272845.000000, 10272845.000000, 187755.562500, 138175.625000
8.000000, 2069.450439, 2069.450439, 9815643.000000, 9815643.000000, 185611.281250, 119917.218750
8.050000, 2435.722412, 2435.722412, 9319105.000000, 9319105.000000, 172926.171875, 114609.351562
8.100000, 2084.953857, 2084.953857, 8852248.000000, 8852248.000000, 159470.468750, 110874.898438
8.150000, 1848.491943, 1848.491943, 8387595.500000, 8387595.500000, 145898.437500, 104292.921875
8.200000, 753.751648, 753.751648, 7898732.000000, 7898732.000000, 139601.375000, 97738.976562
8.250000, 671.419067, 671.419067, 7432368.000000, 7432368.000000, 131871.890625, 76445.773438
8.300000, 1351.710205, 1351.710205, 6954623.000000, 6954623.000000, 125902.984375, 62582.781250
8.350000, 1573.483521, 1573.483521, 6501219.500000, 6501219.500000, 117706.289062, 57745.875000
8.400000, 1171.708374, 1171.708374, 6028292.000000, 6028292.000000, 98130.453125, 58999.582031
8.450000, 538.106628, 538.106628, 5524114.000000, 5524114.000000, 87906.015625, 62159.628906
8.500000, 918.871521, 918.871521, 5072140.000000, 5072140.000000, 91250.664062, 48497.140625
8.550000, 821.871033, 821.871033, 4591919.000000, 4591919.000000, 87906.406250, 38865.457031
8.600000, 382.044769, 382.044769, 4126832.750000, 4126832.750000, 67958.117188, 37249.757812
8.650000, 873.844177, 873.844177, 3663142.000000, 3663142.000000, 52099.535156, 34223.613281
8.700000, 343.842896, 343.842896, 3157174.750000, 3157174.750000, 48637.785156, 36732.917969
8.750000, -399.612885, -399.612885, 2721195.250000, 2721195.250000, 31581.849609, 25308.314453
8.800000, 152.649323, 152.649323, 2211889.000000, 2211889.000000, 16702.703125, 7660.137207
8.850000, 281.650635, 281.650635, 1720841.500000, 1720841.500000, 15944.632812, 8762.951172
8.900000, -121.644760, -121.644760, 1358098.500000, 1358098.500000, 1014.544922, 10460.501953
8.950000, -104.398331, -104.398331, 786117.187500, 786117.187500, -12267.220703, 3423.593262
9.000000, 1.893417, 1.893417, 200545.203125, 200545.203125, -5910.806152, -64.240944
