Time 1XX 1ZZ 2XX 2ZZ 1X2Z 1Z2X 
-9.350000, 0.000000, 0.000000, 0.000000, 0.000000, 0.000000, 0.000000
-9.300000, 85.017967, 85.017967, 204882.828125, 204882.828125, 3589.236816, 4853.042969
-9.250000, 548.607422, 548.607422, 794139.937500, 794139.937500, 19995.339844, 23090.744141
-9.200000, 1356.584961, 1356.584961, 1369383.000000, 1369383.000000, 48147.687500, 37518.867188
-9.150000, 1840.779785, 1840.779785, 1768370.125000, 1768370.125000, 69806.757812, 43272.644531
-9.100000, 2119.567383, 2119.567383, 2312768.750000, 2312768.750000, 82433.710938, 66005.609375
-9.050000, 2877.321045, 2877.321045, 2845521.750000, 2845521.750000, 101594.562500, 79207.648438
-9.000000, 3311.117920, 3311.117920, 3291204.250000, 3291204.250000, 125855.867188, 74499.953125
-8.950000, 3044.199219, 3044.199219, 3799460.750000, 3799460.750000, 147738.500000, 76546.148438
-8.900000, 2958.367432, 2958.367432, 4269047.500000, 4269047.500000, 172669.421875, 67624.195312
-8.850000, 3227.710205, 3227.710205, 4763814.000000, 4763814.000000, 204608.687500, 66188.953125
-8.800000, 3427.824707, 3427.824707, 5273941.000000, 5273941.000000, 225006.156250, 72999.343750
-8.750000, 3010.241943, 3010.241943, 5752598.500000, 5752598.500000, 229615.171875, 70899.867188
-8.700000, 3399.413574, 3399.413574, 6259407.000000, 6259407.000000, 256789.406250, 72360.031250
-8.650000, 3714.010010, 3714.010010, 6727051.000000, 6727051.000000, 294817.875000, 58128.050781
-8.600000, 2112.123291, 2112.123291, 7216747.500000, 7216747.500000, 311090.718750, 59634.875000
-8.550000, 2466.242920, 2466.242920, 7726107.500000, 7726107.500000, 327028.312500, 70759.109375
-8.500000, 3003.601562, 3003.601562, 8212300.500000, 8212300.500000, 342372.750000, 47869.042969
-8.450000, 1929.440552, 1929.440552, 8712427.000000, 8712427.000000, 364093.937500, 46136.265625
-8.400000, 2810.681885, 2810.681885, 9184725.000000, 9184725.000000, 400521.312500, 59298.187500
-8.350000, 2869.656250, 2869.656250, 9701839.000000, 9701839.000000, 426410.812500, 64867.121094
-8.300000, 3214.035889, 3214.035889, 10216632.000000, 10216632.000000, 453140.281250, 77446.453125
-8.250000, 4177.887207, 4177.887207, 10676230.000000, 10676230.000000, 486281.281250, 75783.046875
-8.200000, 4414.852051, 4414.852051, 11189198.000000, 11189198.000000, 517265.375000, 86791.453125
-8.150000, 5683.255859, 5683.255859, 11690303.000000, 11690303.000000, 531979.687500, 97113.757812
-8.100000, 3308.035889, 3308.035889, 12180762.000000, 12180762.000000, 538771.937500, 71817.609375
-8.050000, 2386.807129, 2386.807129, 12681807.000000, 12681807.000000, 580151.437500, 55621.875000
-8.000000, 3818.480957, 3818.480957, 13163405.000000, 13163405.000000, 605195.500000, 64580.902344
-7.950000, 2347.120850, 2347.120850, 13668163.000000, 13668163.000000, 607711.937500, 78941.484375
-7.900000, 4619.407715, 4619.407715, 14146488.000000, 14146488.000000, 644170.312500, 86333.296875
-7.850000, 4548.978027, 4548.978027, 14637854.000000, 14637854.000000, 669386.687500, 97970.046875
-7.800000, 3826.055176, 3826.055176, 15140812.000000, 15140812.000000, 691937.187500, 122749.023438
-7.750000, 7354.204102, 7354.204102, 15606060.000000, 15606060.000000, 723154.125000, 122721.828125
-7.700000, 4376.188477, 4376.188477, 16116970.000000, 16116970.000000, 740525.750000, 96679.546875
-7.650000, 2986.237793, 2986.237793, 16617428.000000, 16617428.000000, 780829.812500, 85441.710938
-7.600000, 5080.379883, 5080.379883, 17092822.000000, 17092822.000000, 809798.312500, 90393.085938
-7.550000, 5236.000977, 5236.000977, 17590330.000000, 17590330.000000, 821394.437500, 93972.562500
-7.500000, 6167.370117, 6167.370117, 18085042.000000, 18085042.000000, 851233.500000, 90864.664062
-7.450000, 2934.602295, 2934.602295, 18588104.000000, 18588104.000000, 873425.812500, 91060.570312
-7.400000, 4242.335449, 4242.335449, 19064652.000000, 19064652.000000, 892308.625000, 101202.250000
-7.350000, 7526.353516, 7526.353516, 19557288.000000, 19557288.000000, 906196.187500, 103840.921875
-7.300000, 3107.672363, 3107.672363, 20064096.000000, 20064096.000000, 923182.687500, 99581.445312
-7.250000, 3133.346680, 3133.346680, 20529638.000000, 20529638.000000, 944121.250000, 100676.132812
-7.200000, 4363.444336, 4363.444336, 21013936.000000, 21013936.000000, 954432.500000, 94291.648438
-7.150000, 3613.251953, 3613.251953, 21468370.000000, 21468370.000000, 989623.687500, 74475.750000
-7.100000, 2672.688965, 2672.688965, 21879120.000000, 21879120.000000, 1009889.125000, 55614.085938
-7.050000, -271.934082, -271.934082, 22240454.000000, 22240454.000000, 1011820.937500, 120781.960938
-7.000000, 12300.091797, 12300.091797, 22537302.000000, 22537302.000000, 1053136.250000, 454855.281250
-6.950000, 37422.460938, 37422.460938, 23005250.000000, 23005250.000000, 1080616.500000, 1031083.187500
-6.900000, 53302.777344, 53302.777344, 23758374.000000, 23758374.000000, 1098217.375000, 1287744.875000
-6.850000, 48727.457031, 48727.457031, 24677066.000000, 24677066.000000, 1139930.375000, 903121.500000
-6.800000, 21479.894531, 21479.894531, 25596990.000000, 25596990.000000, 1173992.625000, 403782.906250
-6.750000, -3890.914062, -3890.914062, 26371572.000000, 26371572.000000, 1202149.000000, -109755.500000
-6.700000, -22394.656250, -22394.656250, 27015834.000000, 27015834.000000, 1221980.250000, -922387.500000
-6.650000, -46889.742188, -46889.742188, 27497210.000000, 27497210.000000, 1251853.625000, -1548374.500000
-6.600000, -58762.179688, -58762.179688, 27776916.000000, 27776916.000000, 1292959.625000, -1951169.875000
-6.550000, -68294.460938, -68294.460938, 27972442.000000, 27972442.000000, 1303830.750000, -2466053.750000
-6.500000, -102036.914062, -102036.914062, 28121196.000000, 28121196.000000, 1307917.000000, -2750760.250000
-6.450000, -136654.031250, -136654.031250, 28202402.000000, 28202402.000000, 1321278.625000, -2811044.000000
-6.400000, -130937.273438, -130937.273438, 28213374.000000, 28213374.000000, 1319824.250000, -2730535.000000
-6.350000, -94191.257812, -94191.257812, 28240784.000000, 28240784.000000, 1307006.625000, -2314468.000000
-6.300000, -82555.281250, -82555.281250, 28545134.000000, 28545134.000000, 1316376.625000, -1627102.500000
-6.250000, -76363.703125, -76363.703125, 29195346.000000, 29195346.000000, 1350647.375000, -842630.250000
-6.200000, -43511.359375, -43511.359375, 30024458.000000, 30024458.000000, 1370302.125000, -301390.000000
-6.150000, -28787.763672, -28787.763672, 31015166.000000, 31015166.000000, 1394316.250000, -81313.062500
-6.100000, -12947.166992, -12947.166992, 31955332.000000, 31955332.000000, 1429079.750000, -24944.902344
-6.050000, 11505.582031, 11505.582031, 32526110.000000, 32526110.000000, 1435898.125000, -7093.591797
-6.000000, 11648.801758, 11648.801758, 33150038.000000, 33150038.000000, 1440723.375000, -21793.953125
-5.950000, 17662.638672, 17662.638672, 33959068.000000, 33959068.000000, 1469409.500000, -217731.015625
-5.900000, 7348.738770, 7348.738770, 34409576.000000, 34409576.000000, 1511169.000000, -365827.312500
-5.850000, -40188.230469, -40188.230469, 34697888.000000, 34697888.000000, 1546716.875000, -608869.687500
-5.800000, -80132.523438, -80132.523438, 35087444.000000, 35087444.000000, 1558698.375000, -1003050.562500
-5.750000, -78092.835938, -78092.835938, 35551728.000000, 35551728.000000, 1548063.125000, -1019271.500000
-5.700000, -58261.210938, -58261.210938, 36114928.000000, 36114928.000000, 1544109.125000, -927272.687500
-5.650000, -69455.367188, -69455.367188, 36591184.000000, 36591184.000000, 1569184.750000, -891327.875000
-5.600000, -58847.195312, -58847.195312, 37183588.000000, 37183588.000000, 1567874.625000, -804039.750000
-5.550000, -44319.570312, -44319.570312, 37797008.000000, 37797008.000000, 1561266.750000, -860318.937500
-5.500000, -65573.695312, -65573.695312, 38216032.000000, 38216032.000000, 1595264.875000, -833392.000000
-5.450000, -40531.613281, -40531.613281, 38768280.000000, 38768280.000000, 1597243.500000, -779871.125000
-5.400000, -11239.501953, -11239.501953, 39258568.000000, 39258568.000000, 1621637.750000, -813922.750000
-5.350000, 5285.019531, 5285.019531, 39674796.000000, 39674796.000000, 1711640.750000, -745880.312500
-5.300000, 20960.589844, 20960.589844, 40252780.000000, 40252780.000000, 1761560.000000, -717429.250000
-5.250000, -22225.843750, -22225.843750, 40782328.000000, 40782328.000000, 1775376.375000, -718101.437500
-5.200000, -47885.269531, -47885.269531, 41281108.000000, 41281108.000000, 1799778.250000, -666422.812500
-5.150000, -51846.558594, -51846.558594, 41794040.000000, 41794040.000000, 1829554.375000, -650653.625000
-5.100000, -70748.117188, -70748.117188, 42337356.000000, 42337356.000000, 1853308.125000, -638457.187500
-5.050000, -67205.703125, -67205.703125, 42886156.000000, 42886156.000000, 1873084.625000, -585308.062500
-5.000000, -67018.695312, -67018.695312, 43383200.000000, 43383200.000000, 1880338.500000, -513746.562500
-4.950000, -64399.339844, -64399.339844, 43954604.000000, 43954604.000000, 1873284.250000, -490204.750000
-4.900000, -50355.441406, -50355.441406, 44494708.000000, 44494708.000000, 1905198.250000, -480702.687500
-4.850000, -6676.988770, -6676.988770, 44983612.000000, 44983612.000000, 1940917.375000, -451219.781250
-4.800000, 27056.933594, 27056.933594, 45482332.000000, 45482332.000000, 1958575.000000, -420170.937500
-4.750000, 10633.737305, 10633.737305, 45938432.000000, 45938432.000000, 2003237.500000, -381424.718750
-4.700000, 57937.390625, 57937.390625, 46468340.000000, 46468340.000000, 2050781.500000, -376710.562500
-4.650000, 83473.656250, 83473.656250, 47008376.000000, 47008376.000000, 2131391.000000, -309649.156250
-4.600000, 13787.136719, 13787.136719, 47514244.000000, 47514244.000000, 2208634.250000, -215266.781250
-4.550000, -4576.947754, -4576.947754, 48042044.000000, 48042044.000000, 2224987.500000, -215034.781250
-4.500000, -19667.205078, -19667.205078, 48528128.000000, 48528128.000000, 2253147.750000, -173181.578125
-4.450000, -55530.941406, -55530.941406, 49039048.000000, 49039048.000000, 2275112.500000, -120354.125000
-4.400000, -48237.878906, -48237.878906, 49569848.000000, 49569848.000000, 2290555.500000, -86721.531250
-4.350000, -36144.210938, -36144.210938, 50120524.000000, 50120524.000000, 2315220.750000, -40379.734375
-4.300000, -14586.674805, -14586.674805, 50682932.000000, 50682932.000000, 2318083.250000, -56612.464844
-4.250000, -17167.388672, -17167.388672, 51167144.000000, 51167144.000000, 2378717.000000, -42453.574219
-4.200000, -41614.929688, -41614.929688, 51704400.000000, 51704400.000000, 2451039.250000, -19204.933594
-4.150000, -20602.251953, -20602.251953, 52250900.000000, 52250900.000000, 2434585.500000, 696.955078
-4.100000, 6591.080078, 6591.080078, 52722132.000000, 52722132.000000, 2436840.750000, 56170.410156
-4.050000, 14121.216797, 14121.216797, 53244708.000000, 53244708.000000, 2488145.000000, 31400.193359
-4.000000, 28813.722656, 28813.722656, 53792592.000000, 53792592.000000, 2499064.000000, 31123.935547
-3.950000, 47531.148438, 47531.148438, 54321720.000000, 54321720.000000, 2529395.000000, 92803.500000
-3.900000, 26393.535156, 26393.535156, 54776644.000000, 54776644.000000, 2596826.250000, 112958.648438
-3.850000, -7735.947754, -7735.947754, 55258192.000000, 55258192.000000, 2597853.500000, 125398.218750
-3.800000, 8924.822266, 8924.822266, 55807352.000000, 55807352.000000, 2612911.500000, 161897.265625
-3.750000, -6882.645020, -6882.645020, 56260424.000000, 56260424.000000, 2642932.750000, 216942.437500
-3.700000, -34572.324219, -34572.324219, 56856416.000000, 56856416.000000, 2617388.250000, 209964.328125
-3.650000, 17602.226562, 17602.226562, 57471784.000000, 57471784.000000, 2681923.250000, 221267.265625
-3.600000, 46774.582031, 46774.582031, 57885188.000000, 57885188.000000, 2766072.000000, 262904.687500
-3.550000, 52185.535156, 52185.535156, 58439840.000000, 58439840.000000, 2770223.250000, 215830.640625
-3.500000, 78356.335938, 78356.335938, 58906180.000000, 58906180.000000, 2621447.500000, 250452.921875
-3.450000, 58484.417969, 58484.417969, 59163244.000000, 59163244.000000, 2224188.500000, 316734.343750
-3.400000, 47495.921875, 47495.921875, 59553700.000000, 59553700.000000, 2009604.125000, 295756.781250
-3.350000, 64334.292969, 64334.292969, 60176736.000000, 60176736.000000, 1986287.750000, 310637.093750
-3.300000, 25189.654297, 25189.654297, 61014388.000000, 61014388.000000, 1820382.250000, 336896.906250
-3.250000, -8579.558594, -8579.558594, 61600392.000000, 61600392.000000, 1810037.375000, 354518.750000
-3.200000, 40815.019531, 40815.019531, 62176244.000000, 62176244.000000, 1897095.250000, 342899.281250
-3.150000, 71957.890625, 71957.890625, 63325724.000000, 63325724.000000, 1998037.250000, 368026.781250
-3.100000, 57314.863281, 57314.863281, 64299948.000000, 64299948.000000, 2425590.250000, 424852.906250
-3.050000, 100060.757812, 100060.757812, 64842280.000000, 64842280.000000, 3109462.750000, 384877.718750
-3.000000, 104318.914062, 104318.914062, 65318356.000000, 65318356.000000, 3875108.750000, 465467.093750
-2.950000, 26644.351562, 26644.351562, 65482900.000000, 65482900.000000, 4420578.500000, 591415.937500
-2.900000, 37465.074219, 37465.074219, 65453232.000000, 65453232.000000, 4586626.000000, 547116.625000
-2.850000, 81628.203125, 81628.203125, 65521288.000000, 65521288.000000, 4570333.500000, 549593.687500
-2.800000, 40121.019531, 40121.019531, 65684420.000000, 65684420.000000, 4379109.500000, 569808.437500
-2.750000, -1877.283813, -1877.283813, 65898024.000000, 65898024.000000, 3958183.750000, 519282.062500
-2.700000, -24940.951172, -24940.951172, 66136220.000000, 66136220.000000, 3409139.750000, 520089.906250
-2.650000, -90366.460938, -90366.460938, 66548316.000000, 66548316.000000, 2928456.500000, 616062.875000
-2.600000, -119771.085938, -119771.085938, 67188456.000000, 67188456.000000, 2259865.500000, 675372.687500
-2.550000, -62456.992188, -62456.992188, 67935968.000000, 67935968.000000, 1439208.375000, 574233.875000
-2.500000, -63379.121094, -63379.121094, 68769960.000000, 68769960.000000, 1085569.875000, 558555.625000
-2.450000, -108082.164062, -108082.164062, 69700496.000000, 69700496.000000, 741466.000000, 617679.687500
-2.400000, -66969.218750, -66969.218750, 70514424.000000, 70514424.000000, 481523.562500, 587446.562500
-2.350000, 16475.158203, 16475.158203, 71028736.000000, 71028736.000000, 1115350.375000, 677630.375000
-2.300000, 79767.343750, 79767.343750, 71368424.000000, 71368424.000000, 1772526.000000, 792625.625000
-2.250000, 35262.375000, 35262.375000, 71678392.000000, 71678392.000000, 1870098.375000, 854688.000000
-2.200000, -11478.725586, -11478.725586, 72105464.000000, 72105464.000000, 1873940.375000, 885864.687500
-2.150000, 85537.273438, 85537.273438, 72592056.000000, 72592056.000000, 1865461.625000, 790717.875000
-2.100000, 83191.429688, 83191.429688, 72984808.000000, 72984808.000000, 1874574.500000, 853793.125000
-2.050000, -3533.165283, -3533.165283, 73438032.000000, 73438032.000000, 1834256.000000, 975011.125000
-2.000000, 18483.835938, 18483.835938, 73953944.000000, 73953944.000000, 1787805.875000, 941316.562500
-1.950000, 28066.810547, 28066.810547, 74492992.000000, 74492992.000000, 1787313.625000, 1006737.250000
-1.900000, 18424.986328, 18424.986328, 75020016.000000, 75020016.000000, 1791571.125000, 1046839.875000
-1.850000, -17339.986328, -17339.986328, 75444480.000000, 75444480.000000, 1865014.875000, 1012181.875000
-1.800000, -83201.531250, -83201.531250, 75968144.000000, 75968144.000000, 1810805.750000, 1006125.312500
-1.750000, -59890.214844, -59890.214844, 76507000.000000, 76507000.000000, 1732021.625000, 991946.250000
-1.700000, -21462.505859, -21462.505859, 76955216.000000, 76955216.000000, 1736375.750000, 1086594.125000
-1.650000, 24199.810547, 24199.810547, 77489600.000000, 77489600.000000, 1676940.875000, 1132489.250000
-1.600000, 100977.476562, 100977.476562, 78029624.000000, 78029624.000000, 1705080.250000, 1084076.625000
-1.550000, 73449.710938, 73449.710938, 78529192.000000, 78529192.000000, 1726946.625000, 1080623.500000
-1.500000, 34528.160156, 34528.160156, 78961504.000000, 78961504.000000, 1724763.500000, 1062109.625000
-1.450000, 97603.609375, 97603.609375, 79404408.000000, 79404408.000000, 1786121.000000, 1106200.500000
-1.400000, 108844.507812, 108844.507812, 79933928.000000, 79933928.000000, 1792850.750000, 1227922.375000
-1.350000, 137617.546875, 137617.546875, 80397688.000000, 80397688.000000, 1873370.875000, 1342395.250000
-1.300000, 262892.093750, 262892.093750, 80950840.000000, 80950840.000000, 1980893.500000, 1300084.125000
-1.250000, 129969.843750, 129969.843750, 81549248.000000, 81549248.000000, 2108835.500000, 1190911.250000
-1.200000, -330103.531250, -330103.531250, 82019336.000000, 82019336.000000, 2255080.250000, 1162173.125000
-1.150000, -771699.312500, -771699.312500, 82456912.000000, 82456912.000000, 2133058.250000, 942858.937500
-1.100000, -775449.625000, -775449.625000, 82747960.000000, 82747960.000000, 1854722.000000, 973700.062500
-1.050000, -233192.046875, -233192.046875, 82990224.000000, 82990224.000000, 1468182.625000, 1571143.000000
-1.000000, 230088.890625, 230088.890625, 83388312.000000, 83388312.000000, 1061845.500000, 2040172.500000
-0.950000, 626054.750000, 626054.750000, 83975144.000000, 83975144.000000, 995972.812500, 2148740.500000
-0.900000, 1266371.000000, 1266371.000000, 84668328.000000, 84668328.000000, 1036098.750000, 2186097.750000
-0.850000, 1581896.250000, 1581896.250000, 85351192.000000, 85351192.000000, 1046816.000000, 2524207.750000
-0.800000, 1863107.250000, 1863107.250000, 86284888.000000, 86284888.000000, 1280202.250000, 2609799.500000
-0.750000, 2451054.250000, 2451054.250000, 87397912.000000, 87397912.000000, 1704453.125000, 1770245.000000
-0.700000, 2466239.500000, 2466239.500000, 88361848.000000, 88361848.000000, 2412822.250000, 840041.062500
-0.650000, 1575277.625000, 1575277.625000, 88989216.000000, 88989216.000000, 3441827.250000, -107631.859375
-0.600000, 20980.265625, 20980.265625, 89095648.000000, 89095648.000000, 4369503.500000, -1207690.625000
-0.550000, -1914098.375000, -1914098.375000, 88880224.000000, 88880224.000000, 4823724.500000, -1451890.625000
-0.500000, -3734701.500000, -3734701.500000, 88274464.000000, 88274464.000000, 4560731.000000, -875407.375000
-0.450000, -4901554.500000, -4901554.500000, 87581296.000000, 87581296.000000, 3565616.500000, -10064.007812
-0.400000, -5162715.500000, -5162715.500000, 87432264.000000, 87432264.000000, 2196182.750000, 1209570.250000
-0.350000, -4626920.000000, -4626920.000000, 87577472.000000, 87577472.000000, 683685.437500, 2834957.250000
-0.300000, -3523001.750000, -3523001.750000, 88160512.000000, 88160512.000000, -556649.687500, 4438935.500000
-0.250000, -2191683.500000, -2191683.500000, 89319408.000000, 89319408.000000, -1308922.500000, 5551592.000000
-0.200000, -142170.578125, -142170.578125, 90940624.000000, 90940624.000000, -2138896.750000, 6377461.000000
-0.150000, 2541620.000000, 2541620.000000, 92906488.000000, 92906488.000000, -2632613.500000, 6705105.500000
-0.100000, 4875868.500000, 4875868.500000, 94721792.000000, 94721792.000000, -2012068.250000, 5997741.500000
-0.050000, 7535375.500000, 7535375.500000, 96865808.000000, 96865808.000000, -595809.312500, 4153224.000000
0.000000, 9170584.000000, 9170584.000000, 98321328.000000, 98321328.000000, 1590275.000000, 1590275.000000
0.050000, 7535375.500000, 7535375.500000, 96865808.000000, 96865808.000000, 4153224.000000, -595809.312500
0.100000, 4875868.500000, 4875868.500000, 94721792.000000, 94721792.000000, 5997741.500000, -2012068.250000
0.150000, 2541620.000000, 2541620.000000, 92906488.000000, 92906488.000000, 6705105.500000, -2632613.500000
0.200000, -142170.578125, -142170.578125, 90940624.000000, 90940624.000000, 6377461.000000, -2138896.750000
0.250000, -2191683.500000, -2191683.500000, 89319408.000000, 89319408.000000, 5551592.000000, -1308922.500000
0.300000, -3523001.750000, -3523001.750000, 88160512.000000, 88160512.000000, 4438935.500000, -556649.687500
0.350000, -4626920.000000, -4626920.000000, 87577472.000000, 87577472.000000, 2834957.250000, 683685.437500
0.400000, -5162715.500000, -5162715.500000, 87432264.000000, 87432264.000000, 1209570.250000, 2196182.750000
0.450000, -4901554.500000, -4901554.500000, 87581296.000000, 87581296.000000, -10064.007812, 3565616.500000
0.500000, -3734701.500000, -3734701.500000, 88274464.000000, 88274464.000000, -875407.375000, 4560731.000000
0.550000, -1914098.375000, -1914098.375000, 88880224.000000, 88880224.000000, -1451890.625000, 4823724.500000
0.600000, 20980.265625, 20980.265625, 89095648.000000, 89095648.000000, -1207690.625000, 4369503.500000
0.650000, 1575277.625000, 1575277.625000, 88989216.000000, 88989216.000000, -107631.859375, 3441827.250000
0.700000, 2466239.500000, 2466239.500000, 88361848.000000, 88361848.000000, 840041.062500, 2412822.250000
0.750000, 2451054.250000, 2451054.250000, 87397912.000000, 87397912.000000, 1770245.000000, 1704453.125000
0.800000, 1863107.250000, 1863107.250000, 86284888.000000, 86284888.000000, 2609799.500000, 1280202.250000
0.850000, 1581896.250000, 1581896.250000, 85351192.000000, 85351192.000000, 2524207.750000, 1046816.000000
0.900000, 1266371.000000, 1266371.000000, 84668328.000000, 84668328.000000, 2186097.750000, 1036098.750000
0.950000, 626054.750000, 626054.750000, 83975144.000000, 83975144.000000, 2148740.500000, 995972.812500
1.000000, 230088.890625, 230088.890625, 83388312.000000, 83388312.000000, 2040172.500000, 1061845.500000
1.050000, -233192.046875, -233192.046875, 82990224.000000, 82990224.000000, 1571143.000000, 1468182.625000
1.100000, -775449.625000, -775449.625000, 82747960.000000, 82747960.000000, 973700.062500, 1854722.000000
1.150000, -771699.312500, -771699.312500, 82456912.000000, 82456912.000000, 942858.937500, 2133058.250000
1.200000, -330103.531250, -330103.531250, 82019336.000000, 82019336.000000, 1162173.125000, 2255080.250000
1.250000, 129969.843750, 129969.843750, 81549248.000000, 81549248.000000, 1190911.250000, 2108835.500000
1.300000, 262892.093750, 262892.093750, 80950840.000000, 80950840.000000, 1300084.125000, 1980893.500000
1.350000, 137617.546875, 137617.546875, 80397688.000000, 80397688.000000, 1342395.250000, 1873370.875000
1.400000, 108844.507812, 108844.507812, 79933928.000000, 79933928.000000, 1227922.375000, 1792850.750000
1.450000, 97603.609375, 97603.609375, 79404408.000000, 79404408.000000, 1106200.500000, 1786121.000000
1.500000, 34528.160156, 34528.160156, 78961504.000000, 78961504.000000, 1062109.625000, 1724763.500000
1.550000, 73449.710938, 73449.710938, 78529192.000000, 78529192.000000, 1080623.500000, 1726946.625000
1.600000, 100977.476562, 100977.476562, 78029624.000000, 78029624.000000, 1084076.625000, 1705080.250000
1.650000, 24199.810547, 24199.810547, 77489600.000000, 77489600.000000, 1132489.250000, 1676940.875000
1.700000, -21462.505859, -21462.505859, 76955216.000000, 76955216.000000, 1086594.125000, 1736375.750000
1.750000, -59890.214844, -59890.214844, 76507000.000000, 76507000.000000, 991946.250000, 1732021.625000
1.800000, -83201.531250, -83201.531250, 75968144.000000, 75968144.000000, 1006125.312500, 1810805.750000
1.850000, -17339.986328, -17339.986328, 75444480.000000, 75444480.000000, 1012181.875000, 1865014.875000
1.900000, 18424.986328, 18424.986328, 75020016.000000, 75020016.000000, 1046839.875000, 1791571.125000
1.950000, 28066.810547, 28066.810547, 74492992.000000, 74492992.000000, 1006737.250000, 1787313.625000
2.000000, 18483.835938, 18483.835938, 73953944.000000, 73953944.000000, 941316.562500, 1787805.875000
2.050000, -3533.165283, -3533.165283, 73438032.000000, 73438032.000000, 975011.125000, 1834256.000000
2.100000, 83191.429688, 83191.429688, 72984808.000000, 72984808.000000, 853793.125000, 1874574.500000
2.150000, 85537.273438, 85537.273438, 72592056.000000, 72592056.000000, 790717.875000, 1865461.625000
2.200000, -11478.725586, -11478.725586, 72105464.000000, 72105464.000000, 885864.687500, 1873940.375000
2.250000, 35262.375000, 35262.375000, 71678392.000000, 71678392.000000, 854688.000000, 1870098.375000
2.300000, 79767.343750, 79767.343750, 71368424.000000, 71368424.000000, 792625.625000, 1772526.000000
2.350000, 16475.158203, 16475.158203, 71028736.000000, 71028736.000000, 677630.375000, 1115350.375000
2.400000, -66969.218750, -66969.218750, 70514424.000000, 70514424.000000, 587446.562500, 481523.562500
2.450000, -108082.164062, -108082.164062, 69700496.000000, 69700496.000000, 617679.687500, 741466.000000
2.500000, -63379.121094, -63379.121094, 68769960.000000, 68769960.000000, 558555.625000, 1085569.875000
2.550000, -62456.992188, -62456.992188, 67935968.000000, 67935968.000000, 574233.875000, 1439208.375000
2.600000, -119771.085938, -119771.085938, 67188456.000000, 67188456.000000, 675372.687500, 2259865.500000
2.650000, -90366.460938, -90366.460938, 66548316.000000, 66548316.000000, 616062.875000, 2928456.500000
2.700000, -24940.951172, -24940.951172, 66136220.000000, 66136220.000000, 520089.906250, 3409139.750000
2.750000, -1877.283813, -1877.283813, 65898024.000000, 65898024.000000, 519282.062500, 3958183.750000
2.800000, 40121.019531, 40121.019531, 65684420.000000, 65684420.000000, 569808.437500, 4379109.500000
2.850000, 81628.203125, 81628.203125, 65521288.000000, 65521288.000000, 549593.687500, 4570333.500000
2.900000, 37465.074219, 37465.074219, 65453232.000000, 65453232.000000, 547116.625000, 4586626.000000
2.950000, 26644.351562, 26644.351562, 65482900.000000, 65482900.000000, 591415.937500, 4420578.500000
3.000000, 104318.914062, 104318.914062, 65318356.000000, 65318356.000000, 465467.093750, 3875108.750000
3.050000, 100060.757812, 100060.757812, 64842280.000000, 64842280.000000, 384877.718750, 3109462.750000
3.100000, 57314.863281, 57314.863281, 64299948.000000, 64299948.000000, 424852.906250, 2425590.250000
3.150000, 71957.890625, 71957.890625, 63325724.000000, 63325724.000000, 368026.781250, 1998037.250000
3.200000, 40815.019531, 40815.019531, 62176244.000000, 62176244.000000, 342899.281250, 1897095.250000
3.250000, -8579.558594, -8579.558594, 61600392.000000, 61600392.000000, 354518.750000, 1810037.375000
3.300000, 25189.654297, 25189.654297, 61014388.000000, 61014388.000000, 336896.906250, 1820382.250000
3.350000, 64334.292969, 64334.292969, 60176736.000000, 60176736.000000, 310637.093750, 1986287.750000
3.400000, 47495.921875, 47495.921875, 59553700.000000, 59553700.000000, 295756.781250, 2009604.125000
3.450000, 58484.417969, 58484.417969, 59163244.000000, 59163244.000000, 316734.343750, 2224188.500000
3.500000, 78356.335938, 78356.335938, 58906180.000000, 58906180.000000, 250452.921875, 2621447.500000
3.550000, 52185.535156, 52185.535156, 58439840.000000, 58439840.000000, 215830.640625, 2770223.250000
3.600000, 46774.582031, 46774.582031, 57885188.000000, 57885188.000000, 262904.687500, 2766072.000000
3.650000, 17602.226562, 17602.226562, 57471784.000000, 57471784.000000, 221267.265625, 2681923.250000
3.700000, -34572.324219, -34572.324219, 56856416.000000, 56856416.000000, 209964.328125, 2617388.250000
3.750000, -6882.645020, -6882.645020, 56260424.000000, 56260424.000000, 216942.437500, 2642932.750000
3.800000, 8924.822266, 8924.822266, 55807352.000000, 55807352.000000, 161897.265625, 2612911.500000
3.850000, -7735.947754, -7735.947754, 55258192.000000, 55258192.000000, 125398.218750, 2597853.500000
3.900000, 26393.535156, 26393.535156, 54776644.000000, 54776644.000000, 112958.648438, 2596826.250000
3.950000, 47531.148438, 47531.148438, 54321720.000000, 54321720.000000, 92803.500000, 2529395.000000
4.000000, 28813.722656, 28813.722656, 53792592.000000, 53792592.000000, 31123.935547, 2499064.000000
4.050000, 14121.216797, 14121.216797, 53244708.000000, 53244708.000000, 31400.193359, 2488145.000000
4.100000, 6591.080078, 6591.080078, 52722132.000000, 52722132.000000, 56170.410156, 2436840.750000
4.150000, -20602.251953, -20602.251953, 52250900.000000, 52250900.000000, 696.955078, 2434585.500000
4.200000, -41614.929688, -41614.929688, 51704400.000000, 51704400.000000, -19204.933594, 2451039.250000
4.250000, -17167.388672, -17167.388672, 51167144.000000, 51167144.000000, -42453.574219, 2378717.000000
4.300000, -14586.674805, -14586.674805, 50682932.000000, 50682932.000000, -56612.464844, 2318083.250000
4.350000, -36144.210938, -36144.210938, 50120524.000000, 50120524.000000, -40379.734375, 2315220.750000
4.400000, -48237.878906, -48237.878906, 49569848.000000, 49569848.000000, -86721.531250, 2290555.500000
4.450000, -55530.941406, -55530.941406, 49039048.000000, 49039048.000000, -120354.125000, 2275112.500000
4.500000, -19667.205078, -19667.205078, 48528128.000000, 48528128.000000, -173181.578125, 2253147.750000
4.550000, -4576.947754, -4576.947754, 48042044.000000, 48042044.000000, -215034.781250, 2224987.500000
4.600000, 13787.136719, 13787.136719, 47514244.000000, 47514244.000000, -215266.781250, 2208634.250000
4.650000, 83473.656250, 83473.656250, 47008376.000000, 47008376.000000, -309649.156250, 2131391.000000
4.700000, 57937.390625, 57937.390625, 46468340.000000, 46468340.000000, -376710.562500, 2050781.500000
4.750000, 10633.737305, 10633.737305, 45938432.000000, 45938432.000000, -381424.718750, 2003237.500000
4.800000, 27056.933594, 27056.933594, 45482332.000000, 45482332.000000, -420170.937500, 1958575.000000
4.850000, -6676.988770, -6676.988770, 44983612.000000, 44983612.000000, -451219.781250, 1940917.375000
4.900000, -50355.441406, -50355.441406, 44494708.000000, 44494708.000000, -480702.687500, 1905198.250000
4.950000, -64399.339844, -64399.339844, 43954604.000000, 43954604.000000, -490204.750000, 1873284.250000
5.000000, -67018.695312, -67018.695312, 43383200.000000, 43383200.000000, -513746.562500, 1880338.500000
5.050000, -67205.703125, -67205.703125, 42886156.000000, 42886156.000000, -585308.062500, 1873084.625000
5.100000, -70748.117188, -70748.117188, 42337356.000000, 42337356.000000, -638457.187500, 1853308.125000
5.150000, -51846.558594, -51846.558594, 41794040.000000, 41794040.000000, -650653.625000, 1829554.375000
5.200000, -47885.269531, -47885.269531, 41281108.000000, 41281108.000000, -666422.812500, 1799778.250000
5.250000, -22225.843750, -22225.843750, 40782328.000000, 40782328.000000, -718101.437500, 1775376.375000
5.300000, 20960.589844, 20960.589844, 40252780.000000, 40252780.000000, -717429.250000, 1761560.000000
5.350000, 5285.019531, 5285.019531, 39674796.000000, 39674796.000000, -745880.312500, 1711640.750000
5.400000, -11239.501953, -11239.501953, 39258568.000000, 39258568.000000, -813922.750000, 1621637.750000
5.450000, -40531.613281, -40531.613281, 38768280.000000, 38768280.000000, -779871.125000, 1597243.500000
5.500000, -65573.695312, -65573.695312, 38216032.000000, 38216032.000000, -833392.000000, 1595264.875000
5.550000, -44319.570312, -44319.570312, 37797008.000000, 37797008.000000, -860318.937500, 1561266.750000
5.600000, -58847.195312, -58847.195312, 37183588.000000, 37183588.000000, -804039.750000, 1567874.625000
5.650000, -69455.367188, -69455.367188, 36591184.000000, 36591184.000000, -891327.875000, 1569184.750000
5.700000, -58261.210938, -58261.210938, 36114928.000000, 36114928.000000, -927272.687500, 1544109.125000
5.750000, -78092.835938, -78092.835938, 35551728.000000, 35551728.000000, -1019271.500000, 1548063.125000
5.800000, -80132.523438, -80132.523438, 35087444.000000, 35087444.000000, -1003050.562500, 1558698.375000
5.850000, -40188.230469, -40188.230469, 34697888.000000, 34697888.000000, -608869.687500, 1546716.875000
5.900000, 7348.738770, 7348.738770, 34409576.000000, 34409576.000000, -365827.312500, 1511169.000000
5.950000, 17662.638672, 17662.638672, 33959068.000000, 33959068.000000, -217731.015625, 1469409.500000
6.000000, 11648.801758, 11648.801758, 33150038.000000, 33150038.000000, -21793.953125, 1440723.375000
6.050000, 11505.582031, 11505.582031, 32526110.000000, 32526110.000000, -7093.591797, 1435898.125000
6.100000, -12947.166992, -12947.166992, 31955332.000000, 31955332.000000, -24944.902344, 1429079.750000
6.150000, -28787.763672, -28787.763672, 31015166.000000, 31015166.000000, -81313.062500, 1394316.250000
6.200000, -43511.359375, -43511.359375, 30024458.000000, 30024458.000000, -301390.000000, 1370302.125000
6.250000, -76363.703125, -76363.703125, 29195346.000000, 29195346.000000, -842630.250000, 1350647.375000
6.300000, -82555.281250, -82555.281250, 28545134.000000, 28545134.000000, -1627102.500000, 1316376.625000
6.350000, -94191.257812, -94191.257812, 28240784.000000, 28240784.000000, -2314468.000000, 1307006.625000
6.400000, -130937.273438, -130937.273438, 28213374.000000, 28213374.000000, -2730535.000000, 1319824.250000
6.450000, -136654.031250, -136654.031250, 28202402.000000, 28202402.000000, -2811044.000000, 1321278.625000
6.500000, -102036.914062, -102036.914062, 28121196.000000, 28121196.000000, -2750760.250000, 1307917.000000
6.550000, -68294.460938, -68294.460938, 27972442.000000, 27972442.000000, -2466053.750000, 1303830.750000
6.600000, -58762.179688, -58762.179688, 27776916.000000, 27776916.000000, -1951169.875000, 1292959.625000
6.650000, -46889.742188, -46889.742188, 27497210.000000, 27497210.000000, -1548374.500000, 1251853.625000
6.700000, -22394.656250, -22394.656250, 27015834.000000, 27015834.000000, -922387.500000, 1221980.250000
6.750000, -3890.914062, -3890.914062, 26371572.000000, 26371572.000000, -109755.500000, 1202149.000000
6.800000, 21479.894531, 21479.894531, 25596990.000000, 25596990.000000, 403782.906250, 1173992.625000
6.850000, 48727.457031, 48727.457031, 24677066.000000, 24677066.000000, 903121.500000, 1139930.375000
6.900000, 53302.777344, 53302.777344, 23758374.000000, 23758374.000000, 1287744.875000, 1098217.375000
6.950000, 37422.460938, 37422.460938, 23005250.000000, 23005250.000000, 1031083.187500, 1080616.500000
7.000000, 12300.091797, 12300.091797, 22537302.000000, 22537302.000000, 454855.281250, 1053136.250000
7.050000, -271.934082, -271.934082, 22240454.000000, 22240454.000000, 120781.960938, 1011820.937500
7.100000, 2672.688965, 2672.688965, 21879120.000000, 21879120.000000, 55614.085938, 1009889.125000
7.150000, 3613.251953, 3613.251953, 21468370.000000, 21468370.000000, 74475.750000, 989623.687500
7.200000, 4363.444336, 4363.444336, 21013936.000000, 21013936.000000, 94291.648438, 954432.500000
7.250000, 3133.346680, 3133.346680, 20529638.000000, 20529638.000000, 100676.132812, 944121.250000
7.300000, 3107.672363, 3107.672363, 20064096.000000, 20064096.000000, 99581.445312, 923182.687500
7.350000, 7526.353516, 7526.353516, 19557288.000000, 19557288.000000, 103840.921875, 906196.187500
7.400000, 4242.335449, 4242.335449, 19064652.000000, 19064652.000000, 101202.250000, 892308.625000
7.450000, 2934.602295, 2934.602295, 18588104.000000, 18588104.000000, 91060.570312, 873425.812500
7.500000, 6167.370117, 6167.370117, 18085042.000000, 18085042.000000, 90864.664062, 851233.500000
7.550000, 5236.000977, 5236.000977, 17590330.000000, 17590330.000000, 93972.562500, 821394.437500
7.600000, 5080.379883, 5080.379883, 17092822.000000, 17092822.000000, 90393.085938, 809798.312500
7.650000, 2986.237793, 2986.237793, 16617428.000000, 16617428.000000, 85441.710938, 780829.812500
7.700000, 4376.188477, 4376.188477, 16116970.000000, 16116970.000000, 96679.546875, 740525.750000
7.750000, 7354.204102, 7354.204102, 15606060.000000, 15606060.000000, 122721.828125, 723154.125000
7.800000, 3826.055176, 3826.055176, 15140812.000000, 15140812.000000, 122749.023438, 691937.187500
7.850000, 4548.978027, 4548.978027, 14637854.000000, 14637854.000000, 97970.046875, 669386.687500
7.900000, 4619.407715, 4619.407715, 14146488.000000, 14146488.000000, 86333.296875, 644170.312500
7.950000, 2347.120850, 2347.120850, 13668163.000000, 13668163.000000, 78941.484375, 607711.937500
8.000000, 3818.480957, 3818.480957, 13163405.000000, 13163405.000000, 64580.902344, 605195.500000
8.050000, 2386.807129, 2386.807129, 12681807.000000, 12681807.000000, 55621.875000, 580151.437500
8.100000, 3308.035889, 3308.035889, 12180762.000000, 12180762.000000, 71817.609375, 538771.937500
8.150000, 5683.255859, 5683.255859, 11690303.000000, 11690303.000000, 97113.757812, 531979.687500
8.200000, 4414.852051, 4414.852051, 11189198.000000, 11189198.000000, 86791.453125, 517265.375000
8.250000, 4177.887207, 4177.887207, 10676230.000000, 10676230.000000, 75783.046875, 486281.281250
8.300000, 3214.035889, 3214.035889, 10216632.000000, 10216632.000000, 77446.453125, 453140.281250
8.350000, 2869.656250, 2869.656250, 9701839.000000, 9701839.000000, 64867.121094, 426410.812500
8.400000, 2810.681885, 2810.681885, 9184725.000000, 9184725.000000, 59298.187500, 400521.312500
8.450000, 1929.440552, 1929.440552, 8712427.000000, 8712427.000000, 46136.265625, 364093.937500
8.500000, 3003.601562, 3003.601562, 8212300.500000, 8212300.500000, 47869.042969, 342372.750000
8.550000, 2466.242920, 2466.242920, 7726107.500000, 7726107.500000, 70759.109375, 327028.312500
8.600000, 2112.123291, 2112.123291, 7216747.500000, 7216747.500000, 59634.875000, 311090.718750
8.650000, 3714.010010, 3714.010010, 6727051.000000, 6727051.000000, 58128.050781, 294817.875000
8.700000, 3399.413574, 3399.413574, 6259407.000000, 6259407.000000, 72360.031250, 256789.406250
8.750000, 3010.241943, 3010.241943, 5752598.500000, 5752598.500000, 70899.867188, 229615.171875
8.800000, 3427.824707, 3427.824707, 5273941.000000, 5273941.000000, 72999.343750, 225006.156250
8.850000, 3227.710205, 3227.710205, 4763814.000000, 4763814.000000, 66188.953125, 204608.687500
8.900000, 2958.367432, 2958.367432, 4269047.500000, 4269047.500000, 67624.195312, 172669.421875
8.950000, 3044.199219, 3044.199219, 3799460.750000, 3799460.750000, 76546.148438, 147738.500000
9.000000, 3311.117920, 3311.117920, 3291204.250000, 3291204.250000, 74499.953125, 125855.867188
9.050000, 2877.321045, 2877.321045, 2845521.750000, 2845521.750000, 79207.648438, 101594.562500
9.100000, 2119.567383, 2119.567383, 2312768.750000, 2312768.750000, 66005.609375, 82433.710938
9.150000, 1840.779785, 1840.779785, 1768370.125000, 1768370.125000, 43272.644531, 69806.757812
9.200000, 1356.584961, 1356.584961, 1369383.000000, 1369383.000000, 37518.867188, 48147.687500
9.250000, 548.607422, 548.607422, 794139.937500, 794139.937500, 23090.744141, 19995.339844
9.300000, 85.017967, 85.017967, 204882.828125, 204882.828125, 4853.042969, 3589.236816
