Sample Time, Accel_x, Accel_y, Accel_z, Gyro_x, Gyro_y, Gyro_z, Magneto_x, Magneto_y, Magneto_z
0.000000, -18.787979, -92.472084, 297.084930, 20.000000, -33.000000, -6.000000, 3.000000, -469.000000
0.050000, -28.930136, -265.746246, 845.455322, 16.000000, -2.000000, -40.000000, 3.000000, -471.000000
0.100000, 2.904877, -257.523224, 809.530884, 13.000000, -16.000000, 9.000000, 6.000000, -465.000000
0.150000, 17.962534, -168.505707, 545.658813, 28.000000, -24.000000, -46.000000, 7.000000, -466.000000
0.200000, 13.268590, -225.883804, 737.081787, -22.000000, -2.000000, 5.000000, 0.000000, -466.000000
0.250000, -12.584862, -231.068298, 716.536255, 23.000000, -19.000000, 5.000000, -6.000000, -468.000000
0.300000, -37.639694, -201.069153, 632.055664, 21.000000, -16.000000, -19.000000, 6.000000, -469.000000
0.350000, 1.498869, -226.825943, 735.721069, 24.000000, -8.000000, -11.000000, -3.000000, -471.000000
0.400000, -2.225578, -210.666901, 678.555115, 3.000000, -8.000000, -25.000000, -3.000000, -472.000000
0.450000, -26.963713, -214.740570, 724.581909, 7.000000, 0.000000, 11.000000, 9.000000, -468.000000
0.500000, -12.558903, -216.780533, 711.307678, 7.000000, -16.000000, -6.000000, 4.000000, -474.000000
0.550000, -24.582588, -211.082184, 660.583862, 44.000000, -63.000000, -13.000000, 1.000000, -469.000000
0.600000, -10.513935, -224.415375, 736.715942, 6.000000, 0.000000, -23.000000, 3.000000, -469.000000
0.650000, 0.261971, -203.940063, 679.459106, 20.000000, -24.000000, -23.000000, 6.000000, -474.000000
0.700000, 1.166941, -209.845825, 696.031738, 11.000000, 8.000000, 2.000000, 0.000000, -475.000000
0.750000, 2.921783, -217.002731, 706.839539, 21.000000, -17.000000, -14.000000, 0.000000, -478.000000
0.800000, -21.912548, -207.087250, 673.736633, -3.000000, 21.000000, -4.000000, 6.000000, -478.000000
0.850000, -9.591396, -218.741394, 722.646118, 7.000000, -3.000000, -11.000000, 6.000000, -469.000000
0.900000, -6.592309, -213.447876, 684.092041, 4.000000, 9.000000, -32.000000, 3.000000, -474.000000
0.950000, -11.605400, -214.501282, 709.082275, 7.000000, -5.000000, 28.000000, 7.000000, -469.000000
1.000000, -10.355160, -215.205566, 717.674500, 2.000000, -22.000000, -42.000000, -3.000000, -469.000000
1.050000, -20.725489, -208.963837, 670.356445, 9.000000, -7.000000, 20.000000, 3.000000, -462.000000
1.100000, -13.646397, -218.343292, 706.691895, 4.000000, 14.000000, -9.000000, 0.000000, -471.000000
1.150000, -25.945826, -214.321609, 684.017578, 6.000000, -10.000000, -3.000000, 3.000000, -469.000000
1.200000, -10.739643, -214.271088, 693.474365, 9.000000, -17.000000, -14.000000, 1.000000, -468.000000
1.250000, -2.819206, -215.608826, 691.589844, 3.000000, 5.000000, -2.000000, -3.000000, -469.000000
1.300000, -22.808203, -210.435623, 649.892883, -4.000000, -4.000000, 0.000000, -1.000000, -474.000000
1.350000, 0.685686, -216.462982, 704.872864, 19.000000, -17.000000, -18.000000, -1.000000, -471.000000
1.400000, -4.350166, -213.286255, 706.715027, 12.000000, 4.000000, -9.000000, 0.000000, -466.000000
1.450000, -3.132631, -212.220428, 699.125122, 7.000000, -5.000000, -9.000000, 1.000000, -468.000000
1.500000, -1.297009, -214.439011, 711.887573, 2.000000, 0.000000, -6.000000, 0.000000, -469.000000
1.550000, -30.034782, -210.745728, 685.460938, 11.000000, -10.000000, -12.000000, 3.000000, -471.000000
1.600000, -9.664632, -214.462601, 698.155579, 0.000000, -9.000000, -4.000000, 3.000000, -466.000000
1.650000, -8.289222, -212.911469, 697.189026, 39.000000, -16.000000, -14.000000, -3.000000, -474.000000
1.700000, -11.269896, -212.913467, 721.926392, 24.000000, -16.000000, 0.000000, 4.000000, -468.000000
1.750000, -1.928127, -215.521164, 726.545166, 5.000000, -15.000000, -25.000000, 3.000000, -474.000000
1.800000, -16.838057, -210.515076, 671.814819, 18.000000, -9.000000, -9.000000, 0.000000, -471.000000
1.850000, -0.091319, -213.578674, 703.972473, 2.000000, 18.000000, -24.000000, -3.000000, -468.000000
1.900000, -20.242741, -216.375809, 711.981018, 0.000000, -21.000000, -4.000000, -4.000000, -468.000000
1.950000, -30.224442, -212.426041, 686.448364, 2.000000, -3.000000, 4.000000, 1.000000, -477.000000
2.000000, 2.264061, -213.284241, 707.749146, 9.000000, -12.000000, -5.000000, -1.000000, -466.000000
2.050000, -25.033758, -214.457581, 691.951599, 0.000000, -2.000000, -2.000000, 1.000000, -471.000000
2.100000, -4.473644, -211.404999, 690.505615, 23.000000, 0.000000, -20.000000, 3.000000, -474.000000
2.150000, 14.069576, -210.592224, 703.832581, 2.000000, -15.000000, -11.000000, -6.000000, -468.000000
2.200000, -38.823364, -215.846436, 701.001465, 19.000000, -7.000000, -7.000000, 1.000000, -469.000000
2.250000, -15.256953, -215.067978, 699.841797, 1.000000, 4.000000, -14.000000, -1.000000, -469.000000
2.300000, 2.690012, -210.697510, 687.523865, 10.000000, -2.000000, 9.000000, 3.000000, -469.000000
2.350000, -25.936378, -214.454681, 704.959351, 4.000000, -2.000000, -25.000000, 4.000000, -472.000000
2.400000, -9.351290, -212.717941, 706.094299, 14.000000, 0.000000, -4.000000, 3.000000, -472.000000
2.450000, -16.078583, -210.873962, 687.675110, 0.000000, -4.000000, 2.000000, 1.000000, -469.000000
2.500000, -27.027245, -214.889847, 701.139648, 12.000000, 0.000000, -9.000000, -6.000000, -468.000000
2.550000, -0.260801, -211.615723, 690.185913, 0.000000, 0.000000, -28.000000, 1.000000, -475.000000
2.600000, -10.210741, -211.687943, 686.243958, 9.000000, 0.000000, 15.000000, -4.000000, -468.000000
2.650000, -35.868484, -214.145416, 692.085266, -4.000000, 0.000000, -14.000000, -4.000000, -471.000000
2.700000, -29.764460, -213.934372, 675.069458, 29.000000, 3.000000, 2.000000, -4.000000, -480.000000
2.750000, -13.901138, -212.585632, 695.454346, 23.000000, -12.000000, 7.000000, -1.000000, -469.000000
2.800000, -12.521351, -206.579575, 700.648071, 32.000000, -2.000000, 5.000000, -1.000000, -468.000000
2.850000, -29.488852, -211.122833, 692.165649, 32.000000, -9.000000, 17.000000, 0.000000, -474.000000
2.900000, -20.350489, -212.262466, 718.813782, 32.000000, -20.000000, 3.000000, 4.000000, -469.000000
2.950000, 1.165583, -200.783524, 700.848389, 20.000000, -11.000000, -9.000000, -4.000000, -465.000000
3.000000, -34.553154, -204.766556, 695.792725, 74.000000, -70.000000, 44.000000, -4.000000, -466.000000
3.050000, -40.727150, -228.805756, 741.201416, 53.000000, 63.000000, 46.000000, 1.000000, -468.000000
3.100000, -81.443314, -320.099548, 1027.470459, 392.000000, -485.000000, 29.000000, -16.000000, -468.000000
3.150000, -261.558716, -448.814331, 1549.905396, -653.000000, 102.000000, 82.000000, -10.000000, -457.000000
3.200000, -238.924118, -400.558655, 1534.127563, -1486.000000, 35.000000, -108.000000, 15.000000, -456.000000
3.250000, -1.809621, -168.385010, 923.250916, -1809.000000, -211.000000, -121.000000, 49.000000, -463.000000
3.300000, 120.392151, 90.876129, 105.726440, -1451.000000, -84.000000, -2.000000, 64.000000, -483.000000
3.350000, 234.012650, 313.882263, -684.720276, -329.000000, 114.000000, -223.000000, 73.000000, -507.000000
3.400000, 218.087387, 328.303467, -748.342041, 357.000000, 171.000000, 392.000000, 78.000000, -486.000000
3.450000, -110.556755, 156.094727, -474.912750, 998.000000, -21.000000, 28.000000, 69.000000, -475.000000
3.500000, -305.218201, 61.384159, -220.931839, 1969.000000, -378.000000, 217.000000, 54.000000, -465.000000
3.550000, -281.557465, 97.442398, 624.307617, 2471.000000, -431.000000, -163.000000, 21.000000, -457.000000
3.600000, -285.094330, 174.138474, 1443.715820, 1982.000000, -774.000000, -1218.000000, -39.000000, -523.000000
3.650000, -219.506241, 188.311554, 1541.213501, 874.000000, -648.000000, -1153.000000, -129.000000, -613.000000
3.700000, -24.280693, 161.976852, 1351.427490, -235.000000, -141.000000, -1775.000000, -165.000000, -706.000000
3.750000, 378.524475, 97.329178, 1375.942139, -756.000000, 150.000000, -1326.000000, -169.000000, -771.000000
3.800000, 699.960938, 23.540661, 1459.522705, -1322.000000, 276.000000, -1239.000000, -189.000000, -867.000000
3.850000, 939.088501, 126.644028, 1126.890137, -1437.000000, 2.000000, -477.000000, -244.000000, -906.000000
3.900000, 1221.970947, 200.045334, 501.155609, -1595.000000, 278.000000, 417.000000, -178.000000, -849.000000
3.950000, 807.154297, 105.384567, 10.855175, -1222.000000, -49.000000, 946.000000, -69.000000, -768.000000
4.000000, 342.794556, 64.805534, -96.498383, -590.000000, -12.000000, 1431.000000, 4.000000, -672.000000
4.050000, 211.782074, 35.536110, -49.423176, -194.000000, -196.000000, 1552.000000, 49.000000, -585.000000
4.100000, -250.210205, 27.545471, -124.966003, 282.000000, -263.000000, 1233.000000, 69.000000, -523.000000
4.150000, -329.044556, 77.176361, 46.654053, 1033.000000, -518.000000, 1766.000000, 58.000000, -445.000000
4.200000, -575.644714, 89.682831, 624.179138, 1418.000000, -711.000000, 651.000000, 42.000000, -430.000000
4.250000, -954.491821, 136.671036, 927.894226, 1185.000000, -235.000000, 12.000000, 9.000000, -430.000000
4.300000, -582.656494, 121.952133, 901.056030, 1150.000000, -383.000000, -699.000000, -46.000000, -462.000000
4.350000, -614.937195, -36.558533, 1365.598022, 676.000000, -149.000000, -1080.000000, -81.000000, -511.000000
4.400000, -344.024689, -46.503078, 1607.268921, 204.000000, 77.000000, -1598.000000, -109.000000, -564.000000
4.450000, 548.135498, 71.922066, 1127.894043, -335.000000, 347.000000, -1136.000000, -112.000000, -601.000000
4.500000, 643.886108, 4.384712, 1057.109131, -546.000000, 230.000000, -817.000000, -64.000000, -645.000000
4.550000, 595.998840, -72.673874, 992.167847, -720.000000, 42.000000, -98.000000, -15.000000, -666.000000
4.600000, 535.546265, -29.941906, 573.786255, -741.000000, 36.000000, 381.000000, 36.000000, -648.000000
4.650000, 237.962219, -72.210342, 417.118195, -473.000000, -109.000000, 641.000000, 72.000000, -597.000000
4.700000, 99.130302, -85.567749, 313.388000, -219.000000, -47.000000, 773.000000, 76.000000, -535.000000
4.750000, -133.358932, -41.734985, 446.295074, 219.000000, -364.000000, 959.000000, 58.000000, -498.000000
4.800000, -375.031860, -94.910675, 766.183960, 116.000000, -135.000000, 518.000000, 51.000000, -462.000000
4.850000, -570.748413, -171.078751, 777.253662, -19.000000, -233.000000, 105.000000, 43.000000, -457.000000
4.900000, -326.316589, -181.662125, 647.031006, 90.000000, -35.000000, -40.000000, 40.000000, -460.000000
4.950000, 139.678772, -113.856560, 666.221191, 93.000000, -29.000000, 11.000000, 39.000000, -468.000000
5.000000, -13.654087, -106.972725, 817.051270, -14.000000, 84.000000, 25.000000, 43.000000, -462.000000
5.050000, -82.147003, -173.487839, 747.531250, 18.000000, -19.000000, 9.000000, 34.000000, -456.000000
5.100000, 6.557129, -164.620224, 652.460083, -7.000000, -7.000000, -2.000000, 39.000000, -468.000000
5.150000, -80.333046, -160.712708, 739.254150, -1.000000, -14.000000, 8.000000, 37.000000, -456.000000
5.200000, 1.089943, -166.788177, 689.543213, 0.000000, -32.000000, 4.000000, 43.000000, -456.000000
5.250000, -36.475784, -150.168777, 694.032715, 16.000000, -3.000000, -21.000000, 33.000000, -459.000000
5.300000, -65.175888, -164.911774, 746.094482, 22.000000, -56.000000, -7.000000, 37.000000, -454.000000
5.350000, -22.832481, -157.107071, 692.293945, -13.000000, 32.000000, -32.000000, 42.000000, -459.000000
5.400000, -55.967049, -151.205048, 705.442017, 29.000000, -93.000000, -10.000000, 43.000000, -462.000000
5.450000, -13.468224, -162.897156, 715.106018, -33.000000, 46.000000, -60.000000, 36.000000, -462.000000
5.500000, -35.804371, -155.668320, 706.265564, 0.000000, -31.000000, -14.000000, 42.000000, -468.000000
5.550000, -17.039879, -156.930069, 692.308716, -4.000000, 9.000000, -3.000000, 43.000000, -462.000000
5.600000, -21.979900, -156.892670, 697.822021, 4.000000, -6.000000, 0.000000, 36.000000, -459.000000
5.650000, -55.697617, -157.082886, 725.690308, 28.000000, -25.000000, -19.000000, 39.000000, -463.000000
5.700000, 18.498344, -153.392960, 711.119812, 19.000000, -15.000000, -21.000000, 42.000000, -460.000000
5.750000, -10.160287, -148.741455, 736.143494, 8.000000, -31.000000, -16.000000, 40.000000, -463.000000
5.800000, -23.581594, -165.265396, 726.402710, 28.000000, -13.000000, 16.000000, 43.000000, -468.000000
5.850000, -24.044624, -160.664093, 705.764038, -2.000000, 6.000000, -42.000000, 42.000000, -462.000000
5.900000, -31.461227, -152.567047, 721.535461, -11.000000, 24.000000, -10.000000, 39.000000, -460.000000
5.950000, 14.601696, -164.712738, 684.336853, 10.000000, -6.000000, -36.000000, 40.000000, -465.000000
6.000000, -27.660133, -157.025421, 697.068726, -7.000000, 2.000000, 12.000000, 43.000000, -457.000000
6.050000, -11.231207, -151.191330, 715.812195, 25.000000, -23.000000, -14.000000, 43.000000, -457.000000
6.100000, -21.462307, -161.044586, 706.387634, 0.000000, -2.000000, 15.000000, 37.000000, -454.000000
6.150000, -63.976803, -162.472961, 706.738892, 9.000000, -8.000000, -44.000000, 45.000000, -463.000000
6.200000, 18.007689, -155.050293, 681.182617, -11.000000, 17.000000, -34.000000, 34.000000, -465.000000
6.250000, -14.047230, -153.795258, 708.155640, 30.000000, -32.000000, 4.000000, 39.000000, -456.000000
6.300000, -54.493858, -161.617950, 716.005859, 17.000000, 5.000000, -11.000000, 42.000000, -465.000000
6.350000, -9.188683, -155.916962, 710.153687, 32.000000, -11.000000, -15.000000, 39.000000, -460.000000
6.400000, -21.547653, -152.286591, 734.672791, 1.000000, 14.000000, -23.000000, 31.000000, -466.000000
6.450000, -20.884956, -160.065170, 696.695557, 8.000000, -4.000000, -34.000000, 39.000000, -463.000000
6.500000, -23.196112, -153.236023, 700.840820, 23.000000, -4.000000, 3.000000, 33.000000, -468.000000
6.550000, -19.293709, -153.566681, 724.072754, -13.000000, 5.000000, 2.000000, 37.000000, -466.000000
6.600000, -18.635372, -158.256104, 705.446045, 3.000000, -18.000000, 11.000000, 43.000000, -463.000000
6.650000, -46.489025, -151.073227, 709.240723, -2.000000, 11.000000, -3.000000, 36.000000, -459.000000
6.700000, -43.618515, -158.152786, 704.299438, 21.000000, -42.000000, 0.000000, 39.000000, -465.000000
6.750000, -34.513641, -158.591782, 723.932861, 20.000000, -7.000000, -16.000000, 40.000000, -465.000000
6.800000, -7.775575, -146.986771, 729.545837, 24.000000, 6.000000, -7.000000, 31.000000, -466.000000
6.850000, -16.483849, -153.296387, 716.848755, 13.000000, -9.000000, 0.000000, 37.000000, -459.000000
6.900000, -43.919922, -157.954620, 737.309326, 10.000000, 18.000000, 0.000000, 42.000000, -460.000000
6.950000, -10.064293, -153.595261, 712.496155, 3.000000, -18.000000, -28.000000, 37.000000, -459.000000
7.000000, -19.990543, -152.678101, 697.036926, -2.000000, -3.000000, -2.000000, 40.000000, -469.000000
7.050000, -42.266003, -154.043121, 711.209412, -3.000000, -19.000000, -25.000000, 42.000000, -459.000000
7.100000, -20.932907, -156.642639, 699.728455, -4.000000, -8.000000, -4.000000, 40.000000, -469.000000
7.150000, -6.881342, -155.451263, 696.206726, 13.000000, -7.000000, -36.000000, 43.000000, -462.000000
7.200000, -1.953208, -154.223526, 710.180420, 20.000000, -18.000000, -4.000000, 39.000000, -459.000000
7.250000, -21.915794, -153.333755, 721.689514, -5.000000, -5.000000, -45.000000, 40.000000, -459.000000
7.300000, -31.116289, -152.857208, 701.784485, 31.000000, -32.000000, 19.000000, 34.000000, -468.000000
7.350000, -37.444527, -156.807037, 712.976685, -2.000000, 3.000000, -15.000000, 45.000000, -465.000000
7.400000, -33.495468, -153.699890, 736.442444, 16.000000, -26.000000, 0.000000, 33.000000, -466.000000
7.450000, 0.271504, -150.414078, 704.701538, -9.000000, 8.000000, -4.000000, 42.000000, -471.000000
7.500000, -20.931206, -156.645233, 697.866577, 0.000000, -10.000000, -18.000000, 40.000000, -466.000000
7.550000, -24.506330, -155.447159, 699.100952, 13.000000, -6.000000, -36.000000, 40.000000, -469.000000
7.600000, 3.848442, -152.268951, 698.968323, 8.000000, -2.000000, 2.000000, 37.000000, -463.000000
7.650000, -27.849268, -157.225876, 718.616455, 7.000000, -14.000000, -20.000000, 40.000000, -472.000000
7.700000, -35.894711, -155.275482, 716.868408, 11.000000, -44.000000, 18.000000, 36.000000, -471.000000
7.750000, -23.649998, -151.974579, 714.306519, -13.000000, -44.000000, 9.000000, 36.000000, -471.000000
7.800000, -37.879318, -157.200562, 699.313782, 1.000000, -19.000000, -16.000000, 40.000000, -463.000000
7.850000, -21.339050, -157.660156, 677.077820, -8.000000, 14.000000, -10.000000, 33.000000, -468.000000
7.900000, -7.336167, -155.936447, 685.778442, 21.000000, -13.000000, -28.000000, 42.000000, -478.000000
7.950000, -34.812378, -157.873108, 722.862549, 24.000000, -27.000000, 0.000000, 34.000000, -471.000000
8.000000, -26.261408, -153.618713, 736.370361, 6.000000, -2.000000, -9.000000, 48.000000, -466.000000
8.050000, 2.511142, -152.520554, 705.386169, 17.000000, 0.000000, -7.000000, 45.000000, -472.000000
8.100000, -25.361944, -156.285309, 717.101990, 9.000000, -9.000000, -7.000000, 45.000000, -468.000000
8.150000, -31.713844, -151.833496, 736.663635, 15.000000, -18.000000, -7.000000, 37.000000, -468.000000
8.200000, -11.080652, -151.800049, 709.833191, -3.000000, 0.000000, -7.000000, 34.000000, -472.000000
8.250000, -17.986973, -154.849182, 703.373291, 12.000000, -32.000000, -23.000000, 37.000000, -472.000000
8.300000, -13.222583, -151.511169, 711.439453, 8.000000, -19.000000, -2.000000, 42.000000, -468.000000
8.350000, -13.037682, -152.190704, 711.639648, 2.000000, -4.000000, -27.000000, 37.000000, -472.000000
8.400000, -15.502934, -153.360687, 704.881348, 21.000000, -21.000000, -8.000000, 31.000000, -472.000000
8.450000, -9.859466, -152.850525, 712.797729, 20.000000, 3.000000, -29.000000, 34.000000, -475.000000
8.500000, -12.935547, -153.706970, 732.978699, 2.000000, -7.000000, 11.000000, 36.000000, -469.000000
8.550000, -16.918573, -153.848480, 714.365784, 6.000000, -2.000000, -22.000000, 34.000000, -469.000000
8.600000, -24.881817, -153.888275, 703.132751, 16.000000, -7.000000, 12.000000, 42.000000, -471.000000
8.650000, -17.222927, -153.123703, 710.993103, 2.000000, -7.000000, -24.000000, 49.000000, -475.000000
8.700000, -17.405268, -154.699097, 701.017639, 5.000000, -25.000000, -6.000000, 36.000000, -472.000000
8.750000, -23.346260, -153.814087, 707.011597, 2.000000, -4.000000, -6.000000, 39.000000, -478.000000
8.800000, 0.582395, -149.414429, 706.747437, 4.000000, -8.000000, 0.000000, 34.000000, -471.000000
8.850000, -6.275727, -152.490845, 704.550110, 12.000000, -25.000000, -2.000000, 36.000000, -480.000000
8.900000, -22.006758, -155.975510, 726.114197, 14.000000, -12.000000, -13.000000, 33.000000, -475.000000
8.950000, -2.504082, -151.790527, 717.059448, 5.000000, 2.000000, -2.000000, 36.000000, -483.000000
9.000000, -11.812443, -150.326157, 707.602356, 4.000000, 4.000000, -6.000000, 42.000000, -472.000000
9.050000, -23.663746, -154.261169, 720.798340, 7.000000, -5.000000, -7.000000, 43.000000, -480.000000
9.100000, -15.045378, -155.927322, 705.984802, 11.000000, -22.000000, 0.000000, 28.000000, -472.000000
9.150000, -17.208618, -153.788422, 702.984863, 18.000000, -9.000000, -7.000000, 34.000000, -468.000000
9.200000, -11.648819, -149.869720, 720.202148, 18.000000, -23.000000, 8.000000, 39.000000, -477.000000
