Sample Time, Accel_x, Accel_y, Accel_z, Gyro_x, Gyro_y, Gyro_z, Magneto_x, Magneto_y, Magneto_z
0.000000, -2.642060, -60.473808, 298.552734, 14.000000, -21.000000, 11.000000, -28.000000, -477.000000
0.050000, -10.889034, -177.967514, 860.572449, 1.000000, -15.000000, -11.000000, -31.000000, -481.000000
0.100000, -6.027420, -176.719437, 840.506104, 25.000000, -30.000000, -19.000000, -25.000000, -475.000000
0.150000, 14.917183, -113.180130, 569.007202, 26.000000, -8.000000, 7.000000, -28.000000, -478.000000
0.200000, 14.228607, -149.514252, 758.030518, 0.000000, -11.000000, -15.000000, -31.000000, -477.000000
0.250000, -6.882501, -158.475449, 749.826294, 14.000000, -7.000000, 7.000000, -37.000000, -484.000000
0.300000, -12.374243, -136.078094, 661.161743, 20.000000, -14.000000, 2.000000, -27.000000, -480.000000
0.350000, 20.205465, -148.825867, 749.713074, 16.000000, -10.000000, -23.000000, -22.000000, -477.000000
0.400000, 32.333729, -140.979568, 675.043213, 19.000000, -11.000000, -2.000000, -37.000000, -487.000000
0.450000, -12.417759, -147.993927, 727.850037, 19.000000, -4.000000, -7.000000, -36.000000, -481.000000
0.500000, -7.018677, -146.401627, 734.778870, 23.000000, -5.000000, 10.000000, -36.000000, -478.000000
0.550000, 15.174442, -137.108231, 686.697388, 5.000000, -21.000000, 11.000000, -36.000000, -483.000000
0.600000, -4.006042, -146.450165, 764.973999, 17.000000, -19.000000, 8.000000, -33.000000, -475.000000
0.650000, 6.218660, -137.744507, 688.372681, 2.000000, -18.000000, -6.000000, -34.000000, -486.000000
0.700000, -3.266962, -147.217072, 691.495850, 0.000000, -14.000000, -7.000000, -40.000000, -481.000000
0.750000, -14.374386, -148.436646, 714.707825, 22.000000, -7.000000, -20.000000, -34.000000, -478.000000
0.800000, 5.430881, -138.285400, 689.892761, 4.000000, -15.000000, -1.000000, -24.000000, -481.000000
0.850000, 14.804665, -143.562683, 741.563354, 4.000000, 10.000000, -14.000000, -34.000000, -481.000000
0.900000, 33.614628, -136.990982, 681.107971, 8.000000, 11.000000, -9.000000, -28.000000, -480.000000
0.950000, 8.238308, -146.967178, 723.631409, 23.000000, -18.000000, -5.000000, -36.000000, -489.000000
1.000000, -6.546711, -143.552139, 752.356812, 0.000000, -18.000000, -19.000000, -37.000000, -481.000000
1.050000, 24.157257, -135.356796, 668.066223, 9.000000, -14.000000, -2.000000, -34.000000, -486.000000
1.100000, -0.844823, -151.286667, 731.101746, 11.000000, -22.000000, 6.000000, -39.000000, -477.000000
1.150000, -0.568502, -139.998352, 722.205078, 11.000000, -6.000000, -7.000000, -33.000000, -478.000000
1.200000, 20.612326, -138.133926, 703.426270, 10.000000, -25.000000, -7.000000, -28.000000, -483.000000
1.250000, -0.981827, -145.328842, 739.849609, 19.000000, -12.000000, -2.000000, -27.000000, -475.000000
1.300000, 12.338593, -138.764374, 688.286072, -16.000000, 24.000000, -8.000000, -33.000000, -483.000000
1.350000, 7.911972, -144.942993, 713.644897, 17.000000, -5.000000, 11.000000, -34.000000, -483.000000
1.400000, -16.883743, -142.303101, 744.418518, 4.000000, -9.000000, -20.000000, -33.000000, -487.000000
1.450000, 18.256004, -141.414169, 705.002075, -8.000000, 11.000000, -5.000000, -37.000000, -486.000000
1.500000, 21.112217, -142.261200, 701.487122, 14.000000, -4.000000, -8.000000, -30.000000, -478.000000
1.550000, -9.080621, -137.479492, 723.032898, 7.000000, 11.000000, 9.000000, -39.000000, -481.000000
1.600000, 22.799309, -141.494217, 725.519409, 18.000000, 34.000000, 19.000000, -28.000000, -483.000000
1.650000, 8.323376, -147.236786, 817.324097, 135.000000, 14.000000, 88.000000, -37.000000, -475.000000
1.700000, -117.565842, -207.989410, 1182.298218, 57.000000, 205.000000, 297.000000, -36.000000, -468.000000
1.750000, -242.375427, -299.508606, 1481.719849, -580.000000, 84.000000, 37.000000, -33.000000, -453.000000
1.800000, -292.839233, -281.315216, 1297.603394, -1166.000000, 228.000000, -100.000000, -9.000000, -433.000000
1.850000, -108.731270, -168.650665, 798.738586, -1155.000000, -124.000000, -119.000000, 30.000000, -448.000000
1.900000, 192.812943, -85.760468, 195.687042, -875.000000, 33.000000, 38.000000, 54.000000, -460.000000
1.950000, 192.061249, -33.550610, -199.836029, -424.000000, 3.000000, -118.000000, 52.000000, -460.000000
2.000000, 78.771774, 38.390823, -245.860474, -14.000000, 350.000000, 308.000000, 52.000000, -463.000000
2.050000, 31.429176, 62.400017, -350.513580, 686.000000, -193.000000, 175.000000, 55.000000, -451.000000
2.100000, -65.495262, 52.935398, -288.665588, 1604.000000, -167.000000, 191.000000, 42.000000, -432.000000
2.150000, -155.921509, 122.210327, 219.711044, 2017.000000, -742.000000, -88.000000, 18.000000, -421.000000
2.200000, -765.754578, 113.082047, 945.937134, 1801.000000, -1033.000000, -474.000000, -37.000000, -448.000000
2.250000, -976.557251, 140.174149, 1644.432373, 1053.000000, -763.000000, -1871.000000, -87.000000, -556.000000
2.300000, 369.544220, 364.458221, 1537.239868, 27.000000, -278.000000, -1606.000000, -121.000000, -661.000000
2.350000, 861.481445, 274.138885, 1210.625732, -616.000000, 153.000000, -1453.000000, -96.000000, -760.000000
2.400000, 307.939606, 65.963600, 1353.800049, -1164.000000, -96.000000, -1040.000000, -94.000000, -880.000000
2.450000, 775.728516, 140.978485, 935.904968, -1395.000000, 126.000000, -428.000000, -165.000000, -925.000000
2.500000, 932.218445, 63.298878, 560.936401, -1427.000000, 72.000000, 105.000000, -136.000000, -876.000000
2.550000, 616.309448, -44.555454, 542.157532, -1320.000000, 206.000000, 521.000000, -73.000000, -792.000000
2.600000, 569.367371, -11.591522, 89.154160, -1079.000000, 90.000000, 942.000000, -10.000000, -700.000000
2.650000, 274.803711, 41.526745, -148.258545, -634.000000, 9.000000, 1411.000000, 31.000000, -616.000000
2.700000, 16.657196, 87.434784, -141.410553, 123.000000, -132.000000, 1385.000000, 51.000000, -543.000000
2.750000, -507.918365, -32.038757, -77.431686, 720.000000, -102.000000, 1515.000000, 58.000000, -469.000000
2.800000, -769.321655, -14.089111, 214.255585, 992.000000, -174.000000, 860.000000, 51.000000, -421.000000
2.850000, -590.675232, 65.518936, 631.275391, 1443.000000, -366.000000, 751.000000, 37.000000, -393.000000
2.900000, -806.929932, -43.744873, 1053.749268, 1318.000000, -151.000000, -360.000000, 1.000000, -388.000000
2.950000, -646.367981, -20.463295, 1154.203003, 889.000000, -327.000000, -785.000000, -10.000000, -403.000000
3.000000, -200.078674, 37.555492, 1366.112549, 308.000000, -28.000000, -1026.000000, -6.000000, -453.000000
3.050000, 136.004318, 17.904961, 1393.023926, -19.000000, 90.000000, -603.000000, 9.000000, -489.000000
3.100000, 308.027161, -67.351990, 962.421143, -232.000000, 76.000000, -581.000000, 24.000000, -525.000000
3.150000, 206.576172, -151.717987, 977.356079, -553.000000, 186.000000, -267.000000, 63.000000, -559.000000
3.200000, 421.376770, -89.095695, 874.657959, -672.000000, 88.000000, 25.000000, 73.000000, -564.000000
3.250000, 325.170837, -126.049728, 542.621582, -604.000000, 15.000000, 364.000000, 73.000000, -540.000000
3.300000, 4.293335, -154.697266, 499.438324, -386.000000, -16.000000, 553.000000, 72.000000, -502.000000
3.350000, -25.021759, -93.598244, 387.246948, -210.000000, -114.000000, 494.000000, 60.000000, -468.000000
3.400000, -343.759003, -140.867172, 503.247620, -94.000000, -86.000000, 596.000000, 52.000000, -436.000000
3.450000, -450.509583, -142.947296, 670.474609, -24.000000, -98.000000, 246.000000, 46.000000, -423.000000
3.500000, -291.065552, -150.347687, 667.184998, 10.000000, -89.000000, -68.000000, 51.000000, -432.000000
3.550000, -130.686401, -177.071716, 711.111267, 25.000000, -23.000000, -25.000000, 51.000000, -435.000000
3.600000, 19.724487, -158.921326, 651.128052, 72.000000, -5.000000, -20.000000, 46.000000, -432.000000
3.650000, -112.615326, -186.046921, 710.136353, 46.000000, -50.000000, 0.000000, 55.000000, -439.000000
3.700000, -95.675690, -186.596954, 743.505981, 82.000000, -62.000000, 23.000000, 48.000000, -433.000000
3.750000, -92.556305, -194.025024, 714.011841, -2.000000, -9.000000, -4.000000, 43.000000, -433.000000
3.800000, -117.993073, -185.003906, 752.573730, -9.000000, -19.000000, -27.000000, 54.000000, -439.000000
3.850000, 4.968063, -162.149628, 649.095520, -2.000000, -27.000000, 23.000000, 48.000000, -432.000000
3.900000, -127.727013, -197.087189, 680.680115, -12.000000, -9.000000, -24.000000, 55.000000, -430.000000
3.950000, -122.292709, -180.607224, 704.955322, 38.000000, -32.000000, 30.000000, 54.000000, -432.000000
4.000000, -60.046249, -180.415543, 661.249878, 14.000000, 14.000000, -46.000000, 52.000000, -438.000000
4.050000, -129.061249, -192.349197, 744.784424, -3.000000, -48.000000, -39.000000, 51.000000, -433.000000
4.100000, -42.805641, -167.506332, 676.209656, 28.000000, -42.000000, -28.000000, 58.000000, -441.000000
4.150000, -76.796890, -188.549011, 680.156433, 19.000000, 12.000000, 22.000000, 57.000000, -433.000000
4.200000, -87.496246, -179.894440, 743.630798, -4.000000, -26.000000, -40.000000, 60.000000, -441.000000
4.250000, -43.308804, -173.267960, 673.883972, -7.000000, -2.000000, 36.000000, 55.000000, -435.000000
4.300000, -94.883530, -187.840973, 689.110413, 19.000000, 42.000000, 25.000000, 51.000000, -436.000000
4.350000, -70.613884, -170.718658, 711.216858, 8.000000, -9.000000, 21.000000, 57.000000, -429.000000
4.400000, -84.249649, -180.734665, 719.345093, -6.000000, -2.000000, -2.000000, 51.000000, -433.000000
4.450000, -79.115463, -181.243271, 676.136292, 25.000000, -16.000000, 8.000000, 54.000000, -442.000000
4.500000, -81.485107, -175.928650, 666.593079, 42.000000, -42.000000, -23.000000, 54.000000, -430.000000
4.550000, -111.332184, -179.230576, 751.446777, 51.000000, -31.000000, -25.000000, 49.000000, -429.000000
4.600000, -58.564362, -168.541534, 703.832031, 34.000000, -18.000000, -6.000000, 49.000000, -435.000000
4.650000, -81.083786, -176.847412, 717.972717, 23.000000, 0.000000, -29.000000, 52.000000, -436.000000
4.700000, -73.645317, -170.255554, 740.026672, 8.000000, -4.000000, 24.000000, 48.000000, -427.000000
4.750000, -49.900494, -163.848297, 668.239502, 21.000000, 12.000000, 6.000000, 54.000000, -435.000000
4.800000, -96.249748, -172.895996, 718.736816, 9.000000, -16.000000, 9.000000, 45.000000, -432.000000
4.850000, -83.301834, -172.181030, 708.093018, 9.000000, -9.000000, -18.000000, 51.000000, -436.000000
4.900000, -92.972809, -180.927628, 685.762634, 27.000000, -18.000000, -1.000000, 49.000000, -432.000000
4.950000, -76.401779, -164.769379, 724.792053, 35.000000, -14.000000, -9.000000, 52.000000, -429.000000
5.000000, -49.951962, -150.287537, 708.379822, 10.000000, -23.000000, -1.000000, 52.000000, -426.000000
5.050000, -88.185623, -171.337173, 722.666321, 5.000000, -42.000000, -2.000000, 52.000000, -424.000000
5.100000, -73.688438, -172.698761, 699.499146, 39.000000, 12.000000, -25.000000, 54.000000, -435.000000
5.150000, -76.977600, -163.658432, 701.151550, 0.000000, 16.000000, -18.000000, 55.000000, -427.000000
5.200000, -76.969826, -157.827759, 726.692078, 4.000000, -10.000000, -35.000000, 52.000000, -432.000000
5.250000, -52.933395, -156.306229, 701.239990, 14.000000, -9.000000, -9.000000, 48.000000, -436.000000
5.300000, -87.032944, -169.620834, 729.710938, -35.000000, 4.000000, -32.000000, 49.000000, -435.000000
5.350000, -73.084900, -178.365112, 693.988281, -4.000000, -11.000000, -31.000000, 57.000000, -432.000000
5.400000, -55.895771, -185.713226, 671.847290, 14.000000, 14.000000, -42.000000, 54.000000, -442.000000
5.450000, -74.564232, -177.311981, 729.254639, 21.000000, -58.000000, 23.000000, 51.000000, -445.000000
5.500000, -49.436890, -160.583313, 694.477600, -8.000000, 31.000000, -20.000000, 57.000000, -441.000000
5.550000, -59.180397, -170.772583, 669.605896, 9.000000, -37.000000, 15.000000, 52.000000, -438.000000
5.600000, -93.230156, -175.314804, 684.083008, -5.000000, -10.000000, -8.000000, 51.000000, -438.000000
5.650000, -89.178093, -166.889679, 697.832092, 11.000000, -37.000000, -4.000000, 49.000000, -438.000000
5.700000, -68.026932, -164.969711, 713.070312, 14.000000, -18.000000, 0.000000, 51.000000, -436.000000
5.750000, -53.754463, -163.405594, 698.722534, 9.000000, -12.000000, -2.000000, 51.000000, -439.000000
5.800000, -80.526871, -168.909149, 718.671082, 22.000000, -14.000000, 5.000000, 52.000000, -442.000000
5.850000, -95.572380, -171.834076, 713.409302, 0.000000, -14.000000, 1.000000, 48.000000, -435.000000
5.900000, -74.150146, -166.877563, 692.774780, -4.000000, -14.000000, -9.000000, 42.000000, -438.000000
5.950000, -61.458363, -165.665710, 718.832886, 13.000000, -42.000000, -8.000000, 46.000000, -438.000000
6.000000, -50.950531, -166.967728, 698.144409, 0.000000, -4.000000, -21.000000, 54.000000, -439.000000
6.050000, -57.047455, -167.804352, 687.151917, 20.000000, -39.000000, 18.000000, 52.000000, -445.000000
6.100000, -68.588875, -169.179291, 710.535278, 15.000000, 4.000000, -30.000000, 48.000000, -439.000000
6.150000, -57.063202, -167.901520, 707.206543, 10.000000, -32.000000, -23.000000, 51.000000, -442.000000
6.200000, -49.906487, -161.140564, 721.718018, 3.000000, 0.000000, -1.000000, 55.000000, -436.000000
6.250000, -60.248329, -165.496658, 722.315491, 14.000000, 0.000000, 22.000000, 45.000000, -444.000000
6.300000, -71.399857, -172.225723, 704.243530, 0.000000, -6.000000, -9.000000, 49.000000, -438.000000
6.350000, -61.285019, -164.715332, 713.320618, 6.000000, 1.000000, 7.000000, 52.000000, -439.000000
6.400000, -47.500435, -165.035553, 713.866882, 7.000000, -4.000000, 1.000000, 58.000000, -438.000000
6.450000, -56.188400, -167.450668, 705.076294, -2.000000, -9.000000, 7.000000, 55.000000, -438.000000
6.500000, -69.175392, -165.120499, 699.730164, 9.000000, 13.000000, 5.000000, 58.000000, -439.000000
6.550000, -63.022537, -166.915222, 690.195801, 18.000000, -12.000000, 16.000000, 54.000000, -438.000000
6.600000, -55.378059, -163.706161, 705.620728, 22.000000, -16.000000, -25.000000, 45.000000, -432.000000
6.650000, -71.890488, -164.646301, 726.282959, -1.000000, -11.000000, -7.000000, 55.000000, -429.000000
6.700000, -68.124374, -167.453995, 709.272827, 15.000000, -21.000000, -2.000000, 55.000000, -441.000000
6.750000, -50.730957, -164.274124, 704.319214, 3.000000, -19.000000, -4.000000, 55.000000, -436.000000
6.800000, -58.218258, -164.212341, 716.085449, 7.000000, -11.000000, -14.000000, 55.000000, -442.000000
6.850000, -60.446922, -163.297958, 706.173828, -5.000000, -2.000000, -2.000000, 52.000000, -432.000000
6.900000, -74.150620, -164.467514, 701.429382, -2.000000, -28.000000, 8.000000, 52.000000, -445.000000
6.950000, -71.398079, -166.929352, 698.492920, 2.000000, 7.000000, 5.000000, 48.000000, -444.000000
7.000000, -46.149307, -165.698181, 705.353882, 2.000000, -23.000000, -33.000000, 52.000000, -448.000000
7.050000, -64.133263, -166.796371, 711.905273, 4.000000, -16.000000, 2.000000, 52.000000, -450.000000
7.100000, -61.757458, -164.927429, 702.507751, 11.000000, 0.000000, -16.000000, 55.000000, -442.000000
7.150000, -60.463676, -165.490189, 718.447998, -4.000000, -25.000000, 8.000000, 52.000000, -448.000000
7.200000, -86.852104, -172.101410, 709.686035, 2.000000, 0.000000, -21.000000, 51.000000, -450.000000
7.250000, -53.113537, -168.531036, 692.896118, 11.000000, -23.000000, -16.000000, 54.000000, -444.000000
7.300000, -46.874741, -165.144028, 716.825928, -6.000000, -4.000000, 4.000000, 43.000000, -450.000000
7.350000, -75.734375, -171.050812, 705.475586, 9.000000, -20.000000, -11.000000, 46.000000, -441.000000
7.400000, -60.551659, -169.108490, 698.757202, 5.000000, -7.000000, -18.000000, 46.000000, -442.000000
7.450000, -60.867355, -165.191330, 717.095825, 0.000000, -7.000000, -7.000000, 54.000000, -444.000000
7.500000, -72.794052, -169.860275, 703.075439, -2.000000, 20.000000, 11.000000, 52.000000, -442.000000
7.550000, -76.928345, -171.226654, 700.582764, 1.000000, -10.000000, -16.000000, 49.000000, -445.000000
7.600000, -55.966896, -166.512024, 709.385864, 4.000000, -11.000000, -7.000000, 45.000000, -438.000000
7.650000, -37.657700, -167.513412, 711.146606, -7.000000, -4.000000, -10.000000, 52.000000, -445.000000
7.700000, -72.147491, -171.450256, 708.501160, -7.000000, -7.000000, 1.000000, 51.000000, -445.000000
7.750000, -65.433304, -168.772095, 692.042358, 15.000000, -15.000000, -28.000000, 55.000000, -439.000000
7.800000, -32.351814, -170.244934, 699.185791, 15.000000, -18.000000, -14.000000, 60.000000, -448.000000
7.850000, -45.989510, -172.189987, 723.362122, 4.000000, -4.000000, 0.000000, 55.000000, -447.000000
7.900000, -58.819733, -167.534424, 722.286377, -4.000000, -9.000000, -6.000000, 54.000000, -448.000000
7.950000, -58.614368, -170.943436, 700.154663, -3.000000, -12.000000, 16.000000, 48.000000, -441.000000
8.000000, -59.419662, -170.699661, 692.805908, -1.000000, -2.000000, -5.000000, 57.000000, -445.000000
8.050000, -63.338867, -165.833008, 705.729187, 13.000000, -17.000000, -16.000000, 54.000000, -451.000000
8.100000, -59.437130, -171.424057, 712.364380, 1.000000, -18.000000, -4.000000, 52.000000, -448.000000
8.150000, -55.973118, -173.483429, 717.264221, -9.000000, -6.000000, -23.000000, 51.000000, -448.000000
8.200000, -57.211468, -172.475525, 708.327148, -2.000000, -6.000000, -21.000000, 51.000000, -442.000000
8.250000, -44.780365, -173.617722, 695.264160, -8.000000, 5.000000, 9.000000, 57.000000, -451.000000
8.300000, -57.479290, -174.384277, 701.748779, -9.000000, 3.000000, 4.000000, 55.000000, -444.000000
8.350000, -66.243584, -175.636841, 697.390869, -2.000000, -7.000000, -14.000000, 51.000000, -451.000000
8.400000, -40.725891, -173.009399, 700.791016, 12.000000, -7.000000, 13.000000, 55.000000, -445.000000
8.450000, -52.739845, -173.068481, 713.956482, 12.000000, -16.000000, 9.000000, 51.000000, -450.000000
8.500000, -69.643707, -173.011108, 714.859192, 9.000000, -6.000000, 2.000000, 58.000000, -444.000000
8.550000, -55.965763, -171.934937, 720.237915, 13.000000, -10.000000, -5.000000, 49.000000, -447.000000
8.600000, -53.608871, -174.783646, 702.186768, 2.000000, 1.000000, -14.000000, 51.000000, -445.000000
8.650000, -55.042839, -169.798843, 694.941650, 8.000000, -8.000000, -25.000000, 57.000000, -448.000000
8.700000, -58.912735, -168.334808, 718.638794, 9.000000, 0.000000, -7.000000, 58.000000, -451.000000
8.750000, -61.415672, -174.946594, 708.679321, 4.000000, -18.000000, -30.000000, 45.000000, -453.000000
8.800000, -60.622185, -171.920074, 705.772949, 2.000000, -4.000000, 10.000000, 51.000000, -451.000000
8.850000, -51.551712, -172.152542, 712.473877, 8.000000, -7.000000, -30.000000, 57.000000, -451.000000
8.900000, -33.503082, -176.606110, 699.188354, 5.000000, -18.000000, -19.000000, 45.000000, -448.000000
8.950000, -49.433151, -172.776245, 706.553955, 11.000000, -9.000000, -9.000000, 55.000000, -453.000000
9.000000, -62.193874, -176.040436, 702.313599, -6.000000, -5.000000, -26.000000, 55.000000, -441.000000
9.050000, -41.748661, -177.584290, 701.477722, 11.000000, -26.000000, -18.000000, 61.000000, -445.000000
9.100000, -41.523369, -170.790207, 713.031860, -2.000000, -2.000000, -7.000000, 52.000000, -448.000000
9.150000, -54.905159, -176.189087, 690.541626, 1.000000, 15.000000, -12.000000, 57.000000, -445.000000
9.200000, -53.738407, -175.768890, 699.135925, 11.000000, -18.000000, -4.000000, 52.000000, -448.000000
