Sample Time, Accel_x, Accel_y, Accel_z, Gyro_x, Gyro_y, Gyro_z, Magneto_x, Magneto_y, Magneto_z
0.000000, 0.880687, -52.254070, 300.314117, 7.000000, -18.000000, 11.000000, -42.000000, -487.000000
0.050000, 3.433970, -152.081940, 863.037048, -28.000000, 26.000000, -7.000000, -48.000000, -490.000000
0.100000, -1.102462, -150.573074, 844.322815, 35.000000, -25.000000, 10.000000, -39.000000, -489.000000
0.150000, 5.392594, -96.651176, 576.215088, 13.000000, 2.000000, -18.000000, -49.000000, -481.000000
0.200000, 7.026275, -128.528625, 763.109131, 16.000000, -20.000000, 21.000000, -54.000000, -486.000000
0.250000, -37.443043, -141.449814, 755.484192, 0.000000, 9.000000, -9.000000, -51.000000, -486.000000
0.300000, -44.887650, -120.345688, 669.058533, 5.000000, -11.000000, -1.000000, -54.000000, -477.000000
0.350000, -16.303505, -125.374504, 767.021729, -4.000000, -19.000000, -35.000000, -48.000000, -487.000000
0.400000, -18.407547, -122.685440, 701.609680, 21.000000, 1.000000, -32.000000, -51.000000, -478.000000
0.450000, -9.485499, -130.453186, 728.136108, 18.000000, -21.000000, 6.000000, -45.000000, -493.000000
0.500000, -10.933411, -127.754608, 720.362366, 0.000000, 5.000000, -9.000000, -43.000000, -487.000000
0.550000, -10.592295, -117.635780, 678.484070, 14.000000, -23.000000, -14.000000, -51.000000, -481.000000
0.600000, -2.225121, -129.004807, 753.552368, 5.000000, 2.000000, -5.000000, -49.000000, -480.000000
0.650000, -4.065138, -123.422379, 703.279419, 4.000000, -7.000000, -2.000000, -45.000000, -480.000000
0.700000, 5.200583, -122.392120, 724.888000, 23.000000, -18.000000, 36.000000, -60.000000, -484.000000
0.750000, -28.732979, -131.735855, 729.630859, 6.000000, -2.000000, -27.000000, -55.000000, -484.000000
0.800000, -30.480764, -129.909882, 670.994934, 23.000000, -24.000000, 13.000000, -49.000000, -486.000000
0.850000, 14.993330, -127.103592, 728.105347, 0.000000, -9.000000, -3.000000, -49.000000, -487.000000
0.900000, 4.414989, -120.829605, 720.578125, 22.000000, -16.000000, -30.000000, -52.000000, -484.000000
0.950000, -1.138198, -125.502182, 724.982056, -14.000000, -9.000000, 0.000000, -45.000000, -489.000000
1.000000, 15.771645, -120.925636, 722.289917, 40.000000, -32.000000, -4.000000, -51.000000, -487.000000
1.050000, 25.332460, -107.337341, 689.020081, 34.000000, -27.000000, 30.000000, -55.000000, -486.000000
1.100000, 7.896957, -135.067001, 750.869507, 121.000000, -52.000000, 93.000000, -49.000000, -489.000000
1.150000, -75.611115, -214.945068, 1040.675659, 445.000000, -60.000000, 200.000000, -58.000000, -477.000000
1.200000, -239.720581, -335.954590, 1537.508423, -658.000000, -105.000000, -184.000000, -51.000000, -469.000000
1.250000, -285.026459, -276.360199, 1494.277588, -1960.000000, -107.000000, -475.000000, -7.000000, -480.000000
1.300000, 107.068771, 36.467651, 704.239258, -1568.000000, -298.000000, -595.000000, 28.000000, -505.000000
1.350000, 366.644836, 186.309845, -340.670349, -827.000000, -359.000000, -128.000000, 36.000000, -519.000000
1.400000, -119.785347, 311.189941, -1211.509644, 296.000000, 178.000000, 135.000000, 39.000000, -520.000000
1.450000, -485.669464, 566.829041, -1116.317383, 1815.000000, 364.000000, 234.000000, 31.000000, -496.000000
1.500000, -343.103699, 463.991150, 136.198029, 3316.000000, -420.000000, -623.000000, 0.000000, -474.000000
1.550000, -339.953857, 392.615570, 1402.260376, 2319.000000, -686.000000, -924.000000, -54.000000, -528.000000
1.600000, -282.594543, 415.906738, 1589.121704, 954.000000, -1021.000000, -1766.000000, -163.000000, -667.000000
1.650000, 214.451691, 89.352798, 1316.466309, -872.000000, 87.000000, -1827.000000, -195.000000, -786.000000
1.700000, 1033.874023, 235.903534, 1408.610840, -1284.000000, -347.000000, -1520.000000, -204.000000, -919.000000
1.750000, 1562.281738, 663.635986, 1141.000977, -2576.000000, 396.000000, -546.000000, -232.000000, -945.000000
1.800000, 1309.269043, 562.370728, 159.421600, -2632.000000, -72.000000, 1282.000000, -120.000000, -816.000000
1.850000, 774.214355, 405.337585, -704.838806, -1482.000000, -384.000000, 1917.000000, -13.000000, -682.000000
1.900000, 78.301208, 299.464905, -915.108398, -95.000000, -31.000000, 1930.000000, 40.000000, -582.000000
1.950000, -837.061646, 211.085052, -545.686951, 1064.000000, -627.000000, 1747.000000, 52.000000, -487.000000
2.000000, -1252.165161, 206.199371, 198.989258, 1671.000000, -531.000000, 1127.000000, 49.000000, -438.000000
2.050000, -1009.605469, 138.620743, 748.354309, 1859.000000, -368.000000, 365.000000, 13.000000, -424.000000
2.100000, -1015.913330, 73.987885, 1082.136475, 1565.000000, -480.000000, -767.000000, -39.000000, -445.000000
2.150000, -901.030640, 43.761883, 1565.758423, 256.000000, -142.000000, -1845.000000, -37.000000, -496.000000
2.200000, 614.593262, 146.821030, 1502.875854, -606.000000, 277.000000, -1693.000000, 6.000000, -564.000000
2.250000, 1615.485840, 107.266876, 1120.935181, -1064.000000, 175.000000, -492.000000, 55.000000, -621.000000
2.300000, 937.556152, -45.708847, 784.434143, -1220.000000, 207.000000, 450.000000, 63.000000, -618.000000
2.350000, 430.074493, 10.346279, 15.099747, -696.000000, -75.000000, 1003.000000, 63.000000, -546.000000
2.400000, -133.816879, -82.120689, -188.241409, 20.000000, -102.000000, 812.000000, 48.000000, -489.000000
2.450000, -719.465271, -135.983292, 438.129272, 200.000000, 3.000000, 492.000000, 40.000000, -457.000000
2.500000, -601.898193, -88.123703, 940.820435, 116.000000, -361.000000, -126.000000, 31.000000, -459.000000
2.550000, -159.710724, -176.789520, 882.054810, -149.000000, 52.000000, -149.000000, 39.000000, -466.000000
2.600000, 282.036011, -114.000237, 440.285492, 59.000000, -23.000000, 88.000000, 39.000000, -459.000000
2.650000, 2.519989, -140.491318, 575.655029, 64.000000, 140.000000, 42.000000, 36.000000, -465.000000
2.700000, -172.577209, -227.943756, 844.108948, 75.000000, -30.000000, 83.000000, 31.000000, -459.000000
2.750000, -8.780151, -171.809860, 704.886108, -28.000000, -46.000000, -7.000000, 37.000000, -448.000000
2.800000, -128.536743, -181.000046, 733.087036, 20.000000, -7.000000, -39.000000, 34.000000, -454.000000
2.850000, 114.133736, -144.782364, 683.021606, -9.000000, -49.000000, -17.000000, 31.000000, -456.000000
2.900000, 2.165726, -160.179962, 696.822876, -3.000000, -54.000000, 6.000000, 36.000000, -460.000000
2.950000, -125.427032, -190.394592, 766.329102, 12.000000, 4.000000, -23.000000, 33.000000, -460.000000
3.000000, 146.704559, -141.042999, 680.847961, 5.000000, -59.000000, -6.000000, 39.000000, -459.000000
3.050000, -34.427406, -177.798004, 754.119324, -28.000000, -2.000000, -9.000000, 28.000000, -463.000000
3.100000, 31.361252, -163.345413, 695.739990, 25.000000, -4.000000, 4.000000, 33.000000, -459.000000
3.150000, 33.057098, -163.819519, 692.711670, -23.000000, -10.000000, 25.000000, 30.000000, -462.000000
3.200000, -79.341949, -180.935104, 749.240112, -7.000000, 1.000000, 49.000000, 36.000000, -456.000000
3.250000, 96.695160, -145.525574, 632.194214, 7.000000, 1.000000, 9.000000, 33.000000, -459.000000
3.300000, -67.067139, -189.361237, 728.728333, 14.000000, -36.000000, 5.000000, 40.000000, -456.000000
3.350000, -39.868042, -175.231415, 724.428406, 24.000000, -9.000000, 23.000000, 39.000000, -462.000000
3.400000, 2.800125, -161.174942, 670.279907, 15.000000, -17.000000, -11.000000, 31.000000, -454.000000
3.450000, -71.542786, -183.685028, 751.056641, 37.000000, -11.000000, -9.000000, 37.000000, -459.000000
3.500000, 81.570480, -151.531158, 686.152344, -8.000000, 10.000000, 8.000000, 39.000000, -459.000000
3.550000, -44.130344, -172.845398, 717.366821, 22.000000, 18.000000, 19.000000, 30.000000, -462.000000
3.600000, -43.159348, -169.055283, 727.165283, 35.000000, -51.000000, 23.000000, 36.000000, -457.000000
3.650000, 1.732071, -161.265228, 711.905151, -1.000000, 19.000000, -11.000000, 30.000000, -445.000000
3.700000, -66.961975, -173.809067, 758.576233, 25.000000, -38.000000, 31.000000, 33.000000, -454.000000
3.750000, 29.400085, -155.783798, 667.466248, 0.000000, -4.000000, 11.000000, 37.000000, -459.000000
3.800000, -81.392715, -183.653564, 708.273926, 14.000000, -11.000000, -2.000000, 30.000000, -453.000000
3.850000, -38.605423, -164.642700, 732.874268, -13.000000, 4.000000, 30.000000, 34.000000, -456.000000
3.900000, 46.454010, -148.779633, 667.822693, 4.000000, 0.000000, -25.000000, 42.000000, -454.000000
3.950000, -61.158859, -176.599991, 726.625061, 17.000000, -20.000000, 2.000000, 42.000000, -459.000000
4.000000, -12.065338, -156.068512, 693.096191, 26.000000, -36.000000, 14.000000, 33.000000, -451.000000
4.050000, -59.376068, -172.059784, 693.998291, 27.000000, -10.000000, -35.000000, 34.000000, -453.000000
4.100000, -20.677116, -167.800323, 732.661560, -4.000000, -7.000000, -9.000000, 37.000000, -451.000000
4.150000, 28.854126, -150.913467, 688.341187, 8.000000, -9.000000, -4.000000, 30.000000, -451.000000
4.200000, -72.782578, -177.099884, 710.865234, -1.000000, 8.000000, 15.000000, 34.000000, -447.000000
4.250000, 7.159679, -156.834000, 703.710571, -3.000000, -21.000000, 16.000000, 36.000000, -450.000000
4.300000, -14.188046, -162.981873, 704.740112, 35.000000, -28.000000, -42.000000, 39.000000, -445.000000
4.350000, -46.610954, -174.144913, 730.418457, 18.000000, -3.000000, 2.000000, 34.000000, -456.000000
4.400000, 9.386971, -151.966766, 694.214355, 11.000000, -2.000000, -2.000000, 28.000000, -450.000000
4.450000, -50.022247, -166.910736, 712.536133, 32.000000, -30.000000, 7.000000, 30.000000, -451.000000
4.500000, -10.833446, -160.928558, 728.726318, 0.000000, 5.000000, -16.000000, 37.000000, -454.000000
4.550000, 6.373154, -158.160538, 691.339722, 13.000000, -18.000000, -7.000000, 34.000000, -453.000000
4.600000, -24.261990, -166.541489, 695.064758, 23.000000, -21.000000, 19.000000, 33.000000, -445.000000
4.650000, -5.103947, -152.254562, 727.662109, 7.000000, -12.000000, -16.000000, 37.000000, -447.000000
4.700000, -23.346256, -163.751663, 718.115906, 9.000000, -5.000000, -4.000000, 30.000000, -453.000000
4.750000, 3.830194, -159.486954, 694.656616, 5.000000, -16.000000, -2.000000, 34.000000, -454.000000
4.800000, -7.263641, -153.668304, 715.228455, 14.000000, -8.000000, 18.000000, 31.000000, -456.000000
4.850000, -35.399002, -168.673599, 712.139526, 8.000000, -23.000000, -6.000000, 33.000000, -454.000000
4.900000, -9.385740, -156.935699, 701.239319, 19.000000, -16.000000, 11.000000, 31.000000, -448.000000
4.950000, -16.043552, -156.850403, 714.503113, 9.000000, -9.000000, -7.000000, 36.000000, -450.000000
5.000000, -15.198833, -161.507767, 684.708679, 8.000000, -37.000000, -9.000000, 39.000000, -451.000000
5.050000, -18.534431, -153.081604, 680.059082, 16.000000, 5.000000, 14.000000, 27.000000, -453.000000
5.100000, -0.358454, -154.845551, 713.672729, 20.000000, -23.000000, -3.000000, 25.000000, -453.000000
5.150000, 9.333927, -153.469131, 715.436218, 37.000000, 2.000000, 6.000000, 30.000000, -451.000000
5.200000, -31.982040, -154.560455, 722.158447, 7.000000, -4.000000, -7.000000, 22.000000, -444.000000
5.250000, -15.713058, -155.910217, 718.530823, 11.000000, -18.000000, -26.000000, 30.000000, -441.000000
5.300000, -14.199831, -154.540192, 706.207153, 16.000000, -20.000000, 31.000000, 33.000000, -448.000000
5.350000, -21.311157, -152.371384, 724.112183, 0.000000, 11.000000, -29.000000, 30.000000, -450.000000
5.400000, 12.052227, -148.976562, 718.491882, 1.000000, -18.000000, 4.000000, 33.000000, -450.000000
5.450000, -11.995827, -156.945679, 697.722229, 7.000000, -4.000000, 10.000000, 28.000000, -456.000000
5.500000, -22.828457, -158.372543, 707.539917, 23.000000, -11.000000, 7.000000, 27.000000, -445.000000
5.550000, -14.447697, -155.196365, 721.641907, 18.000000, -35.000000, -11.000000, 31.000000, -444.000000
5.600000, -34.050941, -158.085175, 711.426270, 1.000000, -6.000000, -8.000000, 31.000000, -450.000000
5.650000, -17.991436, -152.053207, 695.190063, 20.000000, -13.000000, 3.000000, 37.000000, -442.000000
5.700000, -6.987510, -149.666809, 712.712463, -2.000000, -2.000000, -21.000000, 33.000000, -451.000000
5.750000, -20.553391, -153.591248, 721.394043, 9.000000, -27.000000, 0.000000, 25.000000, -447.000000
5.800000, -14.357630, -153.848190, 702.644775, 21.000000, 3.000000, -5.000000, 34.000000, -456.000000
5.850000, -6.204960, -154.545944, 713.073547, 4.000000, -6.000000, -12.000000, 37.000000, -445.000000
5.900000, -8.703660, -150.100616, 717.525696, 15.000000, -11.000000, -12.000000, 39.000000, -451.000000
5.950000, -0.592941, -148.283798, 705.765198, 16.000000, -3.000000, 2.000000, 34.000000, -451.000000
6.000000, 1.660698, -154.573227, 721.523560, 3.000000, -14.000000, -25.000000, 27.000000, -447.000000
6.050000, -7.599801, -151.370453, 723.848694, -2.000000, -2.000000, 18.000000, 33.000000, -457.000000
6.100000, 0.459764, -148.209503, 709.844604, 18.000000, -7.000000, -32.000000, 30.000000, -447.000000
6.150000, -5.922106, -152.006760, 708.595703, 12.000000, 6.000000, 17.000000, 30.000000, -448.000000
6.200000, -15.170224, -149.673538, 704.570190, 8.000000, -18.000000, -6.000000, 33.000000, -450.000000
6.250000, -5.230865, -151.375595, 715.662659, 18.000000, -4.000000, -13.000000, 25.000000, -451.000000
6.300000, -7.762909, -150.059982, 721.158081, -3.000000, -16.000000, -16.000000, 27.000000, -444.000000
6.350000, -11.034708, -147.565948, 703.960205, 16.000000, -7.000000, 9.000000, 30.000000, -448.000000
6.400000, -22.999321, -155.759018, 710.943848, 23.000000, -24.000000, -4.000000, 33.000000, -451.000000
6.450000, -25.296055, -150.788055, 726.336121, 31.000000, -17.000000, 21.000000, 30.000000, -448.000000
6.500000, -11.821361, -146.831940, 737.292114, 14.000000, -25.000000, -22.000000, 28.000000, -444.000000
6.550000, -11.954590, -151.539505, 729.190002, 19.000000, 7.000000, 23.000000, 30.000000, -438.000000
6.600000, 0.498815, -146.739212, 689.750732, 6.000000, -8.000000, -9.000000, 33.000000, -436.000000
6.650000, -1.676023, -148.394836, 698.275269, 14.000000, -18.000000, 16.000000, 30.000000, -439.000000
6.700000, -21.806669, -149.701584, 724.604980, 10.000000, -18.000000, -2.000000, 31.000000, -445.000000
6.750000, -15.911709, -146.973907, 697.417969, 7.000000, -16.000000, -14.000000, 28.000000, -445.000000
6.800000, -3.947783, -148.643799, 689.295044, 11.000000, 0.000000, -11.000000, 27.000000, -445.000000
6.850000, -14.403163, -147.505737, 719.939087, 17.000000, -5.000000, 18.000000, 31.000000, -450.000000
6.900000, -30.947042, -148.139175, 731.038086, 26.000000, -16.000000, 7.000000, 30.000000, -444.000000
6.950000, -16.507614, -145.564026, 716.579224, 21.000000, -5.000000, 2.000000, 31.000000, -447.000000
7.000000, -8.736258, -143.165970, 714.997070, 16.000000, -9.000000, 4.000000, 36.000000, -441.000000
7.050000, -4.995871, -143.542755, 724.458496, 7.000000, -10.000000, 12.000000, 28.000000, -441.000000
7.100000, 12.671480, -139.907120, 709.717407, 11.000000, -16.000000, -16.000000, 31.000000, -451.000000
7.150000, -18.330589, -143.651993, 708.197571, -1.000000, -21.000000, 5.000000, 31.000000, -445.000000
7.200000, -25.663071, -145.442917, 720.000122, 20.000000, -11.000000, -18.000000, 31.000000, -442.000000
7.250000, 1.604088, -141.829865, 711.491028, 5.000000, 0.000000, -1.000000, 31.000000, -444.000000
7.300000, -17.890718, -141.015381, 719.996643, 10.000000, -12.000000, -1.000000, 30.000000, -444.000000
7.350000, -18.830114, -139.193100, 723.523315, 2.000000, -12.000000, -7.000000, 28.000000, -450.000000
7.400000, 0.221040, -144.286713, 703.703247, 0.000000, -20.000000, -30.000000, 33.000000, -439.000000
7.450000, 3.802980, -143.853561, 699.081360, 23.000000, -16.000000, 9.000000, 28.000000, -445.000000
7.500000, -0.929132, -139.979279, 712.348877, 14.000000, -12.000000, -31.000000, 28.000000, -442.000000
7.550000, -3.486874, -145.369171, 725.698608, 4.000000, -4.000000, 10.000000, 31.000000, -450.000000
7.600000, 10.804727, -142.821808, 709.061462, 12.000000, -5.000000, -14.000000, 24.000000, -441.000000
7.650000, -2.472024, -144.306015, 698.143433, 5.000000, -6.000000, -4.000000, 28.000000, -444.000000
7.700000, -1.866459, -144.151337, 718.165588, 23.000000, -25.000000, 7.000000, 31.000000, -442.000000
7.750000, 7.985580, -137.370010, 726.272217, 12.000000, -2.000000, -13.000000, 34.000000, -442.000000
7.800000, -22.042307, -143.819244, 731.747742, 10.000000, -18.000000, -8.000000, 36.000000, -445.000000
7.850000, -4.483019, -138.567230, 723.625000, 12.000000, -9.000000, -2.000000, 31.000000, -436.000000
7.900000, 9.900541, -137.229584, 709.633057, 17.000000, -15.000000, 14.000000, 34.000000, -439.000000
7.950000, -19.608681, -148.045044, 722.177673, 16.000000, -12.000000, -4.000000, 33.000000, -436.000000
8.000000, -12.328807, -138.710022, 723.356201, 10.000000, -11.000000, -24.000000, 33.000000, -445.000000
8.050000, -5.244016, -137.781235, 719.665161, 5.000000, -11.000000, 5.000000, 31.000000, -441.000000
8.100000, -14.332316, -144.857651, 719.032104, 5.000000, -3.000000, -16.000000, 31.000000, -444.000000
8.150000, -15.092415, -140.330338, 716.551880, 7.000000, -25.000000, 4.000000, 31.000000, -447.000000
8.200000, -8.957773, -139.268753, 723.313538, 7.000000, 0.000000, 11.000000, 34.000000, -432.000000
8.250000, -21.307608, -143.468765, 714.204285, 16.000000, -20.000000, -4.000000, 36.000000, -433.000000
8.300000, -25.076939, -145.513397, 719.996826, 14.000000, 0.000000, -7.000000, 31.000000, -438.000000
8.350000, 22.445633, -137.536652, 726.845459, -9.000000, -23.000000, -15.000000, 28.000000, -436.000000
8.400000, 0.771461, -140.049728, 703.081238, 10.000000, -11.000000, 7.000000, 33.000000, -442.000000
8.450000, -27.770309, -146.462677, 713.428528, -3.000000, -21.000000, -23.000000, 22.000000, -439.000000
8.500000, 27.166672, -139.527222, 723.991028, 0.000000, -21.000000, -15.000000, 31.000000, -438.000000
8.550000, -0.669579, -144.576660, 708.470215, 25.000000, -17.000000, 17.000000, 27.000000, -445.000000
8.600000, -25.217571, -142.905243, 718.498230, 20.000000, -11.000000, -3.000000, 27.000000, -444.000000
8.650000, 10.748770, -136.652435, 723.581726, 23.000000, -17.000000, -2.000000, 27.000000, -447.000000
8.700000, -14.689998, -143.269562, 721.008423, 5.000000, -7.000000, 3.000000, 34.000000, -450.000000
8.750000, -18.544119, -139.587326, 723.083862, 4.000000, -7.000000, -9.000000, 25.000000, -441.000000
8.800000, -3.906149, -141.465256, 709.882446, 14.000000, -21.000000, -3.000000, 30.000000, -441.000000
8.850000, -10.173014, -144.244064, 709.203796, 0.000000, -6.000000, 0.000000, 31.000000, -447.000000
