Sample Time, Accel_x, Accel_y, Accel_z, Gyro_x, Gyro_y, Gyro_z, Magneto_x, Magneto_y, Magneto_z
0.000000, 2.348497, -63.996559, 295.910675, 16.000000, -4.000000, -14.000000, -33.000000, -471.000000
0.050000, 5.928069, -187.887085, 862.306641, 7.000000, 5.000000, 4.000000, -25.000000, -471.000000
0.100000, 5.898916, -185.904587, 851.700623, -1.000000, -19.000000, -19.000000, -24.000000, -472.000000
0.150000, 4.128487, -121.392197, 556.376343, 2.000000, -18.000000, 34.000000, -22.000000, -475.000000
0.200000, -7.723990, -168.516693, 732.120056, 1.000000, -2.000000, -8.000000, -30.000000, -474.000000
0.250000, -22.375315, -176.606461, 761.757812, -4.000000, -12.000000, 8.000000, -25.000000, -469.000000
0.300000, -14.555720, -140.490875, 665.843750, 7.000000, -14.000000, 9.000000, -30.000000, -477.000000
0.350000, -12.778224, -161.605072, 742.701538, -11.000000, -32.000000, -23.000000, -27.000000, -475.000000
0.400000, -15.948215, -160.520050, 689.090332, 10.000000, -11.000000, 2.000000, -28.000000, -468.000000
0.450000, 7.212869, -154.564316, 709.855835, 9.000000, -7.000000, -25.000000, -27.000000, -469.000000
0.500000, 7.030519, -154.865631, 726.971924, -2.000000, 1.000000, -14.000000, -27.000000, -469.000000
0.550000, -14.104589, -153.744675, 690.640930, 2.000000, -3.000000, -9.000000, -24.000000, -471.000000
0.600000, -7.632235, -165.718826, 732.800171, 7.000000, -4.000000, -6.000000, -31.000000, -474.000000
0.650000, -3.507820, -158.723770, 692.302307, -6.000000, -4.000000, -21.000000, -25.000000, -465.000000
0.700000, 0.254016, -162.639618, 691.462280, -8.000000, -4.000000, -26.000000, -28.000000, -466.000000
0.750000, 17.776676, -160.587234, 700.030640, 1.000000, -7.000000, 13.000000, -31.000000, -469.000000
0.800000, 2.745850, -154.454895, 692.228271, 2.000000, 1.000000, 0.000000, -22.000000, -466.000000
0.850000, -9.765364, -169.938110, 712.071899, 16.000000, -13.000000, -5.000000, -21.000000, -474.000000
0.900000, 6.119633, -159.204376, 688.100098, 4.000000, 4.000000, 1.000000, -31.000000, -469.000000
0.950000, -15.688400, -158.259918, 723.842041, 18.000000, -17.000000, 4.000000, -28.000000, -468.000000
1.000000, -5.269024, -163.756058, 716.862671, 0.000000, -5.000000, -14.000000, -28.000000, -471.000000
1.050000, 23.496744, -154.138550, 705.708679, 9.000000, -36.000000, -14.000000, -28.000000, -468.000000
1.100000, -16.125044, -164.748337, 744.623047, 2.000000, -31.000000, 10.000000, -30.000000, -477.000000
1.150000, -6.148708, -157.935333, 695.968384, 14.000000, -21.000000, 11.000000, -25.000000, -474.000000
1.200000, -4.134895, -160.190613, 707.696411, 1.000000, -21.000000, 24.000000, -25.000000, -468.000000
1.250000, -22.332355, -174.448944, 716.381592, -11.000000, 8.000000, -30.000000, -33.000000, -463.000000
1.300000, 31.674341, -157.522354, 692.747559, 14.000000, -17.000000, 11.000000, -21.000000, -472.000000
1.350000, 10.278780, -160.463318, 731.564331, -3.000000, 0.000000, -8.000000, -27.000000, -474.000000
1.400000, -15.644897, -165.225266, 699.328857, 17.000000, -14.000000, 6.000000, -19.000000, -466.000000
1.450000, 7.101238, -158.495148, 695.355103, -4.000000, 6.000000, -6.000000, -25.000000, -472.000000
1.500000, -13.254673, -165.900940, 713.266113, 13.000000, 0.000000, -13.000000, -30.000000, -469.000000
1.550000, -11.576473, -162.162277, 694.281616, 11.000000, -20.000000, 10.000000, -21.000000, -466.000000
1.600000, -9.135412, -160.607666, 724.006104, 4.000000, 3.000000, -10.000000, -30.000000, -471.000000
1.650000, 11.086580, -161.868118, 707.795410, 16.000000, -10.000000, -7.000000, -27.000000, -474.000000
1.700000, 14.634418, -160.011841, 704.611511, 10.000000, -16.000000, -13.000000, -21.000000, -465.000000
1.750000, -12.829201, -162.706665, 715.140686, 12.000000, -4.000000, 4.000000, -25.000000, -475.000000
1.800000, 17.788345, -160.090378, 690.759583, 12.000000, -15.000000, -2.000000, -25.000000, -477.000000
1.850000, 0.492363, -162.416763, 733.131165, -1.000000, -4.000000, 18.000000, -24.000000, -465.000000
1.900000, -18.495722, -162.106873, 727.351013, 4.000000, -15.000000, -1.000000, -31.000000, -478.000000
1.950000, 12.867176, -156.205933, 695.496277, -16.000000, 0.000000, 12.000000, -25.000000, -474.000000
2.000000, -2.331444, -159.611725, 711.997131, -17.000000, -11.000000, 7.000000, -27.000000, -474.000000
2.050000, -2.532511, -164.105316, 691.160583, 18.000000, -14.000000, -4.000000, -21.000000, -472.000000
2.100000, 3.423969, -162.271561, 712.653564, 10.000000, -9.000000, -23.000000, -25.000000, -474.000000
2.150000, 6.878613, -161.127121, 727.151917, 2.000000, 2.000000, -8.000000, -21.000000, -472.000000
2.200000, 24.890915, -162.270706, 694.858521, 14.000000, -5.000000, 0.000000, -24.000000, -472.000000
2.250000, 6.917336, -158.649841, 722.291504, 5.000000, -11.000000, -23.000000, -25.000000, -471.000000
2.300000, -2.091815, -162.724640, 719.132202, -6.000000, -3.000000, 25.000000, -25.000000, -475.000000
2.350000, -6.999546, -168.229950, 691.533386, 5.000000, -4.000000, -13.000000, -22.000000, -466.000000
2.400000, -5.683109, -158.968689, 714.191650, 15.000000, -14.000000, -9.000000, -28.000000, -472.000000
2.450000, 25.590326, -156.761673, 721.744080, 9.000000, -2.000000, 0.000000, -24.000000, -475.000000
2.500000, 18.713562, -163.369537, 715.722961, 8.000000, 2.000000, -2.000000, -30.000000, -462.000000
2.550000, 0.293544, -163.972443, 713.230957, 4.000000, -1.000000, 0.000000, -21.000000, -466.000000
2.600000, 6.662492, -160.554733, 705.014526, 7.000000, 4.000000, -14.000000, -31.000000, -471.000000
2.650000, 19.556667, -157.156708, 687.467773, 26.000000, 18.000000, 7.000000, -19.000000, -468.000000
2.700000, 18.519478, -148.900284, 695.641968, 82.000000, -27.000000, 11.000000, -19.000000, -469.000000
2.750000, 12.328291, -142.555771, 692.175659, 121.000000, 133.000000, 81.000000, -36.000000, -462.000000
2.800000, 32.913715, -165.179459, 667.718628, 345.000000, 189.000000, 158.000000, -34.000000, -454.000000
2.850000, -115.784294, -245.892883, 1028.912842, 443.000000, 145.000000, 351.000000, -45.000000, -447.000000
2.900000, -341.522766, -339.412628, 1562.880859, -26.000000, -262.000000, 41.000000, -63.000000, -439.000000
2.950000, -318.511353, -177.964783, 1487.324951, -2218.000000, 426.000000, -248.000000, -9.000000, -424.000000
3.000000, -115.281189, 168.588776, 646.894653, -1838.000000, -198.000000, -340.000000, 36.000000, -456.000000
3.050000, 206.667465, 181.514221, -565.293579, -600.000000, -457.000000, 97.000000, 43.000000, -477.000000
3.100000, 223.013885, 63.657860, -865.524963, -238.000000, -113.000000, 312.000000, 57.000000, -481.000000
3.150000, -207.255417, 146.349686, -365.191711, 434.000000, 151.000000, 210.000000, 55.000000, -474.000000
3.200000, -199.361542, 169.278671, -487.739075, 1264.000000, -262.000000, -12.000000, 40.000000, -463.000000
3.250000, 101.593613, 231.685333, -242.028625, 2366.000000, -109.000000, 271.000000, 16.000000, -441.000000
3.300000, -109.702797, 327.104645, 824.631531, 2769.000000, -607.000000, -301.000000, -34.000000, -451.000000
3.350000, -344.829681, 320.493286, 1456.220703, 1602.000000, -844.000000, -1243.000000, -120.000000, -532.000000
3.400000, -198.741455, 380.056396, 1505.155518, 420.000000, -685.000000, -1093.000000, -219.000000, -636.000000
3.450000, 33.676411, 302.349030, 1339.309570, -723.000000, -149.000000, -1542.000000, -226.000000, -700.000000
3.500000, 389.957031, 138.786377, 1406.719727, -1397.000000, 196.000000, -1423.000000, -132.000000, -768.000000
3.550000, 889.396484, 206.969528, 1327.275391, -1645.000000, -161.000000, -949.000000, -123.000000, -907.000000
3.600000, 1431.223755, 310.008942, 722.206116, -1743.000000, 90.000000, -123.000000, -138.000000, -904.000000
3.650000, 1371.037476, 282.648224, 219.515991, -1835.000000, -3.000000, 987.000000, -61.000000, -796.000000
3.700000, 543.979614, 193.075409, -220.114929, -1388.000000, 141.000000, 1356.000000, 0.000000, -673.000000
3.750000, 157.019409, 141.231415, -526.947754, 128.000000, -78.000000, 1721.000000, 33.000000, -574.000000
3.800000, -284.683533, 143.281693, -323.454529, 617.000000, -329.000000, 1827.000000, 42.000000, -486.000000
3.850000, -974.929749, 145.533432, 211.330994, 1131.000000, -359.000000, 1266.000000, 37.000000, -438.000000
3.900000, -661.276733, 176.183258, 687.914551, 1358.000000, -326.000000, 676.000000, 19.000000, -409.000000
3.950000, -638.735046, 137.160416, 884.975220, 1257.000000, -527.000000, 11.000000, -30.000000, -412.000000
4.000000, -1042.532104, 51.114567, 1236.478027, 1110.000000, -424.000000, -607.000000, -67.000000, -435.000000
4.050000, -494.572021, 83.346710, 1568.122559, 492.000000, -242.000000, -1416.000000, -78.000000, -487.000000
4.100000, 182.607315, 105.269554, 1371.940674, 114.000000, -184.000000, -1300.000000, -69.000000, -525.000000
4.150000, 597.998413, 51.186001, 1219.149414, -551.000000, 220.000000, -1133.000000, -25.000000, -565.000000
4.200000, 678.815613, 7.248142, 1122.724487, -746.000000, -11.000000, -336.000000, 48.000000, -598.000000
4.250000, 522.352478, -29.194780, 705.790039, -907.000000, 217.000000, 41.000000, 90.000000, -610.000000
4.300000, 514.150513, -69.064026, 376.496094, -592.000000, -74.000000, 462.000000, 82.000000, -582.000000
4.350000, 197.116241, -110.096832, 334.656189, -385.000000, -10.000000, 522.000000, 69.000000, -534.000000
4.400000, 32.326210, -82.967476, 378.990845, -69.000000, -38.000000, 744.000000, 52.000000, -493.000000
4.450000, -133.814240, -73.875687, 489.469482, 111.000000, -128.000000, 836.000000, 31.000000, -463.000000
4.500000, -596.869446, -136.010437, 735.727417, 164.000000, -207.000000, 396.000000, 24.000000, -441.000000
4.550000, -344.696381, -104.809799, 803.896790, 103.000000, -6.000000, 45.000000, 19.000000, -436.000000
4.600000, -15.123718, -87.330933, 707.916687, 89.000000, -112.000000, -55.000000, 21.000000, -444.000000
4.650000, -75.760498, -137.108139, 780.207153, 16.000000, 77.000000, -11.000000, 12.000000, -432.000000
4.700000, 29.149052, -133.804779, 750.638000, 41.000000, -46.000000, -65.000000, 21.000000, -438.000000
4.750000, 0.728954, -149.063644, 673.213379, -14.000000, 16.000000, 18.000000, 27.000000, -439.000000
4.800000, -8.483833, -154.455612, 719.124817, 34.000000, -88.000000, -32.000000, 19.000000, -441.000000
4.850000, 30.177063, -136.381973, 707.401855, -9.000000, 0.000000, 12.000000, 22.000000, -441.000000
4.900000, -21.279861, -148.936676, 712.277100, -2.000000, -28.000000, -15.000000, 25.000000, -439.000000
4.950000, 52.588432, -136.080521, 713.979004, 22.000000, -35.000000, -57.000000, 30.000000, -448.000000
5.000000, 23.844612, -132.317841, 731.228271, -9.000000, -7.000000, 22.000000, 24.000000, -438.000000
5.050000, -29.888573, -142.615936, 724.177368, -8.000000, -37.000000, 14.000000, 27.000000, -444.000000
5.100000, -2.465034, -136.762573, 670.101318, 35.000000, -65.000000, 13.000000, 21.000000, -444.000000
5.150000, 10.735100, -134.968506, 736.485901, 31.000000, 11.000000, 9.000000, 28.000000, -447.000000
5.200000, 24.826462, -129.918365, 732.872375, -7.000000, -23.000000, 14.000000, 30.000000, -448.000000
5.250000, -29.848013, -137.491638, 682.307739, -1.000000, 1.000000, -21.000000, 21.000000, -444.000000
5.300000, 20.100109, -136.359314, 707.360413, 9.000000, -7.000000, -21.000000, 30.000000, -447.000000
5.350000, 37.163231, -136.661804, 705.632324, 11.000000, 2.000000, -8.000000, 28.000000, -444.000000
5.400000, -30.705116, -145.422287, 737.387512, 5.000000, -5.000000, 1.000000, 21.000000, -441.000000
5.450000, 24.780397, -133.836121, 719.312012, 5.000000, -7.000000, -24.000000, 25.000000, -442.000000
5.500000, -11.533401, -142.049026, 686.304199, 12.000000, -23.000000, -4.000000, 21.000000, -438.000000
5.550000, -18.101784, -141.089996, 720.771484, 12.000000, 24.000000, -10.000000, 30.000000, -441.000000
5.600000, 19.182991, -136.802414, 715.171021, 5.000000, -19.000000, 0.000000, 18.000000, -444.000000
5.650000, -36.642681, -148.150299, 725.592041, 14.000000, 0.000000, -2.000000, 30.000000, -442.000000
5.700000, 8.619072, -133.129532, 712.976379, 4.000000, -4.000000, 0.000000, 19.000000, -442.000000
5.750000, -2.520454, -140.046448, 678.530701, 3.000000, 11.000000, -7.000000, 18.000000, -447.000000
5.800000, -25.413193, -138.984436, 717.462036, 25.000000, -21.000000, -4.000000, 16.000000, -444.000000
5.850000, 30.710358, -124.438690, 734.456116, -1.000000, 12.000000, -12.000000, 16.000000, -442.000000
5.900000, -12.377202, -145.250259, 717.510254, 39.000000, -49.000000, -1.000000, 18.000000, -445.000000
5.950000, -9.108551, -138.614487, 708.728394, 11.000000, 16.000000, -22.000000, 16.000000, -442.000000
6.000000, 28.614555, -127.042206, 717.477783, 13.000000, -22.000000, -9.000000, 18.000000, -436.000000
6.050000, 2.174753, -134.373489, 730.003601, 4.000000, -1.000000, 26.000000, 19.000000, -436.000000
6.100000, -16.770580, -138.061203, 706.028442, 2.000000, 10.000000, -10.000000, 21.000000, -442.000000
6.150000, -17.970030, -143.126450, 707.839783, 4.000000, -21.000000, -1.000000, 15.000000, -439.000000
6.200000, 11.450378, -132.190933, 713.377563, 14.000000, -16.000000, -1.000000, 22.000000, -435.000000
6.250000, 4.045143, -135.557663, 693.248657, 0.000000, -2.000000, -9.000000, 16.000000, -438.000000
6.300000, -25.386574, -140.570404, 717.757080, 17.000000, -18.000000, 16.000000, 24.000000, -441.000000
6.350000, -8.814150, -131.532150, 720.344788, 0.000000, 9.000000, -28.000000, 18.000000, -439.000000
6.400000, 9.138397, -135.745407, 694.792603, 16.000000, -27.000000, -14.000000, 21.000000, -442.000000
6.450000, 3.175100, -132.578354, 716.824585, 16.000000, 1.000000, 0.000000, 21.000000, -433.000000
6.500000, -20.942516, -136.559586, 724.913635, 1.000000, -19.000000, -23.000000, 19.000000, -439.000000
6.550000, -6.415932, -137.797241, 711.258789, 6.000000, -14.000000, -11.000000, 16.000000, -442.000000
6.600000, 3.818085, -130.176727, 721.951843, 19.000000, -16.000000, -1.000000, 19.000000, -435.000000
6.650000, -19.116039, -139.014847, 728.150085, 9.000000, -13.000000, -3.000000, 13.000000, -448.000000
6.700000, 5.253139, -132.104233, 716.750366, -8.000000, -14.000000, 13.000000, 21.000000, -441.000000
6.750000, -0.438980, -131.508743, 700.759277, 9.000000, -46.000000, -24.000000, 28.000000, -439.000000
6.800000, -7.821476, -140.910263, 698.355530, 39.000000, -7.000000, -11.000000, 18.000000, -444.000000
6.850000, 24.119553, -132.407532, 729.776855, 15.000000, -12.000000, -8.000000, 18.000000, -435.000000
6.900000, 2.711406, -130.925873, 746.119751, 8.000000, -16.000000, -6.000000, 25.000000, -436.000000
6.950000, -2.333260, -130.715744, 713.504150, -10.000000, -2.000000, -1.000000, 19.000000, -439.000000
7.000000, -2.074806, -138.640274, 702.489075, 11.000000, -5.000000, 4.000000, 19.000000, -441.000000
7.050000, 0.987644, -137.219986, 715.363953, 7.000000, 3.000000, -28.000000, 16.000000, -442.000000
7.100000, 18.392969, -123.853111, 712.218872, 24.000000, -20.000000, 4.000000, 13.000000, -447.000000
7.150000, -23.926392, -139.188202, 723.042908, 4.000000, -5.000000, -29.000000, 18.000000, -439.000000
7.200000, 3.395630, -137.733704, 725.688416, 11.000000, -9.000000, 0.000000, 15.000000, -456.000000
7.250000, 38.469444, -129.220245, 711.019470, 14.000000, -14.000000, -19.000000, 19.000000, -439.000000
7.300000, -9.059906, -138.890213, 717.334351, 12.000000, -11.000000, 10.000000, 24.000000, -438.000000
7.350000, 7.686492, -130.280258, 722.023621, 11.000000, -4.000000, -17.000000, 24.000000, -444.000000
7.400000, 7.452610, -133.013107, 723.032959, 16.000000, -19.000000, 1.000000, 19.000000, -444.000000
7.450000, -21.663105, -137.799622, 725.371216, -2.000000, 4.000000, -2.000000, 25.000000, -442.000000
7.500000, 0.524389, -128.886337, 712.966064, 9.000000, -12.000000, -14.000000, 19.000000, -444.000000
7.550000, 0.459804, -134.180832, 717.182983, -1.000000, -9.000000, -12.000000, 15.000000, -436.000000
7.600000, -9.038156, -136.117325, 729.921021, 16.000000, 13.000000, 3.000000, 24.000000, -441.000000
7.650000, -15.105312, -136.687042, 714.646484, 0.000000, -11.000000, 2.000000, 27.000000, -435.000000
7.700000, -10.345201, -136.917892, 700.690613, 10.000000, 0.000000, -17.000000, 19.000000, -439.000000
7.750000, -0.795790, -132.194366, 721.142212, 22.000000, -9.000000, 2.000000, 21.000000, -438.000000
7.800000, -17.070951, -135.350540, 733.782837, -4.000000, 1.000000, 0.000000, 19.000000, -438.000000
7.850000, 1.874399, -133.392410, 706.567383, 13.000000, -22.000000, 6.000000, 15.000000, -432.000000
7.900000, 11.713886, -133.760712, 710.531433, 10.000000, -11.000000, -4.000000, 18.000000, -436.000000
7.950000, -18.018373, -137.997513, 730.960510, 5.000000, -21.000000, -1.000000, 16.000000, -444.000000
8.000000, -5.862144, -131.253433, 708.788940, 14.000000, 7.000000, -24.000000, 16.000000, -433.000000
8.050000, 12.283790, -126.089859, 711.307983, 17.000000, -14.000000, 0.000000, 16.000000, -442.000000
8.100000, -1.379808, -128.739456, 726.870911, 16.000000, -6.000000, 1.000000, 19.000000, -436.000000
8.150000, -11.243307, -132.627609, 721.765381, 18.000000, -28.000000, -9.000000, 18.000000, -435.000000
8.200000, -1.876554, -129.774109, 726.863770, 2.000000, 7.000000, 13.000000, 24.000000, -436.000000
8.250000, -0.314387, -129.832947, 721.235352, 7.000000, -17.000000, -24.000000, 24.000000, -433.000000
8.300000, -3.306224, -129.486511, 714.263489, 3.000000, -2.000000, 1.000000, 19.000000, -435.000000
8.350000, 6.363147, -121.741318, 717.663147, 11.000000, 0.000000, -16.000000, 21.000000, -430.000000
8.400000, -5.677612, -128.190857, 726.194214, 2.000000, -4.000000, -5.000000, 21.000000, -436.000000
8.450000, -1.029560, -129.073380, 722.713135, 3.000000, -16.000000, -18.000000, 10.000000, -438.000000
8.500000, 9.569712, -124.410889, 699.450317, -2.000000, -1.000000, -10.000000, 18.000000, -435.000000
8.550000, 0.491882, -131.676758, 714.068054, 11.000000, -18.000000, -24.000000, 16.000000, -439.000000
8.600000, 20.720470, -131.773315, 722.708862, 6.000000, 1.000000, -2.000000, 16.000000, -445.000000
8.650000, 4.611734, -136.098251, 705.127197, 18.000000, -22.000000, -7.000000, 12.000000, -441.000000
8.700000, -3.717190, -131.076889, 727.765137, 4.000000, 0.000000, 14.000000, 22.000000, -439.000000
8.750000, 22.128050, -124.325928, 724.728333, 7.000000, -20.000000, -10.000000, 10.000000, -445.000000
8.800000, -7.836551, -134.398163, 710.560242, 10.000000, -11.000000, -21.000000, 18.000000, -441.000000
8.850000, 6.122086, -125.382431, 729.853638, 0.000000, -12.000000, -28.000000, 24.000000, -445.000000
8.900000, 22.142624, -127.601562, 711.700928, 20.000000, -20.000000, -13.000000, 18.000000, -448.000000
8.950000, -9.056677, -135.659012, 708.896484, 1.000000, -1.000000, 7.000000, 21.000000, -442.000000
9.000000, 19.232464, -124.192276, 723.039856, 2.000000, -13.000000, -16.000000, 21.000000, -433.000000
9.050000, 27.078892, -129.323547, 707.901489, 18.000000, -12.000000, -22.000000, 21.000000, -442.000000
9.100000, 9.966294, -126.984192, 722.424072, 7.000000, -4.000000, 11.000000, 24.000000, -438.000000
9.150000, 6.917414, -127.252029, 723.687134, 12.000000, -2.000000, -21.000000, 15.000000, -439.000000
9.200000, -0.917366, -135.910309, 718.091125, -1.000000, 1.000000, -14.000000, 12.000000, -444.000000
