Sample Time, Accel_x, Accel_y, Accel_z, Gyro_x, Gyro_y, Gyro_z, Magneto_x, Magneto_y, Magneto_z
0.000000, 6.751930, -56.070377, 293.562164, 6.000000, -11.000000, -29.000000, -46.000000, -487.000000
0.050000, 4.897064, -164.320404, 857.259277, 11.000000, -19.000000, -1.000000, -49.000000, -486.000000
0.100000, 3.982683, -161.033707, 851.877808, 13.000000, -30.000000, -29.000000, -49.000000, -490.000000
0.150000, 10.251144, -106.758804, 579.648071, 23.000000, -4.000000, 19.000000, -49.000000, -490.000000
0.200000, -8.245959, -148.172989, 777.670410, 23.000000, -14.000000, -16.000000, -54.000000, -492.000000
0.250000, 11.960379, -146.000961, 779.590637, -4.000000, 1.000000, 4.000000, -52.000000, -489.000000
0.300000, 12.974182, -121.077225, 644.971069, 14.000000, -8.000000, 35.000000, -54.000000, -484.000000
0.350000, -35.746738, -148.289978, 737.172424, 7.000000, 6.000000, 9.000000, -43.000000, -489.000000
0.400000, 17.979881, -132.709808, 708.587402, 25.000000, -17.000000, 20.000000, -42.000000, -486.000000
0.450000, 23.213676, -132.460236, 735.278381, 4.000000, -5.000000, -29.000000, -46.000000, -487.000000
0.500000, -23.997684, -143.912170, 740.867126, 7.000000, 0.000000, -1.000000, -49.000000, -487.000000
0.550000, 18.108706, -129.557770, 692.506348, -5.000000, -2.000000, -3.000000, -43.000000, -486.000000
0.600000, -7.092367, -138.852737, 746.118347, 21.000000, -41.000000, -36.000000, -49.000000, -484.000000
0.650000, -21.031618, -134.566589, 705.620361, 11.000000, -7.000000, -2.000000, -52.000000, -483.000000
0.700000, 5.908669, -135.612122, 706.999817, -1.000000, -18.000000, -5.000000, -51.000000, -483.000000
0.750000, -10.636457, -141.432785, 714.808594, 8.000000, -5.000000, -32.000000, -58.000000, -489.000000
0.800000, 11.639132, -130.718018, 692.607971, 0.000000, 2.000000, 4.000000, -45.000000, -487.000000
0.850000, 3.271493, -140.525955, 735.459473, 14.000000, -4.000000, 0.000000, -46.000000, -492.000000
0.900000, -10.763411, -138.285675, 709.831238, 3.000000, -8.000000, 18.000000, -43.000000, -483.000000
0.950000, 7.838268, -131.145370, 714.330933, 5.000000, -2.000000, -4.000000, -52.000000, -492.000000
1.000000, -1.283880, -136.036560, 721.237671, 9.000000, -1.000000, 15.000000, -48.000000, -493.000000
1.050000, -10.369249, -133.676010, 710.533447, 24.000000, -26.000000, 0.000000, -48.000000, -484.000000
1.100000, -15.892345, -135.450790, 734.329895, -6.000000, -9.000000, 1.000000, -42.000000, -489.000000
1.150000, 10.812772, -130.781494, 698.315918, 36.000000, -5.000000, -15.000000, -49.000000, -483.000000
1.200000, 15.001600, -131.231415, 710.827393, 6.000000, 13.000000, -15.000000, -48.000000, -487.000000
1.250000, -16.336189, -136.345673, 726.966736, 9.000000, -4.000000, 2.000000, -52.000000, -487.000000
1.300000, 7.484311, -131.975586, 714.114868, 11.000000, -1.000000, -3.000000, -51.000000, -487.000000
1.350000, 13.482591, -135.171234, 740.038818, 6.000000, -16.000000, -8.000000, -52.000000, -481.000000
1.400000, -10.691090, -133.326736, 723.560669, -4.000000, -16.000000, 12.000000, -48.000000, -484.000000
1.450000, -0.191520, -132.088211, 715.201294, 14.000000, -14.000000, 9.000000, -51.000000, -483.000000
1.500000, 5.413291, -139.543198, 695.179382, 9.000000, -23.000000, -17.000000, -52.000000, -490.000000
1.550000, -12.144848, -137.216736, 691.892517, 9.000000, -3.000000, 10.000000, -48.000000, -487.000000
1.600000, -6.954785, -132.498886, 730.355225, 0.000000, -1.000000, -14.000000, -51.000000, -490.000000
1.650000, 10.362019, -134.084106, 700.893860, -21.000000, 4.000000, -9.000000, -46.000000, -487.000000
1.700000, -15.867248, -139.761292, 713.845459, 9.000000, 14.000000, 15.000000, -48.000000, -492.000000
1.750000, -11.714062, -137.364273, 734.064026, 13.000000, 0.000000, -23.000000, -43.000000, -484.000000
1.800000, 20.661224, -130.864609, 708.840942, 5.000000, 0.000000, 17.000000, -54.000000, -492.000000
1.850000, -15.027654, -136.390564, 727.597961, 2.000000, -8.000000, -4.000000, -48.000000, -486.000000
1.900000, -24.217646, -139.083115, 710.228333, 14.000000, -12.000000, 14.000000, -52.000000, -484.000000
1.950000, -3.272068, -135.980011, 715.021057, 7.000000, -25.000000, -9.000000, -51.000000, -481.000000
2.000000, -11.124436, -136.102982, 732.429321, 15.000000, 4.000000, -4.000000, -58.000000, -484.000000
2.050000, 3.649837, -136.278702, 700.526245, 16.000000, -23.000000, -9.000000, -52.000000, -486.000000
2.100000, -0.749518, -134.441132, 722.008911, 3.000000, 2.000000, 15.000000, -45.000000, -487.000000
2.150000, -5.093563, -131.974197, 714.865479, 7.000000, -23.000000, -5.000000, -52.000000, -481.000000
2.200000, 2.625500, -137.691437, 701.179565, 13.000000, -7.000000, -5.000000, -46.000000, -481.000000
2.250000, -4.559347, -136.382004, 728.535889, 10.000000, -11.000000, -13.000000, -46.000000, -481.000000
2.300000, 17.521908, -128.309692, 704.943787, 11.000000, 1.000000, 4.000000, -48.000000, -483.000000
2.350000, 3.352875, -135.017593, 721.606750, 34.000000, 2.000000, -17.000000, -48.000000, -481.000000
2.400000, -7.539476, -132.712418, 744.683655, 19.000000, -8.000000, -26.000000, -52.000000, -490.000000
2.450000, 21.683929, -126.288437, 713.767090, 2.000000, -2.000000, -14.000000, -51.000000, -481.000000
2.500000, 5.874817, -134.153397, 719.275818, 7.000000, -1.000000, -14.000000, -46.000000, -483.000000
2.550000, -0.263288, -133.762344, 721.648926, 5.000000, -9.000000, -4.000000, -46.000000, -481.000000
2.600000, -5.086483, -129.343719, 707.108276, 8.000000, -11.000000, 11.000000, -48.000000, -484.000000
2.650000, -4.444500, -129.437561, 711.503906, 3.000000, -2.000000, -10.000000, -54.000000, -480.000000
2.700000, 14.947779, -131.038223, 717.597046, 16.000000, -5.000000, 6.000000, -54.000000, -486.000000
2.750000, -8.990564, -132.087311, 713.129517, 16.000000, -11.000000, -12.000000, -54.000000, -484.000000
2.800000, -6.441833, -129.359146, 710.529785, 17.000000, 7.000000, 0.000000, -45.000000, -484.000000
2.850000, -7.856276, -130.659912, 728.696716, 28.000000, -14.000000, 7.000000, -54.000000, -486.000000
2.900000, -18.858942, -130.549469, 728.469727, 17.000000, 7.000000, -21.000000, -46.000000, -480.000000
2.950000, 23.817829, -128.862061, 705.970947, 33.000000, -21.000000, 2.000000, -49.000000, -484.000000
3.000000, 11.843342, -130.388794, 708.409668, 29.000000, -4.000000, 6.000000, -58.000000, -486.000000
3.050000, -11.567650, -143.086334, 737.550232, 63.000000, 35.000000, 88.000000, -45.000000, -481.000000
3.100000, -39.254730, -196.012726, 909.937378, 184.000000, -119.000000, 103.000000, -55.000000, -480.000000
3.150000, -190.421204, -254.992462, 1313.739502, 6.000000, -158.000000, 163.000000, -57.000000, -477.000000
3.200000, -209.171310, -234.441711, 1491.416382, -686.000000, -250.000000, 35.000000, -33.000000, -465.000000
3.250000, 5.006638, -155.217880, 1060.299194, -1134.000000, -59.000000, -166.000000, -6.000000, -465.000000
3.300000, 76.022079, -100.451035, 511.774384, -1098.000000, -301.000000, -238.000000, 9.000000, -481.000000
3.350000, 52.685722, -66.175934, 182.073822, -868.000000, -19.000000, -116.000000, 31.000000, -492.000000
3.400000, 141.896255, -38.145020, -132.103699, -137.000000, -238.000000, 49.000000, 37.000000, -505.000000
3.450000, 46.453217, -20.077505, -287.444885, 129.000000, 40.000000, 35.000000, 34.000000, -504.000000
3.500000, -93.316528, -2.893330, -236.921814, 681.000000, 83.000000, 44.000000, 33.000000, -501.000000
3.550000, 17.454735, 0.494426, -57.317749, 1424.000000, -164.000000, 30.000000, 16.000000, -490.000000
3.600000, -249.199585, 32.506489, 636.770447, 1922.000000, -751.000000, 162.000000, -9.000000, -469.000000
3.650000, -642.292236, 77.048325, 1331.580933, 1182.000000, -266.000000, -987.000000, -34.000000, -501.000000
3.700000, -188.615555, 110.264587, 1193.288818, 1164.000000, -817.000000, -1279.000000, -75.000000, -562.000000
3.750000, 160.501465, 217.452942, 1157.489990, 597.000000, -303.000000, -1365.000000, -151.000000, -660.000000
3.800000, 15.153931, 270.696960, 1546.623047, -316.000000, -158.000000, -1668.000000, -193.000000, -748.000000
3.850000, 488.320465, 256.878174, 1420.088135, -807.000000, -4.000000, -1419.000000, -187.000000, -843.000000
3.900000, 1017.302490, 356.119568, 1175.590454, -1188.000000, -54.000000, -1003.000000, -225.000000, -973.000000
3.950000, 1086.938232, 339.087189, 990.391663, -1390.000000, 49.000000, 77.000000, -270.000000, -1002.000000
4.000000, 969.108215, 148.605972, 485.412964, -1558.000000, 253.000000, 732.000000, -189.000000, -913.000000
4.050000, 536.957886, 35.229485, 219.671692, -1109.000000, 11.000000, 1008.000000, -97.000000, -801.000000
4.100000, 288.137268, -53.850647, 178.803223, -907.000000, 88.000000, 1141.000000, -33.000000, -705.000000
4.150000, 179.285065, -99.688766, 39.272476, -434.000000, -19.000000, 1220.000000, 16.000000, -615.000000
4.200000, -106.510918, -73.164093, 54.421295, -4.000000, -110.000000, 1490.000000, 31.000000, -550.000000
4.250000, -259.471649, -78.485817, 116.334595, 341.000000, -231.000000, 990.000000, 46.000000, -495.000000
4.300000, -405.665436, -62.244064, 194.529541, 799.000000, -194.000000, 822.000000, 37.000000, -454.000000
4.350000, -565.123962, -38.804756, 507.815918, 1036.000000, -215.000000, 497.000000, 27.000000, -436.000000
4.400000, -518.934814, 12.849606, 672.953003, 1116.000000, -142.000000, -150.000000, 10.000000, -430.000000
4.450000, -377.028198, 66.807831, 751.382690, 1138.000000, -319.000000, 18.000000, -21.000000, -426.000000
4.500000, -481.195496, -34.969833, 1275.827881, 773.000000, -385.000000, -813.000000, -43.000000, -460.000000
4.550000, -426.234070, -38.419815, 1523.791016, 369.000000, -75.000000, -1194.000000, -46.000000, -498.000000
4.600000, 238.437103, 98.947891, 1199.746094, -123.000000, 218.000000, -833.000000, -24.000000, -532.000000
4.650000, 466.822693, -2.050774, 1082.862427, -333.000000, 48.000000, -555.000000, 7.000000, -571.000000
4.700000, 221.713928, -115.144821, 976.403625, -511.000000, 108.000000, -229.000000, 49.000000, -589.000000
4.750000, 344.501648, -55.253742, 719.277588, -580.000000, 113.000000, -81.000000, 69.000000, -597.000000
4.800000, 315.929474, -93.275650, 591.147278, -595.000000, 116.000000, 184.000000, 69.000000, -589.000000
4.850000, 142.876480, -127.642311, 491.183868, -506.000000, 96.000000, 324.000000, 72.000000, -568.000000
4.900000, 150.091049, -102.290329, 459.982697, -170.000000, -38.000000, 475.000000, 58.000000, -529.000000
4.950000, 37.796528, -128.571503, 470.680054, -19.000000, -107.000000, 487.000000, 48.000000, -502.000000
5.000000, -190.522308, -133.733841, 548.508179, 70.000000, -245.000000, 651.000000, 39.000000, -472.000000
5.050000, -333.875641, -137.843536, 711.340698, 36.000000, -230.000000, 113.000000, 36.000000, -465.000000
5.100000, -186.111618, -146.939011, 719.051575, 111.000000, -167.000000, 177.000000, 37.000000, -451.000000
5.150000, -50.445580, -154.537979, 711.700806, 60.000000, -23.000000, -33.000000, 34.000000, -456.000000
5.200000, -52.721672, -153.961197, 775.226318, 57.000000, -9.000000, 42.000000, 36.000000, -460.000000
5.250000, 18.957859, -137.043396, 729.619263, -13.000000, 90.000000, -37.000000, 37.000000, -448.000000
5.300000, -77.702866, -173.133804, 681.259033, 16.000000, -72.000000, 4.000000, 34.000000, -460.000000
5.350000, -79.766930, -171.702560, 704.058044, -44.000000, 59.000000, -11.000000, 42.000000, -460.000000
5.400000, 11.094955, -146.348297, 716.077454, 35.000000, -21.000000, -28.000000, 33.000000, -460.000000
5.450000, -68.349342, -173.124771, 705.200806, 24.000000, -24.000000, -16.000000, 34.000000, -456.000000
5.500000, -15.190736, -164.952179, 693.160583, 19.000000, -14.000000, -44.000000, 34.000000, -460.000000
5.550000, -25.070114, -162.646667, 710.355896, 34.000000, -60.000000, 7.000000, 28.000000, -468.000000
5.600000, -68.502640, -170.063370, 715.840088, -4.000000, 3.000000, -52.000000, 37.000000, -463.000000
5.650000, 11.840179, -159.248215, 683.194641, 35.000000, -65.000000, -4.000000, 30.000000, -465.000000
5.700000, -14.172440, -165.117584, 705.938110, 51.000000, 10.000000, -19.000000, 36.000000, -462.000000
5.750000, -16.940105, -159.548218, 737.073120, 9.000000, -18.000000, -6.000000, 28.000000, -456.000000
5.800000, -26.042170, -160.604279, 708.676819, 23.000000, -2.000000, 16.000000, 36.000000, -462.000000
5.850000, -42.159401, -157.979568, 717.117065, -5.000000, -4.000000, 11.000000, 40.000000, -457.000000
5.900000, -21.338467, -153.453293, 709.493713, 10.000000, -25.000000, -2.000000, 37.000000, -463.000000
5.950000, -46.058891, -161.839554, 687.424927, 16.000000, -7.000000, -14.000000, 42.000000, -460.000000
6.000000, -4.601409, -149.829224, 712.328186, 0.000000, -34.000000, -4.000000, 43.000000, -459.000000
6.050000, -13.898432, -154.476624, 693.846680, 29.000000, -18.000000, -32.000000, 40.000000, -463.000000
6.100000, -32.709469, -159.158630, 708.924072, 25.000000, 11.000000, -7.000000, 30.000000, -459.000000
6.150000, -5.547047, -150.660477, 732.213501, 0.000000, -2.000000, -11.000000, 39.000000, -459.000000
6.200000, -34.825649, -157.537292, 704.272461, 42.000000, -9.000000, -42.000000, 36.000000, -457.000000
6.250000, 11.005692, -149.398071, 729.792175, 11.000000, -19.000000, -5.000000, 33.000000, -454.000000
6.300000, -3.211430, -149.170654, 717.398987, 17.000000, -8.000000, -3.000000, 31.000000, -465.000000
6.350000, -52.899559, -155.072250, 706.668701, 4.000000, 5.000000, 1.000000, 37.000000, -457.000000
6.400000, -25.935772, -150.602859, 730.075317, 6.000000, -18.000000, 9.000000, 37.000000, -451.000000
6.450000, -42.527771, -155.158417, 690.406921, -5.000000, 17.000000, -34.000000, 31.000000, -459.000000
6.500000, -0.111647, -148.477417, 702.383362, 7.000000, 0.000000, 8.000000, 37.000000, -459.000000
6.550000, -3.784454, -148.577255, 719.878174, 12.000000, 10.000000, -43.000000, 33.000000, -462.000000
6.600000, -52.176579, -154.359436, 707.674683, 18.000000, -21.000000, 7.000000, 33.000000, -451.000000
6.650000, -20.989414, -149.625427, 725.354736, 6.000000, -4.000000, 4.000000, 34.000000, -459.000000
6.700000, -40.242153, -155.598541, 702.049805, 3.000000, -16.000000, 19.000000, 37.000000, -460.000000
6.750000, -35.040226, -154.917313, 702.617737, 11.000000, -4.000000, 3.000000, 33.000000, -453.000000
6.800000, -23.627213, -153.189484, 712.855286, 12.000000, 2.000000, 11.000000, 36.000000, -457.000000
6.850000, -46.317963, -156.364029, 694.856445, 5.000000, -10.000000, 0.000000, 39.000000, -457.000000
6.900000, -38.465149, -151.204346, 707.243347, 11.000000, -9.000000, 17.000000, 34.000000, -459.000000
6.950000, -40.376492, -152.251236, 706.826538, 25.000000, -1.000000, -17.000000, 25.000000, -451.000000
7.000000, -22.545036, -152.645432, 713.930725, 13.000000, -12.000000, 3.000000, 30.000000, -447.000000
7.050000, -39.148830, -151.638870, 713.297058, 16.000000, -28.000000, -14.000000, 30.000000, -454.000000
7.100000, -40.700726, -150.718719, 701.887390, 19.000000, -11.000000, 11.000000, 36.000000, -450.000000
7.150000, -9.963810, -149.360809, 725.708191, 25.000000, -24.000000, -14.000000, 30.000000, -447.000000
7.200000, -40.743881, -153.976196, 717.861938, 15.000000, -9.000000, -3.000000, 28.000000, -454.000000
7.250000, -18.188906, -149.062408, 707.987183, 4.000000, -8.000000, -8.000000, 33.000000, -451.000000
7.300000, -22.019283, -146.968491, 718.366089, 16.000000, -10.000000, 4.000000, 37.000000, -459.000000
7.350000, -52.980263, -150.593582, 712.182922, 6.000000, -13.000000, 0.000000, 30.000000, -451.000000
7.400000, -12.929729, -148.002197, 708.296082, 17.000000, -22.000000, 2.000000, 28.000000, -453.000000
7.450000, -32.357567, -149.965240, 702.269836, 7.000000, 9.000000, 0.000000, 31.000000, -460.000000
7.500000, -28.005199, -146.267487, 722.481323, 21.000000, -12.000000, -1.000000, 27.000000, -450.000000
7.550000, -20.181351, -145.410721, 728.805237, -10.000000, -1.000000, -13.000000, 30.000000, -454.000000
7.600000, -47.335072, -148.101273, 694.647461, 11.000000, -3.000000, -9.000000, 30.000000, -453.000000
7.650000, -9.004375, -144.559784, 722.734741, 32.000000, -21.000000, 2.000000, 36.000000, -451.000000
7.700000, -27.680754, -149.798065, 757.715942, 0.000000, -2.000000, -16.000000, 31.000000, -453.000000
7.750000, -34.063152, -147.400528, 711.333008, 0.000000, -8.000000, 1.000000, 30.000000, -457.000000
7.800000, -10.685715, -146.022217, 690.083069, 2.000000, -6.000000, -8.000000, 34.000000, -450.000000
7.850000, -37.165260, -152.592468, 719.270081, 7.000000, 0.000000, -9.000000, 37.000000, -453.000000
7.900000, -13.419024, -146.545776, 714.892273, 11.000000, -6.000000, 2.000000, 28.000000, -457.000000
7.950000, -24.556540, -148.708099, 703.774963, 9.000000, -15.000000, -7.000000, 36.000000, -454.000000
8.000000, -42.172497, -149.455276, 711.236267, 9.000000, -20.000000, 0.000000, 33.000000, -457.000000
8.050000, -20.924900, -144.378693, 713.762878, 19.000000, -2.000000, -6.000000, 31.000000, -454.000000
8.100000, -34.511890, -150.710129, 715.429199, 1.000000, 2.000000, -10.000000, 31.000000, -456.000000
8.150000, -20.168558, -147.338699, 709.310913, 15.000000, -9.000000, 4.000000, 25.000000, -459.000000
8.200000, -23.801863, -144.767914, 708.609863, 8.000000, -14.000000, -6.000000, 27.000000, -448.000000
8.250000, -25.550005, -146.874649, 706.272278, -3.000000, -7.000000, -12.000000, 31.000000, -454.000000
8.300000, -6.505581, -141.710785, 698.416565, 11.000000, -8.000000, 19.000000, 34.000000, -450.000000
8.350000, -33.269650, -146.054779, 712.578308, -1.000000, -4.000000, -9.000000, 33.000000, -450.000000
8.400000, -31.431265, -147.141052, 711.074402, 8.000000, -13.000000, 14.000000, 39.000000, -453.000000
8.450000, -27.160271, -144.453690, 708.047974, 9.000000, 0.000000, -7.000000, 33.000000, -453.000000
8.500000, -31.140160, -149.820419, 724.917419, 12.000000, -21.000000, -15.000000, 39.000000, -451.000000
8.550000, -17.043018, -143.975983, 717.606689, 9.000000, -2.000000, 4.000000, 40.000000, -454.000000
8.600000, -28.363939, -140.961380, 710.167969, 5.000000, -16.000000, -7.000000, 36.000000, -450.000000
8.650000, -24.537878, -148.675400, 712.492615, 15.000000, -12.000000, -5.000000, 31.000000, -451.000000
8.700000, -24.023239, -145.755936, 715.590820, 8.000000, -13.000000, -7.000000, 31.000000, -454.000000
8.750000, -23.044662, -143.376190, 722.441895, 14.000000, -11.000000, -28.000000, 39.000000, -451.000000
8.800000, -12.846663, -145.138733, 719.190918, -2.000000, -5.000000, 9.000000, 28.000000, -445.000000
8.850000, -41.149696, -145.660782, 712.690125, 11.000000, -20.000000, 0.000000, 31.000000, -448.000000
8.900000, -37.019535, -149.126816, 702.785889, 21.000000, -2.000000, 6.000000, 30.000000, -453.000000
8.950000, -20.295778, -146.031189, 715.896240, 11.000000, -4.000000, -2.000000, 30.000000, -454.000000
9.000000, -29.184177, -143.105331, 731.692139, 13.000000, -24.000000, 0.000000, 37.000000, -450.000000
9.050000, -23.631762, -145.831726, 717.777954, 9.000000, -3.000000, -14.000000, 36.000000, -450.000000
9.100000, -31.507687, -144.024124, 719.672729, 2.000000, -9.000000, -4.000000, 42.000000, -451.000000
9.150000, -23.077366, -144.881073, 714.394653, 4.000000, 0.000000, 11.000000, 30.000000, -451.000000
9.200000, -21.606071, -146.156006, 707.635620, 2.000000, -11.000000, 2.000000, 33.000000, -448.000000
9.250000, -45.017021, -142.727707, 714.588623, 2.000000, -5.000000, -11.000000, 33.000000, -450.000000
9.300000, -30.296791, -145.993790, 700.801208, 17.000000, -4.000000, 2.000000, 30.000000, -459.000000
9.350000, -27.872498, -147.011505, 719.334839, 19.000000, -16.000000, -3.000000, 30.000000, -454.000000
9.400000, -34.090755, -142.852966, 735.619507, 18.000000, -14.000000, 6.000000, 25.000000, -453.000000
9.450000, -16.137070, -144.059189, 714.714233, 2.000000, 0.000000, -9.000000, 39.000000, -451.000000
