Sample Time, Accel_x, Accel_y, Accel_z, Gyro_x, Gyro_y, Gyro_z, Magneto_x, Magneto_y, Magneto_z
0.000000, -0.587124, -80.729599, 292.681488, 7.000000, 14.000000, -21.000000, 6.000000, -478.000000
0.050000, -4.050687, -234.344543, 844.431396, 0.000000, -4.000000, -6.000000, 9.000000, -472.000000
0.100000, -3.784468, -230.554688, 826.038757, 4.000000, -6.000000, -19.000000, 4.000000, -480.000000
0.150000, -9.161639, -153.231110, 552.746765, 18.000000, -21.000000, 14.000000, 15.000000, -484.000000
0.200000, -11.907949, -202.178818, 729.391663, 4.000000, -1.000000, -13.000000, 12.000000, -480.000000
0.250000, 20.384281, -205.058258, 740.463196, 51.000000, -41.000000, -43.000000, 13.000000, -484.000000
0.300000, 18.213982, -180.295670, 672.450806, 27.000000, -18.000000, -2.000000, 9.000000, -480.000000
0.350000, -12.622071, -202.210388, 750.988525, 0.000000, 13.000000, 4.000000, 7.000000, -483.000000
0.400000, 7.884217, -185.743057, 666.301697, 18.000000, -29.000000, 7.000000, 12.000000, -478.000000
0.450000, -6.522926, -197.162460, 702.793945, 35.000000, -45.000000, 0.000000, 18.000000, -480.000000
0.500000, -17.593967, -194.672775, 723.295227, 11.000000, -14.000000, -23.000000, 7.000000, -486.000000
0.550000, 22.384560, -178.205963, 684.057861, -2.000000, 6.000000, -19.000000, 3.000000, -484.000000
0.600000, 7.977818, -196.060410, 732.459656, 14.000000, -6.000000, 4.000000, 0.000000, -484.000000
0.650000, -1.446926, -183.101318, 683.205872, 5.000000, -31.000000, -14.000000, 12.000000, -480.000000
0.700000, 10.677897, -192.713074, 697.567078, 16.000000, -40.000000, 0.000000, 0.000000, -477.000000
0.750000, 9.875807, -195.948380, 712.511536, 21.000000, -12.000000, -8.000000, 9.000000, -484.000000
0.800000, 10.761587, -178.291504, 722.059692, 15.000000, -9.000000, 14.000000, 3.000000, -481.000000
0.850000, -0.294231, -192.902634, 748.522339, -4.000000, 0.000000, -16.000000, 15.000000, -480.000000
0.900000, 16.737284, -187.853973, 664.410706, 3.000000, -16.000000, 21.000000, 16.000000, -484.000000
0.950000, 9.482674, -190.736084, 693.283386, -7.000000, -1.000000, -3.000000, 13.000000, -481.000000
1.000000, -5.928093, -194.361359, 706.609070, 0.000000, 9.000000, 7.000000, 10.000000, -484.000000
1.050000, 15.024885, -186.662704, 674.927368, 6.000000, 2.000000, 8.000000, 7.000000, -483.000000
1.100000, 3.592399, -195.663177, 724.030823, 4.000000, -8.000000, -35.000000, 7.000000, -478.000000
1.150000, 10.619119, -183.998444, 683.781555, 21.000000, -14.000000, 21.000000, 7.000000, -480.000000
1.200000, 20.469242, -185.729996, 699.249023, 2.000000, 33.000000, -9.000000, 4.000000, -484.000000
1.250000, 9.195427, -192.995697, 731.319763, 9.000000, -12.000000, 2.000000, 4.000000, -481.000000
1.300000, 6.918774, -187.300522, 691.015076, 4.000000, 1.000000, -16.000000, 16.000000, -478.000000
1.350000, -6.471380, -194.408112, 708.572449, 30.000000, -9.000000, -7.000000, 6.000000, -475.000000
1.400000, 23.987162, -183.830948, 699.522583, 22.000000, 20.000000, 9.000000, 7.000000, -474.000000
1.450000, 37.362175, -185.938553, 719.520752, 28.000000, 28.000000, -3.000000, 13.000000, -475.000000
1.500000, -4.232705, -210.714935, 780.383484, 71.000000, 27.000000, 37.000000, 1.000000, -469.000000
1.550000, -93.896500, -281.546143, 939.863708, 91.000000, 58.000000, 230.000000, -3.000000, -465.000000
1.600000, -286.426910, -409.457062, 1319.235840, -422.000000, 141.000000, -226.000000, 22.000000, -454.000000
1.650000, -265.572510, -377.744202, 1400.381958, -912.000000, 119.000000, -363.000000, 37.000000, -447.000000
1.700000, 64.644325, -167.285904, 909.994507, -881.000000, -26.000000, -255.000000, 54.000000, -463.000000
1.750000, 212.974136, -43.973354, 400.606812, -830.000000, -161.000000, -76.000000, 46.000000, -486.000000
1.800000, 166.566284, -18.040550, 44.302971, -498.000000, 0.000000, -200.000000, 48.000000, -502.000000
1.850000, 61.449097, -9.216071, -240.778656, -26.000000, 331.000000, 189.000000, 51.000000, -508.000000
1.900000, -165.447449, -60.648571, -171.845123, 518.000000, 238.000000, 8.000000, 49.000000, -495.000000
1.950000, -231.698135, -95.910355, 162.390930, 1172.000000, 4.000000, -30.000000, 51.000000, -484.000000
2.000000, -135.990509, -47.856979, 426.388184, 1243.000000, 4.000000, -247.000000, 57.000000, -478.000000
2.050000, -5.344604, -104.850426, 702.188965, 1311.000000, 124.000000, -226.000000, 82.000000, -480.000000
2.100000, 60.039803, -282.384430, 1234.308105, 1118.000000, -507.000000, -210.000000, 72.000000, -501.000000
2.150000, 65.660950, -197.709442, 1543.842163, 172.000000, -105.000000, -357.000000, 57.000000, -531.000000
2.200000, 132.435669, -3.591175, 1075.039795, -91.000000, -182.000000, -84.000000, 48.000000, -556.000000
2.250000, -152.932632, -69.434769, 630.049805, -81.000000, -120.000000, -215.000000, 49.000000, -573.000000
2.300000, -372.088470, -90.810844, 634.048950, 114.000000, -113.000000, -357.000000, 43.000000, -606.000000
2.350000, -263.869049, -60.288643, 709.326660, 198.000000, 43.000000, -641.000000, 36.000000, -664.000000
2.400000, -400.501984, -119.884483, 970.859680, 191.000000, -25.000000, -989.000000, 0.000000, -754.000000
2.450000, -103.511780, -41.087448, 1154.985962, -155.000000, 37.000000, -1184.000000, -105.000000, -882.000000
2.500000, 524.838013, 76.587570, 1162.468628, -489.000000, 42.000000, -1131.000000, -265.000000, -973.000000
2.550000, 666.651855, 102.264961, 1112.911865, -801.000000, 21.000000, -378.000000, -391.000000, -991.000000
2.600000, 647.560974, 39.210388, 844.754517, -1003.000000, 59.000000, 149.000000, -330.000000, -943.000000
2.650000, 450.661163, -73.579231, 655.535645, -996.000000, -100.000000, 482.000000, -195.000000, -874.000000
2.700000, 230.049744, -86.929611, 526.722107, -994.000000, -51.000000, 581.000000, -88.000000, -793.000000
2.750000, 227.948380, -84.407532, 301.755249, -706.000000, -240.000000, 939.000000, -24.000000, -715.000000
2.800000, 69.947319, -127.461090, 131.982605, -371.000000, -75.000000, 770.000000, 10.000000, -657.000000
2.850000, -95.992455, -122.676796, 51.742355, 31.000000, -187.000000, 1016.000000, 28.000000, -606.000000
2.900000, -211.079254, -122.243378, 131.814728, 273.000000, 36.000000, 791.000000, 58.000000, -564.000000
2.950000, -360.749695, -144.037384, 194.021378, 834.000000, -14.000000, 823.000000, 69.000000, -520.000000
3.000000, -483.120056, -157.936569, 381.561127, 988.000000, 47.000000, 486.000000, 79.000000, -478.000000
3.050000, -703.085632, -198.323120, 859.192749, 1045.000000, -42.000000, -81.000000, 88.000000, -463.000000
3.100000, -622.255859, -171.368790, 1088.575439, 940.000000, 0.000000, -431.000000, 96.000000, -483.000000
3.150000, -288.529388, -68.323250, 1106.822510, 565.000000, 93.000000, -669.000000, 91.000000, -537.000000
3.200000, -154.892609, -69.093018, 1192.838135, 300.000000, 136.000000, -727.000000, 63.000000, -609.000000
3.250000, -31.286407, -129.798981, 1143.769043, -14.000000, 169.000000, -683.000000, 22.000000, -679.000000
3.300000, 128.152847, -111.104996, 989.906006, -241.000000, 126.000000, -487.000000, -25.000000, -742.000000
3.350000, 250.899200, -92.649918, 882.596191, -358.000000, 25.000000, -258.000000, -48.000000, -771.000000
3.400000, 227.383286, -135.597717, 780.792419, -458.000000, 64.000000, -25.000000, -51.000000, -772.000000
3.450000, 163.224060, -145.978165, 606.639404, -409.000000, 8.000000, 179.000000, -22.000000, -750.000000
3.500000, 140.897461, -131.126114, 500.159973, -312.000000, -60.000000, 323.000000, 16.000000, -714.000000
3.550000, -15.059523, -142.535217, 499.014923, -208.000000, -48.000000, 448.000000, 58.000000, -660.000000
3.600000, -136.161224, -160.671143, 482.689758, -63.000000, -123.000000, 428.000000, 78.000000, -619.000000
3.650000, -343.705902, -198.048325, 559.645142, 83.000000, -177.000000, 256.000000, 94.000000, -592.000000
3.700000, -432.002716, -200.810867, 673.776550, 72.000000, -100.000000, 87.000000, 102.000000, -576.000000
3.750000, -190.381256, -182.117950, 745.162964, 65.000000, -54.000000, -70.000000, 99.000000, -585.000000
3.800000, -112.479416, -185.658417, 784.636536, -13.000000, -37.000000, -19.000000, 97.000000, -583.000000
3.850000, -78.820770, -163.771851, 697.678162, -46.000000, 69.000000, 2.000000, 106.000000, -583.000000
3.900000, -82.917542, -185.679657, 647.162659, -18.000000, -17.000000, 28.000000, 105.000000, -574.000000
3.950000, -172.186447, -223.980942, 686.361145, 23.000000, -15.000000, -12.000000, 105.000000, -580.000000
4.000000, -88.626877, -200.989380, 701.172180, 19.000000, -48.000000, -2.000000, 100.000000, -582.000000
4.050000, -109.543808, -191.848953, 715.220886, -2.000000, -32.000000, 12.000000, 99.000000, -576.000000
4.100000, -145.126602, -198.655548, 667.126343, -6.000000, 14.000000, -14.000000, 106.000000, -579.000000
4.150000, -76.373634, -196.988403, 652.194214, 35.000000, -49.000000, 8.000000, 100.000000, -576.000000
4.200000, -114.896774, -194.389893, 718.540771, -31.000000, 14.000000, 0.000000, 105.000000, -579.000000
4.250000, -107.345284, -194.334106, 698.195312, 7.000000, -18.000000, -11.000000, 108.000000, -580.000000
4.300000, -85.897812, -199.845062, 670.606506, 7.000000, -14.000000, -28.000000, 105.000000, -577.000000
4.350000, -100.418121, -191.620514, 690.333618, 9.000000, -25.000000, -4.000000, 105.000000, -582.000000
4.400000, -69.703400, -187.486694, 692.163452, 14.000000, -12.000000, -9.000000, 99.000000, -580.000000
4.450000, -105.515114, -192.160812, 717.395752, 35.000000, -30.000000, 35.000000, 102.000000, -586.000000
4.500000, -122.834061, -193.320572, 712.966187, -5.000000, -28.000000, -10.000000, 106.000000, -577.000000
4.550000, -72.408112, -195.526077, 673.081848, 24.000000, -39.000000, 34.000000, 103.000000, -582.000000
4.600000, -88.217728, -193.329346, 684.252563, -8.000000, -6.000000, -4.000000, 102.000000, -585.000000
4.650000, -114.145058, -194.570480, 695.901611, -4.000000, 11.000000, 9.000000, 102.000000, -579.000000
4.700000, -121.470261, -195.308655, 694.067871, 10.000000, -15.000000, 3.000000, 102.000000, -576.000000
4.750000, -128.268753, -191.593323, 704.726318, 16.000000, 12.000000, 7.000000, 103.000000, -573.000000
4.800000, -100.380432, -192.194290, 685.544189, 2.000000, -39.000000, 0.000000, 105.000000, -580.000000
4.850000, -111.458206, -191.976761, 672.368652, 35.000000, 3.000000, 9.000000, 99.000000, -579.000000
4.900000, -133.927353, -191.036896, 685.266663, -3.000000, -7.000000, -11.000000, 108.000000, -573.000000
4.950000, -112.160316, -188.946671, 684.872192, 8.000000, -35.000000, 0.000000, 102.000000, -574.000000
5.000000, -94.587730, -185.291214, 688.623169, 12.000000, -17.000000, -5.000000, 102.000000, -576.000000
5.050000, -78.062653, -185.483932, 687.781067, 7.000000, -21.000000, 9.000000, 105.000000, -579.000000
5.100000, -113.703934, -191.230438, 693.947144, 19.000000, -67.000000, 36.000000, 102.000000, -577.000000
5.150000, -121.257736, -189.383224, 718.698547, -28.000000, -13.000000, 14.000000, 108.000000, -576.000000
5.200000, -46.529175, -181.335159, 698.149475, -9.000000, -24.000000, 9.000000, 102.000000, -577.000000
5.250000, -83.488052, -191.968826, 691.352295, 21.000000, -20.000000, 12.000000, 105.000000, -574.000000
5.300000, -144.369629, -198.288620, 715.908142, 2.000000, -20.000000, 12.000000, 105.000000, -582.000000
5.350000, -113.129044, -190.033615, 681.247437, -7.000000, 0.000000, -7.000000, 111.000000, -574.000000
5.400000, -101.366196, -191.655075, 679.654907, 9.000000, -16.000000, -15.000000, 117.000000, -580.000000
5.450000, -97.392944, -189.134293, 714.933350, 0.000000, -7.000000, 15.000000, 109.000000, -576.000000
5.500000, -91.563324, -187.872025, 694.791626, 20.000000, -29.000000, -19.000000, 106.000000, -570.000000
5.550000, -80.137939, -189.655334, 695.023315, 5.000000, 4.000000, 18.000000, 106.000000, -576.000000
5.600000, -85.983360, -188.555527, 701.536987, 19.000000, -15.000000, -20.000000, 105.000000, -576.000000
5.650000, -119.920074, -193.820724, 684.580627, 21.000000, -20.000000, 23.000000, 105.000000, -571.000000
5.700000, -81.723480, -183.940750, 699.553162, 26.000000, -28.000000, -3.000000, 114.000000, -577.000000
5.750000, -61.782822, -181.090393, 708.075562, 13.000000, -18.000000, 21.000000, 108.000000, -573.000000
5.800000, -97.238350, -191.643784, 702.185425, 9.000000, -16.000000, 7.000000, 103.000000, -567.000000
5.850000, -85.429115, -184.136963, 702.073547, 2.000000, -5.000000, 19.000000, 108.000000, -567.000000
5.900000, -98.703720, -185.891190, 701.873169, 12.000000, -16.000000, 2.000000, 109.000000, -565.000000
5.950000, -124.245232, -189.406693, 703.427124, 1.000000, -28.000000, 19.000000, 105.000000, -562.000000
6.000000, -107.246239, -184.231186, 685.351257, 6.000000, 2.000000, -14.000000, 112.000000, -573.000000
6.050000, -91.137383, -187.427841, 688.542725, 0.000000, -7.000000, -21.000000, 109.000000, -564.000000
6.100000, -92.150192, -184.739960, 702.238342, -1.000000, -14.000000, 0.000000, 102.000000, -573.000000
6.150000, -113.434525, -185.152664, 685.199524, 18.000000, -11.000000, -3.000000, 109.000000, -568.000000
6.200000, -91.950096, -186.949600, 696.958374, 4.000000, -24.000000, -16.000000, 100.000000, -571.000000
6.250000, -76.393860, -185.607651, 695.839111, 2.000000, -21.000000, 14.000000, 106.000000, -574.000000
6.300000, -105.403313, -189.123260, 681.753174, 14.000000, -16.000000, -18.000000, 108.000000, -580.000000
6.350000, -73.791939, -185.932587, 712.407104, 20.000000, -28.000000, -20.000000, 109.000000, -574.000000
6.400000, -78.855766, -187.338257, 719.213562, 11.000000, -2.000000, -25.000000, 102.000000, -577.000000
6.450000, -123.841537, -190.144867, 709.299927, 9.000000, 2.000000, -11.000000, 108.000000, -577.000000
6.500000, -87.687531, -185.071716, 703.289673, 16.000000, 2.000000, 0.000000, 109.000000, -571.000000
6.550000, -77.317085, -186.072754, 694.996765, 7.000000, -13.000000, -14.000000, 105.000000, -571.000000
6.600000, -91.528130, -184.983505, 698.366089, 0.000000, 0.000000, -12.000000, 108.000000, -577.000000
6.650000, -81.688126, -183.440491, 697.406372, 18.000000, -22.000000, 5.000000, 109.000000, -577.000000
6.700000, -86.164452, -186.738358, 712.671875, 4.000000, -7.000000, -16.000000, 106.000000, -576.000000
6.750000, -73.790924, -186.024826, 696.861572, -2.000000, 5.000000, 11.000000, 109.000000, -573.000000
6.800000, -91.185158, -187.611435, 667.554321, 21.000000, -11.000000, -9.000000, 108.000000, -576.000000
6.850000, -107.521072, -184.551788, 706.652283, 31.000000, -27.000000, 12.000000, 106.000000, -574.000000
6.900000, -87.157562, -181.414276, 721.658203, 24.000000, -35.000000, 4.000000, 112.000000, -579.000000
6.950000, -104.747940, -190.652344, 696.869629, 4.000000, -14.000000, 2.000000, 112.000000, -580.000000
7.000000, -92.327324, -187.291016, 697.602234, 0.000000, 4.000000, -10.000000, 118.000000, -580.000000
7.050000, -81.896309, -182.451401, 699.106323, 0.000000, -10.000000, -21.000000, 115.000000, -579.000000
7.100000, -98.601669, -187.288452, 693.320068, -2.000000, -5.000000, 7.000000, 114.000000, -580.000000
7.150000, -72.332184, -183.755676, 685.244873, 7.000000, -5.000000, -22.000000, 115.000000, -589.000000
7.200000, -85.817940, -187.822235, 696.593079, 16.000000, -16.000000, 13.000000, 114.000000, -576.000000
7.250000, -94.498947, -187.477005, 706.826843, 8.000000, 15.000000, 4.000000, 117.000000, -582.000000
7.300000, -80.686920, -183.891190, 688.006531, 7.000000, 14.000000, -11.000000, 108.000000, -586.000000
7.350000, -93.510048, -187.236984, 698.447998, 6.000000, -1.000000, -14.000000, 109.000000, -576.000000
7.400000, -86.722504, -179.982101, 708.162964, 16.000000, -4.000000, 4.000000, 109.000000, -582.000000
7.450000, -104.224106, -187.698700, 688.051392, 21.000000, -9.000000, -2.000000, 117.000000, -582.000000
7.500000, -93.565056, -187.772339, 698.352356, 7.000000, -19.000000, 4.000000, 114.000000, -577.000000
7.550000, -73.025558, -175.446014, 703.037720, 8.000000, -14.000000, -2.000000, 108.000000, -582.000000
7.600000, -104.835472, -189.243988, 693.591675, 16.000000, -17.000000, -10.000000, 120.000000, -586.000000
7.650000, -103.628250, -188.439209, 704.646790, 5.000000, -15.000000, -4.000000, 115.000000, -585.000000
7.700000, -103.840286, -181.195786, 701.327576, 16.000000, -27.000000, -17.000000, 120.000000, -582.000000
7.750000, -76.497681, -183.325500, 699.351196, 11.000000, -12.000000, 0.000000, 109.000000, -579.000000
7.800000, -58.607071, -179.002716, 703.008789, 0.000000, -12.000000, -22.000000, 121.000000, -583.000000
7.850000, -112.462204, -187.811554, 689.040283, 6.000000, 0.000000, 9.000000, 114.000000, -582.000000
7.900000, -96.400818, -189.099121, 693.117249, 15.000000, 2.000000, -21.000000, 117.000000, -577.000000
7.950000, -74.048233, -184.684357, 707.417114, 6.000000, -5.000000, -30.000000, 123.000000, -579.000000
8.000000, -91.259590, -182.569977, 700.813904, 16.000000, -6.000000, 20.000000, 126.000000, -582.000000
8.050000, -83.903030, -176.594818, 693.286133, 21.000000, -14.000000, -33.000000, 115.000000, -585.000000
8.100000, -89.396935, -183.366638, 700.182861, 7.000000, -10.000000, 19.000000, 123.000000, -588.000000
8.150000, -85.670601, -183.312164, 701.088257, -2.000000, -10.000000, -22.000000, 115.000000, -588.000000
8.200000, -85.670029, -182.530151, 692.587219, -9.000000, -18.000000, -16.000000, 114.000000, -589.000000
8.250000, -85.766899, -184.048370, 689.138489, 0.000000, -17.000000, 0.000000, 118.000000, -591.000000
8.300000, -82.762756, -180.629486, 685.842773, 32.000000, -23.000000, -11.000000, 123.000000, -580.000000
8.350000, -87.897064, -185.977692, 702.862610, 0.000000, -2.000000, -2.000000, 111.000000, -588.000000
8.400000, -70.068230, -179.788208, 721.095459, 1.000000, -4.000000, -14.000000, 120.000000, -583.000000
8.450000, -87.023407, -179.792953, 702.566650, -6.000000, -6.000000, -11.000000, 109.000000, -582.000000
8.500000, -98.149902, -186.336426, 689.049927, -11.000000, -6.000000, 2.000000, 114.000000, -589.000000
8.550000, -78.486633, -183.892212, 684.642822, 14.000000, 13.000000, 3.000000, 108.000000, -579.000000
8.600000, -97.965515, -192.985870, 688.996033, 17.000000, -23.000000, -6.000000, 112.000000, -586.000000
8.650000, -89.934860, -184.117920, 712.576355, 13.000000, -14.000000, 2.000000, 112.000000, -585.000000
8.700000, -66.884216, -175.268738, 713.359314, 15.000000, -11.000000, -16.000000, 108.000000, -585.000000
8.750000, -82.737930, -185.782166, 707.788147, 1.000000, -9.000000, 4.000000, 106.000000, -580.000000
8.800000, -104.140076, -183.729843, 695.859741, -2.000000, -18.000000, 0.000000, 108.000000, -582.000000
8.850000, -105.189682, -186.148956, 672.213867, 11.000000, -6.000000, -5.000000, 117.000000, -583.000000
