Sample Time, Accel_x, Accel_y, Accel_z, Gyro_x, Gyro_y, Gyro_z, Magneto_x, Magneto_y, Magneto_z
0.000000, 16.145920, -61.648060, 293.562164, 5.000000, -37.000000, -36.000000, -40.000000, -489.000000
0.050000, 26.847967, -182.252594, 849.333130, 15.000000, -23.000000, 18.000000, -43.000000, -487.000000
0.100000, 11.609980, -182.031021, 831.540283, 8.000000, -11.000000, -8.000000, -37.000000, -489.000000
0.150000, 27.245306, -117.981674, 560.322937, 7.000000, -18.000000, -28.000000, -45.000000, -490.000000
0.200000, 33.213821, -157.601639, 757.943542, 0.000000, -11.000000, 15.000000, -42.000000, -489.000000
0.250000, 0.424442, -168.213531, 761.299866, -4.000000, 13.000000, -2.000000, -37.000000, -498.000000
0.300000, 2.273545, -144.801697, 652.615112, 21.000000, -15.000000, 20.000000, -39.000000, -495.000000
0.350000, 8.970158, -158.648468, 748.626160, -11.000000, 13.000000, -8.000000, -34.000000, -489.000000
0.400000, 6.126137, -148.861099, 698.851990, 19.000000, -12.000000, 5.000000, -45.000000, -489.000000
0.450000, -0.542488, -156.063141, 704.948120, -18.000000, 0.000000, -48.000000, -45.000000, -493.000000
0.500000, 4.769119, -157.847702, 701.369690, 78.000000, -25.000000, -16.000000, -46.000000, -495.000000
0.550000, 42.905106, -143.788071, 711.587036, -11.000000, 2.000000, -33.000000, -36.000000, -493.000000
0.600000, 41.136990, -150.028687, 774.054993, -5.000000, -2.000000, -15.000000, -45.000000, -498.000000
0.650000, 28.487396, -144.316025, 663.891052, -4.000000, -9.000000, 7.000000, -43.000000, -489.000000
0.700000, 13.455618, -154.506989, 708.879639, 4.000000, -8.000000, 4.000000, -45.000000, -492.000000
0.750000, -10.260302, -153.891586, 750.766602, 20.000000, -32.000000, 10.000000, -43.000000, -490.000000
0.800000, 18.375250, -142.568481, 675.948608, 10.000000, -21.000000, -35.000000, -43.000000, -498.000000
0.850000, 9.678856, -158.033508, 718.592468, 34.000000, -39.000000, 6.000000, -48.000000, -492.000000
0.900000, -2.960175, -152.240753, 700.067383, 10.000000, 5.000000, -20.000000, -37.000000, -499.000000
0.950000, 42.296715, -144.687027, 723.955688, -1.000000, -11.000000, -21.000000, -46.000000, -490.000000
1.000000, 26.868000, -147.755112, 726.708496, 1.000000, 0.000000, 1.000000, -33.000000, -496.000000
1.050000, -0.843231, -151.097504, 673.215210, 2.000000, -7.000000, -19.000000, -42.000000, -492.000000
1.100000, 12.946404, -155.652451, 725.206787, 18.000000, -15.000000, -11.000000, -43.000000, -496.000000
1.150000, 4.500869, -144.332626, 692.368530, 28.000000, 2.000000, 6.000000, -40.000000, -492.000000
1.200000, -2.927179, -148.555511, 703.530518, 25.000000, -19.000000, -16.000000, -39.000000, -498.000000
1.250000, 24.961262, -147.758179, 751.487183, 18.000000, -16.000000, -28.000000, -43.000000, -498.000000
1.300000, 47.704079, -138.465088, 700.099976, 1.000000, -11.000000, -19.000000, -39.000000, -489.000000
1.350000, 15.976801, -152.491455, 713.977173, -3.000000, 12.000000, 1.000000, -42.000000, -499.000000
1.400000, 3.814802, -148.581573, 714.985352, 32.000000, -23.000000, 4.000000, -48.000000, -504.000000
1.450000, 38.716347, -141.656036, 718.990601, 9.000000, -30.000000, -21.000000, -48.000000, -502.000000
1.500000, 32.189762, -145.406311, 728.678711, 14.000000, -7.000000, -13.000000, -42.000000, -496.000000
1.550000, 14.255175, -143.460953, 705.275513, 17.000000, -7.000000, 13.000000, -48.000000, -499.000000
1.600000, 7.054929, -149.183075, 737.901245, 2.000000, -5.000000, 10.000000, -39.000000, -498.000000
1.650000, 8.039532, -143.316605, 709.103516, 4.000000, 2.000000, 0.000000, -43.000000, -498.000000
1.700000, 33.298149, -141.245361, 691.499756, 18.000000, -18.000000, 0.000000, -43.000000, -493.000000
1.750000, 25.705423, -148.731812, 722.205200, 16.000000, -24.000000, 10.000000, -36.000000, -493.000000
1.800000, -5.541965, -142.550064, 708.476807, 20.000000, -7.000000, 5.000000, -43.000000, -498.000000
1.850000, -12.874745, -145.098969, 725.588196, -4.000000, -3.000000, 5.000000, -46.000000, -498.000000
1.900000, 16.872725, -146.367920, 703.662354, 2.000000, -2.000000, -6.000000, -39.000000, -490.000000
1.950000, 36.723602, -141.791199, 699.408691, 18.000000, -4.000000, 0.000000, -45.000000, -495.000000
2.000000, 13.579718, -146.276978, 728.013306, -7.000000, -15.000000, 8.000000, -43.000000, -495.000000
2.050000, 15.047211, -142.598190, 694.410034, 14.000000, -6.000000, 10.000000, -39.000000, -495.000000
2.100000, 18.276142, -141.475464, 709.910889, 14.000000, -12.000000, -14.000000, -43.000000, -495.000000
2.150000, 14.457959, -144.780685, 720.857300, 15.000000, -12.000000, 10.000000, -43.000000, -501.000000
2.200000, 21.409889, -142.408386, 720.989990, 16.000000, -2.000000, 6.000000, -40.000000, -492.000000
2.250000, 5.781517, -146.955597, 725.813293, 6.000000, -11.000000, -5.000000, -42.000000, -496.000000
2.300000, 17.563576, -144.349350, 686.125793, -2.000000, 2.000000, 3.000000, -43.000000, -486.000000
2.350000, 19.248848, -140.206299, 714.981201, 11.000000, -4.000000, -11.000000, -52.000000, -493.000000
2.400000, 9.321510, -146.842682, 723.465820, 10.000000, -14.000000, -21.000000, -39.000000, -499.000000
2.450000, 25.656725, -144.195648, 708.521362, 21.000000, -32.000000, 11.000000, -42.000000, -492.000000
2.500000, 13.986259, -141.168228, 734.321777, 14.000000, -16.000000, -12.000000, -46.000000, -493.000000
2.550000, 43.977638, -139.432159, 703.787781, 18.000000, 9.000000, 16.000000, -45.000000, -492.000000
2.600000, 34.332325, -140.840942, 717.424744, 4.000000, -4.000000, 4.000000, -45.000000, -496.000000
2.650000, -29.799276, -149.060608, 728.689941, 1.000000, 5.000000, -7.000000, -45.000000, -496.000000
2.700000, 29.087860, -139.285477, 691.584656, -6.000000, -21.000000, -4.000000, -45.000000, -492.000000
2.750000, 41.753036, -139.114716, 721.821472, 9.000000, -42.000000, 16.000000, -43.000000, -498.000000
2.800000, 4.276505, -147.112152, 726.672729, 22.000000, 0.000000, 1.000000, -37.000000, -501.000000
2.850000, 54.757015, -134.336823, 711.776123, 53.000000, -60.000000, 13.000000, -51.000000, -499.000000
2.900000, 38.753147, -151.216721, 764.566650, 91.000000, -92.000000, 64.000000, -49.000000, -496.000000
2.950000, -53.845192, -216.246826, 1008.645996, 33.000000, 70.000000, 148.000000, -52.000000, -487.000000
3.000000, -158.300385, -282.190338, 1395.445068, -431.000000, -18.000000, -63.000000, -37.000000, -486.000000
3.050000, -122.320549, -255.772644, 1388.433838, -907.000000, 95.000000, -52.000000, -21.000000, -469.000000
3.100000, 92.832657, -146.514114, 936.236206, -1054.000000, -1.000000, 97.000000, 10.000000, -468.000000
3.150000, 88.964966, -124.662506, 499.907562, -1159.000000, 154.000000, -97.000000, 25.000000, -472.000000
3.200000, -5.519005, -143.554855, 112.712112, -608.000000, -133.000000, -128.000000, 43.000000, -490.000000
3.250000, 125.914604, -104.316551, -110.163788, -332.000000, 126.000000, 87.000000, 51.000000, -481.000000
3.300000, 15.373077, -136.555481, -23.356136, -7.000000, 51.000000, 8.000000, 54.000000, -487.000000
3.350000, -201.869415, -187.767120, -10.126015, 422.000000, -18.000000, -51.000000, 43.000000, -484.000000
3.400000, -71.578102, -136.913132, -53.447300, 983.000000, -130.000000, -156.000000, 42.000000, -483.000000
3.450000, -32.051056, -64.422920, 185.408386, 1222.000000, -7.000000, -215.000000, 19.000000, -474.000000
3.500000, -86.185440, -28.021637, 630.099182, 1521.000000, -203.000000, -534.000000, 4.000000, -478.000000
3.550000, -114.261368, 12.584096, 1123.449463, 1542.000000, -552.000000, -417.000000, -6.000000, -481.000000
3.600000, -209.317261, 107.011139, 1376.654175, 994.000000, -259.000000, -800.000000, -51.000000, -547.000000
3.650000, -129.011078, 109.875946, 1342.688232, 627.000000, -492.000000, -1022.000000, -103.000000, -618.000000
3.700000, -83.755302, 56.881317, 1328.394531, 165.000000, -294.000000, -1243.000000, -138.000000, -706.000000
3.750000, 106.991669, 173.781021, 1375.338623, -520.000000, -231.000000, -1363.000000, -136.000000, -819.000000
3.800000, 591.260803, 259.040619, 1330.930542, -1169.000000, 147.000000, -991.000000, -172.000000, -934.000000
3.850000, 828.021484, 248.913956, 1027.343384, -1218.000000, -217.000000, -368.000000, -256.000000, -991.000000
3.900000, 863.852722, 214.544250, 623.813477, -1470.000000, 28.000000, 289.000000, -229.000000, -943.000000
3.950000, 653.344910, 47.217003, 342.725739, -1334.000000, 207.000000, 644.000000, -144.000000, -840.000000
4.000000, 347.574463, -70.431252, 189.973999, -952.000000, -65.000000, 909.000000, -57.000000, -742.000000
4.050000, 265.519165, -99.800232, 126.272461, -676.000000, 71.000000, 992.000000, -18.000000, -682.000000
4.100000, 79.569321, -114.976036, 52.544861, -187.000000, -70.000000, 1103.000000, 9.000000, -607.000000
4.150000, -82.901840, -82.743866, 149.720139, 6.000000, 60.000000, 1252.000000, 36.000000, -561.000000
4.200000, -203.860046, -124.092857, 294.604980, 413.000000, -43.000000, 1075.000000, 40.000000, -508.000000
4.250000, -463.359100, -159.447861, 285.836884, 874.000000, -91.000000, 820.000000, 61.000000, -469.000000
4.300000, -593.244385, -98.273659, 411.845154, 957.000000, -169.000000, 338.000000, 39.000000, -432.000000
4.350000, -591.923157, -31.824053, 631.453918, 1278.000000, -369.000000, 150.000000, 28.000000, -421.000000
4.400000, -605.352539, -20.442785, 923.785461, 1172.000000, -168.000000, -442.000000, 12.000000, -433.000000
4.450000, -571.900024, -68.748749, 1179.807739, 947.000000, -405.000000, -969.000000, 0.000000, -468.000000
4.500000, -162.781860, -27.783024, 1270.874634, 294.000000, 74.000000, -1213.000000, -4.000000, -523.000000
4.550000, 369.556885, 49.090813, 1408.086548, -76.000000, 64.000000, -867.000000, 12.000000, -612.000000
4.600000, 447.578735, 7.191664, 1232.394165, -616.000000, 131.000000, -844.000000, 6.000000, -688.000000
4.650000, 414.390259, -24.739994, 808.311401, -742.000000, 87.000000, -195.000000, 1.000000, -712.000000
4.700000, 413.770752, -67.883751, 619.386719, -644.000000, -62.000000, 123.000000, 7.000000, -691.000000
4.750000, 298.561768, -150.803726, 484.792084, -497.000000, -25.000000, 411.000000, 25.000000, -655.000000
4.800000, 219.950302, -140.500061, 419.556824, -329.000000, -107.000000, 527.000000, 39.000000, -603.000000
4.850000, 36.466530, -135.653824, 415.806274, -33.000000, -100.000000, 715.000000, 34.000000, -558.000000
4.900000, -206.187988, -150.947250, 448.557007, 69.000000, -205.000000, 546.000000, 51.000000, -522.000000
4.950000, -443.786438, -143.928116, 657.290405, -28.000000, 60.000000, 204.000000, 49.000000, -495.000000
5.000000, -546.661987, -192.547577, 787.037598, 107.000000, -182.000000, 34.000000, 46.000000, -486.000000
5.050000, -132.761063, -178.651611, 746.059082, 41.000000, -1.000000, -43.000000, 54.000000, -484.000000
5.100000, 166.528656, -125.390198, 685.283813, 29.000000, -31.000000, -1.000000, 51.000000, -486.000000
5.150000, -47.547783, -171.805054, 707.405334, 36.000000, -27.000000, 107.000000, 55.000000, -480.000000
5.200000, -93.781685, -208.246597, 732.058655, 25.000000, -27.000000, 38.000000, 55.000000, -480.000000
5.250000, -26.159744, -194.359344, 693.458069, 3.000000, -38.000000, -23.000000, 55.000000, -481.000000
5.300000, -49.927711, -184.043793, 729.593445, 30.000000, -74.000000, 17.000000, 45.000000, -486.000000
5.350000, -8.209129, -172.851425, 693.072693, -9.000000, 34.000000, -32.000000, 54.000000, -489.000000
5.400000, -62.531567, -175.147659, 654.271545, -2.000000, -30.000000, 22.000000, 54.000000, -481.000000
5.450000, -101.595871, -184.534973, 724.539246, 21.000000, 1.000000, -18.000000, 46.000000, -484.000000
5.500000, -8.875724, -175.800186, 685.613647, 36.000000, -39.000000, -39.000000, 48.000000, -487.000000
5.550000, -34.162865, -174.894669, 698.458679, 32.000000, -31.000000, 0.000000, 48.000000, -487.000000
5.600000, -104.725998, -187.578003, 753.772766, 16.000000, -26.000000, -18.000000, 49.000000, -487.000000
5.650000, -47.130692, -179.918625, 718.803101, -7.000000, -18.000000, 28.000000, 48.000000, -490.000000
5.700000, -23.578583, -176.339478, 713.253601, 5.000000, -57.000000, 0.000000, 43.000000, -487.000000
5.750000, -24.922096, -177.214722, 684.422668, 23.000000, 4.000000, -16.000000, 45.000000, -493.000000
5.800000, 10.806751, -170.718994, 687.718201, -1.000000, -11.000000, -21.000000, 43.000000, -489.000000
5.850000, -34.264435, -179.019897, 721.087891, 25.000000, -35.000000, 8.000000, 42.000000, -487.000000
5.900000, -33.543179, -173.078796, 704.067444, -44.000000, 25.000000, -21.000000, 49.000000, -489.000000
5.950000, 8.986206, -172.968384, 695.675049, 32.000000, 2.000000, 55.000000, 49.000000, -483.000000
6.000000, -37.918839, -187.848541, 702.262024, 28.000000, -8.000000, -11.000000, 55.000000, -480.000000
6.050000, -45.689133, -179.362228, 730.460266, 7.000000, 7.000000, 0.000000, 52.000000, -484.000000
6.100000, -33.341171, -180.749146, 702.237427, 22.000000, -24.000000, -18.000000, 54.000000, -487.000000
6.150000, -49.682243, -180.275314, 690.540588, 15.000000, 4.000000, 8.000000, 54.000000, -486.000000
6.200000, -38.816940, -171.078247, 719.731995, -59.000000, 21.000000, -23.000000, 55.000000, -489.000000
6.250000, -36.515575, -182.876175, 655.463440, 23.000000, 5.000000, 21.000000, 49.000000, -490.000000
6.300000, -39.189384, -179.848312, 683.613708, 20.000000, -6.000000, -27.000000, 48.000000, -484.000000
6.350000, -35.198494, -168.605896, 741.422913, 13.000000, -32.000000, -2.000000, 54.000000, -492.000000
6.400000, -19.846481, -174.830627, 695.217285, 18.000000, -18.000000, -11.000000, 52.000000, -483.000000
6.450000, -19.676975, -178.819519, 711.341919, 23.000000, -15.000000, 21.000000, 52.000000, -486.000000
6.500000, -50.753422, -173.952118, 711.653137, 4.000000, 11.000000, -7.000000, 57.000000, -487.000000
6.550000, -52.284492, -172.058502, 704.931824, 18.000000, -7.000000, 25.000000, 48.000000, -493.000000
6.600000, -47.560055, -177.660416, 725.187195, 0.000000, -10.000000, -32.000000, 51.000000, -484.000000
6.650000, -36.766949, -173.002823, 688.649170, 12.000000, -7.000000, 18.000000, 48.000000, -486.000000
6.700000, -28.939606, -168.993622, 695.682434, 14.000000, -2.000000, 3.000000, 54.000000, -484.000000
6.750000, -54.309742, -174.792236, 713.901123, 3.000000, -33.000000, 1.000000, 51.000000, -477.000000
6.800000, -39.071136, -172.264984, 704.246399, -4.000000, -11.000000, -23.000000, 48.000000, -484.000000
6.850000, -27.776264, -175.671890, 701.847534, 12.000000, 0.000000, 5.000000, 54.000000, -487.000000
6.900000, -39.916309, -174.944794, 690.837646, 16.000000, -9.000000, -16.000000, 58.000000, -483.000000
6.950000, -28.715042, -167.751419, 718.167542, 21.000000, -23.000000, 44.000000, 58.000000, -489.000000
7.000000, -50.002399, -175.371170, 724.347168, 21.000000, -14.000000, -1.000000, 57.000000, -483.000000
7.050000, -64.959877, -171.369034, 705.282043, 18.000000, -11.000000, 25.000000, 54.000000, -483.000000
7.100000, -49.437363, -166.216980, 712.449097, -2.000000, -30.000000, -1.000000, 46.000000, -483.000000
7.150000, -37.796459, -173.117157, 695.867554, 2.000000, -15.000000, 2.000000, 52.000000, -489.000000
7.200000, -21.629845, -170.391327, 695.193359, 10.000000, -7.000000, -28.000000, 52.000000, -480.000000
7.250000, -36.131882, -172.606461, 711.623474, 14.000000, -21.000000, 19.000000, 60.000000, -480.000000
7.300000, -47.229122, -171.402740, 705.926514, 7.000000, 0.000000, 4.000000, 61.000000, -483.000000
7.350000, -29.908104, -165.096954, 707.364319, 0.000000, 0.000000, -11.000000, 55.000000, -483.000000
7.400000, -39.345245, -169.485199, 711.795898, -21.000000, -16.000000, -15.000000, 54.000000, -484.000000
7.450000, -47.875950, -169.246155, 707.156738, 7.000000, 1.000000, 9.000000, 57.000000, -480.000000
7.500000, -40.601543, -172.089386, 704.204529, 0.000000, -33.000000, -42.000000, 57.000000, -475.000000
7.550000, -35.386154, -170.683685, 703.643127, 4.000000, 2.000000, -2.000000, 60.000000, -486.000000
7.600000, -22.610001, -163.546814, 696.731567, 17.000000, -20.000000, -20.000000, 61.000000, -483.000000
7.650000, -16.899696, -170.476654, 706.261230, 3.000000, -6.000000, 9.000000, 55.000000, -487.000000
7.700000, -23.255169, -172.851807, 709.392822, 8.000000, -1.000000, -13.000000, 58.000000, -481.000000
7.750000, -41.074051, -173.544891, 705.220276, 29.000000, -15.000000, 7.000000, 45.000000, -483.000000
7.800000, -36.643139, -169.850677, 725.788696, 1.000000, -21.000000, -15.000000, 57.000000, -486.000000
7.850000, -27.375124, -165.910675, 703.874939, 20.000000, -14.000000, 1.000000, 51.000000, -489.000000
7.900000, -49.463425, -175.468872, 700.470825, 15.000000, -18.000000, -7.000000, 49.000000, -481.000000
7.950000, -22.559969, -167.023300, 727.517029, 11.000000, -7.000000, -7.000000, 51.000000, -486.000000
8.000000, -9.854233, -165.707382, 697.132446, 14.000000, -16.000000, 0.000000, 55.000000, -483.000000
8.050000, -47.516335, -172.935043, 712.846008, 25.000000, -4.000000, -1.000000, 52.000000, -483.000000
8.100000, -27.968151, -164.033478, 732.858765, 37.000000, 0.000000, -34.000000, 51.000000, -480.000000
8.150000, -22.233028, -170.067184, 713.748657, 11.000000, -1.000000, -3.000000, 57.000000, -484.000000
8.200000, -36.108459, -165.266251, 727.165894, 5.000000, -21.000000, 7.000000, 54.000000, -475.000000
8.250000, -28.977837, -161.420334, 706.564453, -7.000000, -11.000000, -13.000000, 57.000000, -487.000000
8.300000, -32.516991, -172.376953, 698.761597, 3.000000, -18.000000, -16.000000, 55.000000, -481.000000
8.350000, -18.257030, -164.579697, 714.205261, 14.000000, -8.000000, -6.000000, 66.000000, -486.000000
8.400000, -19.376221, -169.547409, 705.103821, 11.000000, -28.000000, -30.000000, 57.000000, -492.000000
8.450000, -27.208263, -171.125946, 714.648193, 15.000000, -2.000000, -12.000000, 58.000000, -486.000000
8.500000, -25.693428, -164.305099, 696.501648, 10.000000, -23.000000, -29.000000, 57.000000, -480.000000
8.550000, -21.050304, -168.264862, 685.456116, 20.000000, -21.000000, -3.000000, 51.000000, -480.000000
8.600000, -4.922062, -162.117737, 711.333801, 21.000000, -16.000000, -14.000000, 55.000000, -480.000000
8.650000, -25.954350, -169.216888, 714.131348, 21.000000, -24.000000, -6.000000, 63.000000, -490.000000
8.700000, -26.333904, -167.459381, 716.596313, 18.000000, -38.000000, -11.000000, 55.000000, -480.000000
8.750000, -6.688580, -158.385132, 710.682800, 4.000000, -18.000000, -11.000000, 58.000000, -487.000000
8.800000, -28.253115, -169.851700, 706.428650, 18.000000, -14.000000, 18.000000, 55.000000, -480.000000
8.850000, -35.603859, -164.113007, 713.209106, -1.000000, 0.000000, -10.000000, 63.000000, -483.000000
8.900000, -29.333973, -161.670959, 702.467773, 16.000000, -37.000000, -6.000000, 55.000000, -486.000000
8.950000, -24.049992, -163.867126, 718.519592, 5.000000, -1.000000, -2.000000, 58.000000, -487.000000
9.000000, -15.478401, -158.376465, 729.351196, -11.000000, -23.000000, -28.000000, 61.000000, -475.000000
9.050000, -14.174871, -167.890015, 696.449768, -5.000000, -9.000000, -7.000000, 58.000000, -484.000000
9.100000, -20.712175, -167.459595, 694.334656, 7.000000, -9.000000, -25.000000, 54.000000, -484.000000
9.150000, -23.945133, -163.398422, 717.391907, 7.000000, -8.000000, 7.000000, 54.000000, -489.000000
9.200000, -15.564801, -166.536774, 715.814270, 7.000000, -8.000000, -21.000000, 58.000000, -487.000000
9.250000, -23.339348, -166.151123, 704.535034, 7.000000, -6.000000, -7.000000, 61.000000, -489.000000
9.300000, -26.009544, -166.834091, 697.475220, 0.000000, -25.000000, -11.000000, 55.000000, -486.000000
