Time 1XX 1YY 2XX 2YY 1X2Y 1Y2X 
-9.500000, 0.000000, 0.000000, 0.000000, 0.000000, 0.000000, 0.000000
-9.450000, -108.956367, -108.956367, 8077.453125, 8077.453125, 904.811584, -972.677612
-9.400000, -309.202667, -309.202667, 31681.683594, 31681.683594, 4563.131348, -1670.000366
-9.350000, -419.406616, -419.406616, 54915.031250, 54915.031250, 9763.240234, -2265.913574
-9.300000, -642.251343, -642.251343, 70726.648438, 70726.648438, 13491.307617, -3751.374512
-9.250000, -779.728088, -779.728088, 92262.851562, 92262.851562, 18021.480469, -2540.628906
-9.200000, -684.615906, -684.615906, 113052.523438, 113052.523438, 23870.472656, -4319.307617
-9.150000, -1138.756592, -1138.756592, 130792.140625, 130792.140625, 26389.048828, -6124.379883
-9.100000, -822.266785, -822.266785, 152410.812500, 152410.812500, 28923.156250, -985.356934
-9.050000, -51.536713, -51.536713, 171342.218750, 171342.218750, 34190.527344, -3725.430176
-9.000000, -1419.361694, -1419.361694, 190658.875000, 190658.875000, 37294.183594, -6792.655273
-8.950000, -1171.493042, -1171.493042, 211463.781250, 211463.781250, 40156.917969, -3432.678223
-8.900000, -61.017456, -61.017456, 230395.875000, 230395.875000, 44672.160156, -6344.536621
-8.850000, -1894.885010, -1894.885010, 251264.015625, 251264.015625, 49530.074219, -4930.042969
-8.800000, -899.578125, -899.578125, 270675.875000, 270675.875000, 54328.351562, -2094.733887
-8.750000, 310.614105, 310.614105, 290025.187500, 290025.187500, 55757.734375, -3059.238770
-8.700000, -847.045471, -847.045471, 310655.718750, 310655.718750, 58124.753906, -1132.475952
-8.650000, 142.476685, 142.476685, 329780.281250, 329780.281250, 63161.566406, -3216.475098
-8.600000, -751.816101, -751.816101, 350410.062500, 350410.062500, 65714.523438, -3510.317871
-8.550000, -405.896576, -405.896576, 369906.812500, 369906.812500, 69104.015625, -1734.355347
-8.500000, 560.817017, 560.817017, 388847.312500, 388847.312500, 72663.296875, -3317.751709
-8.450000, -1905.777344, -1905.777344, 409567.687500, 409567.687500, 75686.421875, -2813.896973
-8.400000, -173.562607, -173.562607, 428760.750000, 428760.750000, 80842.484375, -1511.543701
-8.350000, 647.048462, 647.048462, 448337.843750, 448337.843750, 84598.562500, 715.308350
-8.300000, -551.109924, -551.109924, 467697.281250, 467697.281250, 87388.789062, -280.344849
-8.250000, 472.805481, 472.805481, 486111.437500, 486111.437500, 89116.796875, -3048.082275
-8.200000, -311.849854, -311.849854, 506098.718750, 506098.718750, 91621.210938, -508.785400
-8.150000, 346.406677, 346.406677, 525712.125000, 525712.125000, 96360.328125, -1238.876953
-8.100000, -875.965881, -875.965881, 545411.250000, 545411.250000, 98582.078125, -3899.032227
-8.050000, -1242.198975, -1242.198975, 565567.625000, 565567.625000, 102566.507812, -1831.426514
-8.000000, 992.828735, 992.828735, 584801.125000, 584801.125000, 107781.828125, -1895.606079
-7.950000, -1754.176392, -1754.176392, 605316.187500, 605316.187500, 111141.359375, -3159.102783
-7.900000, -496.227844, -496.227844, 626107.562500, 626107.562500, 115042.992188, -713.215576
-7.850000, 954.999512, 954.999512, 645460.687500, 645460.687500, 116893.273438, -176.644958
-7.800000, -499.757172, -499.757172, 665764.875000, 665764.875000, 120710.890625, -1457.174561
-7.750000, 983.841919, 983.841919, 686418.500000, 686418.500000, 124750.710938, 1183.391357
-7.700000, -504.803040, -504.803040, 706170.875000, 706170.875000, 127013.210938, 1810.702026
-7.650000, 621.333252, 621.333252, 726139.750000, 726139.750000, 131727.000000, -330.548828
-7.600000, 319.355865, 319.355865, 745873.187500, 745873.187500, 133780.921875, 1951.980713
-7.550000, -646.767578, -646.767578, 765910.437500, 765910.437500, 138651.296875, 4597.192871
-7.500000, 2822.140869, 2822.140869, 786253.437500, 786253.437500, 144169.484375, 6002.200684
-7.450000, 49.751373, 49.751373, 805979.375000, 805979.375000, 144782.015625, 7272.039062
-7.400000, 2010.329834, 2010.329834, 826567.000000, 826567.000000, 150284.921875, 6674.030273
-7.350000, 3097.422363, 3097.422363, 846772.187500, 846772.187500, 154435.546875, 7196.642578
-7.300000, -610.514282, -610.514282, 866089.375000, 866089.375000, 158293.578125, 7198.980469
-7.250000, 3033.032959, 3033.032959, 886762.312500, 886762.312500, 163602.890625, 7429.505859
-7.200000, 73.287880, 73.287880, 907140.750000, 907140.750000, 164148.937500, 7929.589355
-7.150000, 792.087341, 792.087341, 927001.812500, 927001.812500, 169769.218750, 5015.366699
-7.100000, 2690.456055, 2690.456055, 947308.937500, 947308.937500, 173371.046875, 5220.683594
-7.050000, -2256.798096, -2256.798096, 966836.250000, 966836.250000, 175883.562500, 5691.985840
-7.000000, 3136.425781, 3136.425781, 986706.312500, 986706.312500, 184075.062500, 2793.155518
-6.950000, 429.291046, 429.291046, 1007083.250000, 1007083.250000, 185370.968750, 2201.888428
-6.900000, -1967.981812, -1967.981812, 1027119.625000, 1027119.625000, 190440.234375, 1584.997681
-6.850000, 2758.828125, 2758.828125, 1047266.125000, 1047266.125000, 198896.906250, 2742.345215
-6.800000, -2709.945557, -2709.945557, 1067345.750000, 1067345.750000, 200729.937500, 3343.011475
-6.750000, 634.576538, 634.576538, 1087683.000000, 1087683.000000, 205659.781250, 1039.806396
-6.700000, 1752.466309, 1752.466309, 1108037.875000, 1108037.875000, 210435.265625, 2445.278809
-6.650000, -1809.067017, -1809.067017, 1128045.750000, 1128045.750000, 214652.734375, 3188.809570
-6.600000, 1582.187012, 1582.187012, 1147834.625000, 1147834.625000, 219382.187500, 4393.715820
-6.550000, -124.164948, -124.164948, 1167437.000000, 1167437.000000, 222514.625000, 7236.872070
-6.500000, 2288.103027, 2288.103027, 1186960.375000, 1186960.375000, 224207.656250, 4028.725098
-6.450000, 975.740112, 975.740112, 1206319.875000, 1206319.875000, 223349.921875, 2054.555664
-6.400000, -903.313477, -903.313477, 1228412.250000, 1228412.250000, 230206.296875, 3749.946777
-6.350000, 2691.790039, 2691.790039, 1258029.625000, 1258029.625000, 238490.968750, 9476.824219
-6.300000, 3456.702148, 3456.702148, 1295431.250000, 1295431.250000, 242633.062500, 36816.750000
-6.250000, 14112.232422, 14112.232422, 1330324.375000, 1330324.375000, 247516.421875, 67454.062500
-6.200000, 13937.540039, 13937.540039, 1353799.500000, 1353799.500000, 247568.593750, 66398.593750
-6.150000, 10664.642578, 10664.642578, 1370168.375000, 1370168.375000, 252268.296875, 56401.390625
-6.100000, 16722.281250, 16722.281250, 1381094.625000, 1381094.625000, 255504.546875, 48890.367188
-6.050000, 6985.608398, 6985.608398, 1387658.000000, 1387658.000000, 251176.062500, 26886.794922
-6.000000, 3951.692871, 3951.692871, 1392387.000000, 1392387.000000, 251224.937500, 21559.328125
-5.950000, 3783.159180, 3783.159180, 1393525.375000, 1393525.375000, 248107.343750, 33952.085938
-5.900000, 1517.750488, 1517.750488, 1395374.625000, 1395374.625000, 248812.921875, 30761.207031
-5.850000, 11433.640625, 11433.640625, 1392752.000000, 1392752.000000, 251572.828125, 68611.765625
-5.800000, 23276.035156, 23276.035156, 1382845.875000, 1382845.875000, 246875.609375, 159408.468750
-5.750000, 41751.957031, 41751.957031, 1370248.500000, 1370248.500000, 246693.140625, 188424.468750
-5.700000, 39744.214844, 39744.214844, 1340960.500000, 1340960.500000, 239675.187500, 167704.468750
-5.650000, 33780.117188, 33780.117188, 1303514.375000, 1303514.375000, 224812.031250, 162684.656250
-5.600000, 32637.093750, 32637.093750, 1269105.750000, 1269105.750000, 216006.046875, 91603.078125
-5.550000, -9531.238281, -9531.238281, 1219853.500000, 1219853.500000, 209431.781250, -54456.164062
-5.500000, -42212.503906, -42212.503906, 1174083.000000, 1174083.000000, 199704.593750, -211119.187500
-5.450000, -64768.492188, -64768.492188, 1154634.250000, 1154634.250000, 190979.125000, -353064.218750
-5.400000, -96927.179688, -96927.179688, 1151216.625000, 1151216.625000, 193894.609375, -432606.968750
-5.350000, -105435.250000, -105435.250000, 1161502.375000, 1161502.375000, 196322.218750, -472608.718750
-5.300000, -112033.671875, -112033.671875, 1178966.750000, 1178966.750000, 204422.031250, -496885.843750
-5.250000, -92755.218750, -92755.218750, 1192786.375000, 1192786.375000, 219990.968750, -479670.968750
-5.200000, -77783.898438, -77783.898438, 1201965.250000, 1201965.250000, 214021.609375, -444266.031250
-5.150000, -91059.125000, -91059.125000, 1210265.125000, 1210265.125000, 215785.453125, -387938.031250
-5.100000, -67954.054688, -67954.054688, 1219175.000000, 1219175.000000, 235793.375000, -305422.937500
-5.050000, -51422.617188, -51422.617188, 1215097.750000, 1215097.750000, 263310.750000, -231945.984375
-5.000000, -42692.250000, -42692.250000, 1203727.000000, 1203727.000000, 306584.187500, -176078.218750
-4.950000, -25184.121094, -25184.121094, 1208040.000000, 1208040.000000, 313021.781250, -109799.820312
-4.900000, -14498.829102, -14498.829102, 1208490.500000, 1208490.500000, 286668.531250, -49432.128906
-4.850000, 12210.277344, 12210.277344, 1190869.250000, 1190869.250000, 268345.781250, -74017.046875
-4.800000, 18.126953, 18.126953, 1187602.000000, 1187602.000000, 232263.281250, -142785.687500
-4.750000, -13247.674805, -13247.674805, 1193134.750000, 1193134.750000, 180626.078125, -178128.625000
-4.700000, -10051.543945, -10051.543945, 1189690.625000, 1189690.625000, 133400.328125, -225174.500000
-4.650000, -53305.566406, -53305.566406, 1194885.500000, 1194885.500000, 89008.984375, -270565.531250
-4.600000, -61450.527344, -61450.527344, 1185936.625000, 1185936.625000, 37650.218750, -289706.437500
-4.550000, -50537.605469, -50537.605469, 1165410.000000, 1165410.000000, 37556.589844, -314730.250000
-4.500000, -64986.335938, -64986.335938, 1174592.750000, 1174592.750000, 131170.359375, -316275.562500
-4.450000, -64122.160156, -64122.160156, 1177728.250000, 1177728.250000, 200711.734375, -286791.656250
-4.400000, -42521.308594, -42521.308594, 1161412.250000, 1161412.250000, 241590.671875, -243261.140625
-4.350000, -8565.587891, -8565.587891, 1166104.375000, 1166104.375000, 336123.562500, -204682.562500
-4.300000, -44219.746094, -44219.746094, 1180254.125000, 1180254.125000, 406628.312500, -204933.000000
-4.250000, -65897.140625, -65897.140625, 1187822.750000, 1187822.750000, 436325.875000, -209934.562500
-4.200000, -18438.595703, -18438.595703, 1199164.875000, 1199164.875000, 465701.312500, -198814.562500
-4.150000, -50588.507812, -50588.507812, 1216375.500000, 1216375.500000, 458070.250000, -196548.984375
-4.100000, -65154.968750, -65154.968750, 1230797.000000, 1230797.000000, 413416.468750, -195296.640625
-4.050000, -32994.847656, -32994.847656, 1234369.625000, 1234369.625000, 353743.531250, -188130.406250
-4.000000, -38541.546875, -38541.546875, 1225694.250000, 1225694.250000, 256261.187500, -183997.953125
-3.950000, -8894.923828, -8894.923828, 1194481.125000, 1194481.125000, 100960.953125, -180685.703125
-3.900000, 7613.205566, 7613.205566, 1143938.375000, 1143938.375000, -52776.367188, -171811.171875
-3.850000, 4034.505859, 4034.505859, 1104530.625000, 1104530.625000, -146816.671875, -161644.437500
-3.800000, 2740.968750, 2740.968750, 1079202.375000, 1079202.375000, -177001.281250, -154546.640625
-3.750000, -11389.893555, -11389.893555, 1047611.062500, 1047611.062500, -164635.968750, -152502.578125
-3.700000, -1469.465942, -1469.465942, 1024907.375000, 1024907.375000, -166174.906250, -148781.609375
-3.650000, -20339.642578, -20339.642578, 1022973.375000, 1022973.375000, -122246.929688, -136061.328125
-3.600000, -29768.363281, -29768.363281, 1017991.562500, 1017991.562500, -22980.488281, -132576.531250
-3.550000, -24499.554688, -24499.554688, 1013327.437500, 1013327.437500, -19703.097656, -133674.140625
-3.500000, -23112.486328, -23112.486328, 1019290.125000, 1019290.125000, -43452.695312, -127662.843750
-3.450000, 11418.246094, 11418.246094, 1021139.125000, 1021139.125000, -20082.621094, -129871.523438
-3.400000, -46502.859375, -46502.859375, 1024754.375000, 1024754.375000, -49188.410156, -133945.062500
-3.350000, -71014.843750, -71014.843750, 1036085.812500, 1036085.812500, -76611.335938, -138958.781250
-3.300000, -327.207977, -327.207977, 1048409.312500, 1048409.312500, -72902.421875, -144105.281250
-3.250000, -43288.835938, -43288.835938, 1067241.250000, 1067241.250000, -87352.460938, -142235.375000
-3.200000, -53301.679688, -53301.679688, 1096335.125000, 1096335.125000, -77462.859375, -148452.593750
-3.150000, -15273.184570, -15273.184570, 1132910.625000, 1132910.625000, -50007.949219, -147321.390625
-3.100000, -56512.621094, -56512.621094, 1165556.875000, 1165556.875000, -36705.707031, -137560.515625
-3.050000, -61117.089844, -61117.089844, 1188097.000000, 1188097.000000, -33051.828125, -140559.843750
-3.000000, -47363.093750, -47363.093750, 1209192.500000, 1209192.500000, -31200.193359, -134820.703125
-2.950000, -67839.007812, -67839.007812, 1228688.375000, 1228688.375000, -24233.564453, -130660.679688
-2.900000, -106716.789062, -106716.789062, 1246960.250000, 1246960.250000, -21911.351562, -143148.234375
-2.850000, -89430.757812, -89430.757812, 1269492.000000, 1269492.000000, -6589.770508, -135422.265625
-2.800000, -33145.792969, -33145.792969, 1292479.250000, 1292479.250000, 13627.445312, -118021.375000
-2.750000, -49701.031250, -49701.031250, 1313078.750000, 1313078.750000, 10339.605469, -118271.968750
-2.700000, -23571.730469, -23571.730469, 1334264.625000, 1334264.625000, 12039.477539, -110339.015625
-2.650000, 7749.610840, 7749.610840, 1357127.875000, 1357127.875000, 18552.929688, -92456.835938
-2.600000, 9679.130859, 9679.130859, 1377020.750000, 1377020.750000, 16673.667969, -80547.859375
-2.550000, 65020.929688, 65020.929688, 1394978.500000, 1394978.500000, 19547.031250, -71411.460938
-2.500000, 20421.191406, 20421.191406, 1415797.000000, 1415797.000000, 15505.288086, -68192.265625
-2.450000, -4333.602051, -4333.602051, 1433286.375000, 1433286.375000, 8647.853516, -61842.339844
-2.400000, 51969.914062, 51969.914062, 1448926.375000, 1448926.375000, 16884.839844, -60030.671875
-2.350000, 33200.394531, 33200.394531, 1469928.625000, 1469928.625000, 32469.304688, -62230.187500
-2.300000, 52520.171875, 52520.171875, 1487869.625000, 1487869.625000, 33580.425781, -50054.460938
-2.250000, 47047.339844, 47047.339844, 1501211.000000, 1501211.000000, 21362.804688, -59610.093750
-2.200000, 2992.848633, 2992.848633, 1520054.375000, 1520054.375000, 23201.800781, -69648.195312
-2.150000, 16434.703125, 16434.703125, 1539875.750000, 1539875.750000, 25918.501953, -48266.718750
-2.100000, -25239.050781, -25239.050781, 1553776.875000, 1553776.875000, 14578.023438, -55487.843750
-2.050000, -92843.546875, -92843.546875, 1568928.125000, 1568928.125000, 8364.210938, -72032.562500
-2.000000, -99384.875000, -99384.875000, 1587389.625000, 1587389.625000, 15078.179688, -61607.203125
-1.950000, -7913.046875, -7913.046875, 1604225.000000, 1604225.000000, 48414.750000, -58315.062500
-1.900000, 61943.847656, 61943.847656, 1620221.625000, 1620221.625000, 79759.843750, -59965.066406
-1.850000, 45316.464844, 45316.464844, 1636417.250000, 1636417.250000, 61805.144531, -56292.929688
-1.800000, 32145.437500, 32145.437500, 1653493.500000, 1653493.500000, 16124.904297, -59603.683594
-1.750000, -65322.054688, -65322.054688, 1671066.125000, 1671066.125000, -41299.539062, -71685.546875
-1.700000, -84029.882812, -84029.882812, 1690574.375000, 1690574.375000, -98155.476562, -56904.457031
-1.650000, -56413.402344, -56413.402344, 1714475.500000, 1714475.500000, -133284.906250, -42426.687500
-1.600000, -153794.296875, -153794.296875, 1735507.250000, 1735507.250000, -162270.015625, -75690.679688
-1.550000, -71503.117188, -71503.117188, 1754369.250000, 1754369.250000, -175455.093750, -68833.039062
-1.500000, 8011.191895, 8011.191895, 1775994.250000, 1775994.250000, -150087.421875, -48075.269531
-1.450000, 63028.425781, 63028.425781, 1797096.000000, 1797096.000000, -82995.585938, -89553.140625
-1.400000, 344898.593750, 344898.593750, 1828662.500000, 1828662.500000, 20541.044922, -76715.343750
-1.350000, 348071.312500, 348071.312500, 1874014.125000, 1874014.125000, 114695.093750, -22351.683594
-1.300000, 80165.156250, 80165.156250, 1918043.125000, 1918043.125000, 159619.781250, -27689.126953
-1.250000, -94423.179688, -94423.179688, 1963809.375000, 1963809.375000, 174671.156250, -15397.484375
-1.200000, -414239.156250, -414239.156250, 2022007.250000, 2022007.250000, 184204.312500, 33635.644531
-1.150000, -882054.312500, -882054.312500, 2087434.000000, 2087434.000000, 175301.812500, 24066.857422
-1.100000, -992459.937500, -992459.937500, 2148019.250000, 2148019.250000, 174973.875000, 29030.003906
-1.050000, -700849.375000, -700849.375000, 2207633.750000, 2207633.750000, 233669.921875, 94050.164062
-1.000000, -488170.656250, -488170.656250, 2273174.750000, 2273174.750000, 291962.250000, 38500.917969
-0.950000, 81945.132812, 81945.132812, 2322089.000000, 2322089.000000, 282120.656250, -20558.664062
-0.900000, 1047621.937500, 1047621.937500, 2354144.750000, 2354144.750000, 215698.328125, 79300.023438
-0.850000, 1389279.750000, 1389279.750000, 2393929.250000, 2393929.250000, 76269.179688, 74049.312500
-0.800000, 1559432.000000, 1559432.000000, 2420337.750000, 2420337.750000, -135276.000000, 17996.656250
-0.750000, 1918500.000000, 1918500.000000, 2451840.250000, 2451840.250000, -311431.312500, 154122.687500
-0.700000, 1724487.000000, 1724487.000000, 2537201.750000, 2537201.750000, -397076.812500, 347528.656250
-0.650000, 1062473.500000, 1062473.500000, 2616815.250000, 2616815.250000, -509598.156250, 502959.687500
-0.600000, 88764.718750, 88764.718750, 2664606.000000, 2664606.000000, -613213.000000, 595882.250000
-0.550000, -987242.187500, -987242.187500, 2736097.750000, 2736097.750000, -509733.312500, 643650.000000
-0.500000, -1864700.125000, -1864700.125000, 2808545.750000, 2808545.750000, -301947.781250, 675767.437500
-0.450000, -2818673.000000, -2818673.000000, 2862025.250000, 2862025.250000, -118842.640625, 548171.375000
-0.400000, -3630814.500000, -3630814.500000, 2916222.250000, 2916222.250000, 161592.453125, 295383.687500
-0.350000, -3697536.000000, -3697536.000000, 2984403.750000, 2984403.750000, 532439.000000, 37410.000000
-0.300000, -3049468.000000, -3049468.000000, 3084809.000000, 3084809.000000, 901139.437500, -227885.828125
-0.250000, -1909096.875000, -1909096.875000, 3204795.000000, 3204795.000000, 1272122.625000, -351844.375000
-0.200000, 23047.910156, 23047.910156, 3370038.500000, 3370038.500000, 1604907.125000, -239001.250000
-0.150000, 2136060.250000, 2136060.250000, 3553725.500000, 3553725.500000, 1775614.375000, -14168.953125
-0.100000, 3615815.000000, 3615815.000000, 3682860.000000, 3682860.000000, 1783443.125000, 331526.656250
-0.050000, 5469987.500000, 5469987.500000, 3838360.750000, 3838360.750000, 1742548.750000, 914697.625000
0.000000, 6717919.500000, 6717919.500000, 3949173.750000, 3949173.750000, 1496596.000000, 1496596.000000
0.050000, 5469987.500000, 5469987.500000, 3838360.750000, 3838360.750000, 914697.625000, 1742548.750000
0.100000, 3615815.000000, 3615815.000000, 3682860.000000, 3682860.000000, 331526.656250, 1783443.125000
0.150000, 2136060.250000, 2136060.250000, 3553725.500000, 3553725.500000, -14168.953125, 1775614.375000
0.200000, 23047.910156, 23047.910156, 3370038.500000, 3370038.500000, -239001.250000, 1604907.125000
0.250000, -1909096.875000, -1909096.875000, 3204795.000000, 3204795.000000, -351844.375000, 1272122.625000
0.300000, -3049468.000000, -3049468.000000, 3084809.000000, 3084809.000000, -227885.828125, 901139.437500
0.350000, -3697536.000000, -3697536.000000, 2984403.750000, 2984403.750000, 37410.000000, 532439.000000
0.400000, -3630814.500000, -3630814.500000, 2916222.250000, 2916222.250000, 295383.687500, 161592.453125
0.450000, -2818673.000000, -2818673.000000, 2862025.250000, 2862025.250000, 548171.375000, -118842.640625
0.500000, -1864700.125000, -1864700.125000, 2808545.750000, 2808545.750000, 675767.437500, -301947.781250
0.550000, -987242.187500, -987242.187500, 2736097.750000, 2736097.750000, 643650.000000, -509733.312500
0.600000, 88764.718750, 88764.718750, 2664606.000000, 2664606.000000, 595882.250000, -613213.000000
0.650000, 1062473.500000, 1062473.500000, 2616815.250000, 2616815.250000, 502959.687500, -509598.156250
0.700000, 1724487.000000, 1724487.000000, 2537201.750000, 2537201.750000, 347528.656250, -397076.812500
0.750000, 1918500.000000, 1918500.000000, 2451840.250000, 2451840.250000, 154122.687500, -311431.312500
0.800000, 1559432.000000, 1559432.000000, 2420337.750000, 2420337.750000, 17996.656250, -135276.000000
0.850000, 1389279.750000, 1389279.750000, 2393929.250000, 2393929.250000, 74049.312500, 76269.179688
0.900000, 1047621.937500, 1047621.937500, 2354144.750000, 2354144.750000, 79300.023438, 215698.328125
0.950000, 81945.132812, 81945.132812, 2322089.000000, 2322089.000000, -20558.664062, 282120.656250
1.000000, -488170.656250, -488170.656250, 2273174.750000, 2273174.750000, 38500.917969, 291962.250000
1.050000, -700849.375000, -700849.375000, 2207633.750000, 2207633.750000, 94050.164062, 233669.921875
1.100000, -992459.937500, -992459.937500, 2148019.250000, 2148019.250000, 29030.003906, 174973.875000
1.150000, -882054.312500, -882054.312500, 2087434.000000, 2087434.000000, 24066.857422, 175301.812500
1.200000, -414239.156250, -414239.156250, 2022007.250000, 2022007.250000, 33635.644531, 184204.312500
1.250000, -94423.179688, -94423.179688, 1963809.375000, 1963809.375000, -15397.484375, 174671.156250
1.300000, 80165.156250, 80165.156250, 1918043.125000, 1918043.125000, -27689.126953, 159619.781250
1.350000, 348071.312500, 348071.312500, 1874014.125000, 1874014.125000, -22351.683594, 114695.093750
1.400000, 344898.593750, 344898.593750, 1828662.500000, 1828662.500000, -76715.343750, 20541.044922
1.450000, 63028.425781, 63028.425781, 1797096.000000, 1797096.000000, -89553.140625, -82995.585938
1.500000, 8011.191895, 8011.191895, 1775994.250000, 1775994.250000, -48075.269531, -150087.421875
1.550000, -71503.117188, -71503.117188, 1754369.250000, 1754369.250000, -68833.039062, -175455.093750
1.600000, -153794.296875, -153794.296875, 1735507.250000, 1735507.250000, -75690.679688, -162270.015625
1.650000, -56413.402344, -56413.402344, 1714475.500000, 1714475.500000, -42426.687500, -133284.906250
1.700000, -84029.882812, -84029.882812, 1690574.375000, 1690574.375000, -56904.457031, -98155.476562
1.750000, -65322.054688, -65322.054688, 1671066.125000, 1671066.125000, -71685.546875, -41299.539062
1.800000, 32145.437500, 32145.437500, 1653493.500000, 1653493.500000, -59603.683594, 16124.904297
1.850000, 45316.464844, 45316.464844, 1636417.250000, 1636417.250000, -56292.929688, 61805.144531
1.900000, 61943.847656, 61943.847656, 1620221.625000, 1620221.625000, -59965.066406, 79759.843750
1.950000, -7913.046875, -7913.046875, 1604225.000000, 1604225.000000, -58315.062500, 48414.750000
2.000000, -99384.875000, -99384.875000, 1587389.625000, 1587389.625000, -61607.203125, 15078.179688
2.050000, -92843.546875, -92843.546875, 1568928.125000, 1568928.125000, -72032.562500, 8364.210938
2.100000, -25239.050781, -25239.050781, 1553776.875000, 1553776.875000, -55487.843750, 14578.023438
2.150000, 16434.703125, 16434.703125, 1539875.750000, 1539875.750000, -48266.718750, 25918.501953
2.200000, 2992.848633, 2992.848633, 1520054.375000, 1520054.375000, -69648.195312, 23201.800781
2.250000, 47047.339844, 47047.339844, 1501211.000000, 1501211.000000, -59610.093750, 21362.804688
2.300000, 52520.171875, 52520.171875, 1487869.625000, 1487869.625000, -50054.460938, 33580.425781
2.350000, 33200.394531, 33200.394531, 1469928.625000, 1469928.625000, -62230.187500, 32469.304688
2.400000, 51969.914062, 51969.914062, 1448926.375000, 1448926.375000, -60030.671875, 16884.839844
2.450000, -4333.602051, -4333.602051, 1433286.375000, 1433286.375000, -61842.339844, 8647.853516
2.500000, 20421.191406, 20421.191406, 1415797.000000, 1415797.000000, -68192.265625, 15505.288086
2.550000, 65020.929688, 65020.929688, 1394978.500000, 1394978.500000, -71411.460938, 19547.031250
2.600000, 9679.130859, 9679.130859, 1377020.750000, 1377020.750000, -80547.859375, 16673.667969
2.650000, 7749.610840, 7749.610840, 1357127.875000, 1357127.875000, -92456.835938, 18552.929688
2.700000, -23571.730469, -23571.730469, 1334264.625000, 1334264.625000, -110339.015625, 12039.477539
2.750000, -49701.031250, -49701.031250, 1313078.750000, 1313078.750000, -118271.968750, 10339.605469
2.800000, -33145.792969, -33145.792969, 1292479.250000, 1292479.250000, -118021.375000, 13627.445312
2.850000, -89430.757812, -89430.757812, 1269492.000000, 1269492.000000, -135422.265625, -6589.770508
2.900000, -106716.789062, -106716.789062, 1246960.250000, 1246960.250000, -143148.234375, -21911.351562
2.950000, -67839.007812, -67839.007812, 1228688.375000, 1228688.375000, -130660.679688, -24233.564453
3.000000, -47363.093750, -47363.093750, 1209192.500000, 1209192.500000, -134820.703125, -31200.193359
3.050000, -61117.089844, -61117.089844, 1188097.000000, 1188097.000000, -140559.843750, -33051.828125
3.100000, -56512.621094, -56512.621094, 1165556.875000, 1165556.875000, -137560.515625, -36705.707031
3.150000, -15273.184570, -15273.184570, 1132910.625000, 1132910.625000, -147321.390625, -50007.949219
3.200000, -53301.679688, -53301.679688, 1096335.125000, 1096335.125000, -148452.593750, -77462.859375
3.250000, -43288.835938, -43288.835938, 1067241.250000, 1067241.250000, -142235.375000, -87352.460938
3.300000, -327.207977, -327.207977, 1048409.312500, 1048409.312500, -144105.281250, -72902.421875
3.350000, -71014.843750, -71014.843750, 1036085.812500, 1036085.812500, -138958.781250, -76611.335938
3.400000, -46502.859375, -46502.859375, 1024754.375000, 1024754.375000, -133945.062500, -49188.410156
3.450000, 11418.246094, 11418.246094, 1021139.125000, 1021139.125000, -129871.523438, -20082.621094
3.500000, -23112.486328, -23112.486328, 1019290.125000, 1019290.125000, -127662.843750, -43452.695312
3.550000, -24499.554688, -24499.554688, 1013327.437500, 1013327.437500, -133674.140625, -19703.097656
3.600000, -29768.363281, -29768.363281, 1017991.562500, 1017991.562500, -132576.531250, -22980.488281
3.650000, -20339.642578, -20339.642578, 1022973.375000, 1022973.375000, -136061.328125, -122246.929688
3.700000, -1469.465942, -1469.465942, 1024907.375000, 1024907.375000, -148781.609375, -166174.906250
3.750000, -11389.893555, -11389.893555, 1047611.062500, 1047611.062500, -152502.578125, -164635.968750
3.800000, 2740.968750, 2740.968750, 1079202.375000, 1079202.375000, -154546.640625, -177001.281250
3.850000, 4034.505859, 4034.505859, 1104530.625000, 1104530.625000, -161644.437500, -146816.671875
3.900000, 7613.205566, 7613.205566, 1143938.375000, 1143938.375000, -171811.171875, -52776.367188
3.950000, -8894.923828, -8894.923828, 1194481.125000, 1194481.125000, -180685.703125, 100960.953125
4.000000, -38541.546875, -38541.546875, 1225694.250000, 1225694.250000, -183997.953125, 256261.187500
4.050000, -32994.847656, -32994.847656, 1234369.625000, 1234369.625000, -188130.406250, 353743.531250
4.100000, -65154.968750, -65154.968750, 1230797.000000, 1230797.000000, -195296.640625, 413416.468750
4.150000, -50588.507812, -50588.507812, 1216375.500000, 1216375.500000, -196548.984375, 458070.250000
4.200000, -18438.595703, -18438.595703, 1199164.875000, 1199164.875000, -198814.562500, 465701.312500
4.250000, -65897.140625, -65897.140625, 1187822.750000, 1187822.750000, -209934.562500, 436325.875000
4.300000, -44219.746094, -44219.746094, 1180254.125000, 1180254.125000, -204933.000000, 406628.312500
4.350000, -8565.587891, -8565.587891, 1166104.375000, 1166104.375000, -204682.562500, 336123.562500
4.400000, -42521.308594, -42521.308594, 1161412.250000, 1161412.250000, -243261.140625, 241590.671875
4.450000, -64122.160156, -64122.160156, 1177728.250000, 1177728.250000, -286791.656250, 200711.734375
4.500000, -64986.335938, -64986.335938, 1174592.750000, 1174592.750000, -316275.562500, 131170.359375
4.550000, -50537.605469, -50537.605469, 1165410.000000, 1165410.000000, -314730.250000, 37556.589844
4.600000, -61450.527344, -61450.527344, 1185936.625000, 1185936.625000, -289706.437500, 37650.218750
4.650000, -53305.566406, -53305.566406, 1194885.500000, 1194885.500000, -270565.531250, 89008.984375
4.700000, -10051.543945, -10051.543945, 1189690.625000, 1189690.625000, -225174.500000, 133400.328125
4.750000, -13247.674805, -13247.674805, 1193134.750000, 1193134.750000, -178128.625000, 180626.078125
4.800000, 18.126953, 18.126953, 1187602.000000, 1187602.000000, -142785.687500, 232263.281250
4.850000, 12210.277344, 12210.277344, 1190869.250000, 1190869.250000, -74017.046875, 268345.781250
4.900000, -14498.829102, -14498.829102, 1208490.500000, 1208490.500000, -49432.128906, 286668.531250
4.950000, -25184.121094, -25184.121094, 1208040.000000, 1208040.000000, -109799.820312, 313021.781250
5.000000, -42692.250000, -42692.250000, 1203727.000000, 1203727.000000, -176078.218750, 306584.187500
5.050000, -51422.617188, -51422.617188, 1215097.750000, 1215097.750000, -231945.984375, 263310.750000
5.100000, -67954.054688, -67954.054688, 1219175.000000, 1219175.000000, -305422.937500, 235793.375000
5.150000, -91059.125000, -91059.125000, 1210265.125000, 1210265.125000, -387938.031250, 215785.453125
5.200000, -77783.898438, -77783.898438, 1201965.250000, 1201965.250000, -444266.031250, 214021.609375
5.250000, -92755.218750, -92755.218750, 1192786.375000, 1192786.375000, -479670.968750, 219990.968750
5.300000, -112033.671875, -112033.671875, 1178966.750000, 1178966.750000, -496885.843750, 204422.031250
5.350000, -105435.250000, -105435.250000, 1161502.375000, 1161502.375000, -472608.718750, 196322.218750
5.400000, -96927.179688, -96927.179688, 1151216.625000, 1151216.625000, -432606.968750, 193894.609375
5.450000, -64768.492188, -64768.492188, 1154634.250000, 1154634.250000, -353064.218750, 190979.125000
5.500000, -42212.503906, -42212.503906, 1174083.000000, 1174083.000000, -211119.187500, 199704.593750
5.550000, -9531.238281, -9531.238281, 1219853.500000, 1219853.500000, -54456.164062, 209431.781250
5.600000, 32637.093750, 32637.093750, 1269105.750000, 1269105.750000, 91603.078125, 216006.046875
5.650000, 33780.117188, 33780.117188, 1303514.375000, 1303514.375000, 162684.656250, 224812.031250
5.700000, 39744.214844, 39744.214844, 1340960.500000, 1340960.500000, 167704.468750, 239675.187500
5.750000, 41751.957031, 41751.957031, 1370248.500000, 1370248.500000, 188424.468750, 246693.140625
5.800000, 23276.035156, 23276.035156, 1382845.875000, 1382845.875000, 159408.468750, 246875.609375
5.850000, 11433.640625, 11433.640625, 1392752.000000, 1392752.000000, 68611.765625, 251572.828125
5.900000, 1517.750488, 1517.750488, 1395374.625000, 1395374.625000, 30761.207031, 248812.921875
5.950000, 3783.159180, 3783.159180, 1393525.375000, 1393525.375000, 33952.085938, 248107.343750
6.000000, 3951.692871, 3951.692871, 1392387.000000, 1392387.000000, 21559.328125, 251224.937500
6.050000, 6985.608398, 6985.608398, 1387658.000000, 1387658.000000, 26886.794922, 251176.062500
6.100000, 16722.281250, 16722.281250, 1381094.625000, 1381094.625000, 48890.367188, 255504.546875
6.150000, 10664.642578, 10664.642578, 1370168.375000, 1370168.375000, 56401.390625, 252268.296875
6.200000, 13937.540039, 13937.540039, 1353799.500000, 1353799.500000, 66398.593750, 247568.593750
6.250000, 14112.232422, 14112.232422, 1330324.375000, 1330324.375000, 67454.062500, 247516.421875
6.300000, 3456.702148, 3456.702148, 1295431.250000, 1295431.250000, 36816.750000, 242633.062500
6.350000, 2691.790039, 2691.790039, 1258029.625000, 1258029.625000, 9476.824219, 238490.968750
6.400000, -903.313477, -903.313477, 1228412.250000, 1228412.250000, 3749.946777, 230206.296875
6.450000, 975.740112, 975.740112, 1206319.875000, 1206319.875000, 2054.555664, 223349.921875
6.500000, 2288.103027, 2288.103027, 1186960.375000, 1186960.375000, 4028.725098, 224207.656250
6.550000, -124.164948, -124.164948, 1167437.000000, 1167437.000000, 7236.872070, 222514.625000
6.600000, 1582.187012, 1582.187012, 1147834.625000, 1147834.625000, 4393.715820, 219382.187500
6.650000, -1809.067017, -1809.067017, 1128045.750000, 1128045.750000, 3188.809570, 214652.734375
6.700000, 1752.466309, 1752.466309, 1108037.875000, 1108037.875000, 2445.278809, 210435.265625
6.750000, 634.576538, 634.576538, 1087683.000000, 1087683.000000, 1039.806396, 205659.781250
6.800000, -2709.945557, -2709.945557, 1067345.750000, 1067345.750000, 3343.011475, 200729.937500
6.850000, 2758.828125, 2758.828125, 1047266.125000, 1047266.125000, 2742.345215, 198896.906250
6.900000, -1967.981812, -1967.981812, 1027119.625000, 1027119.625000, 1584.997681, 190440.234375
6.950000, 429.291046, 429.291046, 1007083.250000, 1007083.250000, 2201.888428, 185370.968750
7.000000, 3136.425781, 3136.425781, 986706.312500, 986706.312500, 2793.155518, 184075.062500
7.050000, -2256.798096, -2256.798096, 966836.250000, 966836.250000, 5691.985840, 175883.562500
7.100000, 2690.456055, 2690.456055, 947308.937500, 947308.937500, 5220.683594, 173371.046875
7.150000, 792.087341, 792.087341, 927001.812500, 927001.812500, 5015.366699, 169769.218750
7.200000, 73.287880, 73.287880, 907140.750000, 907140.750000, 7929.589355, 164148.937500
7.250000, 3033.032959, 3033.032959, 886762.312500, 886762.312500, 7429.505859, 163602.890625
7.300000, -610.514282, -610.514282, 866089.375000, 866089.375000, 7198.980469, 158293.578125
7.350000, 3097.422363, 3097.422363, 846772.187500, 846772.187500, 7196.642578, 154435.546875
7.400000, 2010.329834, 2010.329834, 826567.000000, 826567.000000, 6674.030273, 150284.921875
7.450000, 49.751373, 49.751373, 805979.375000, 805979.375000, 7272.039062, 144782.015625
7.500000, 2822.140869, 2822.140869, 786253.437500, 786253.437500, 6002.200684, 144169.484375
7.550000, -646.767578, -646.767578, 765910.437500, 765910.437500, 4597.192871, 138651.296875
7.600000, 319.355865, 319.355865, 745873.187500, 745873.187500, 1951.980713, 133780.921875
7.650000, 621.333252, 621.333252, 726139.750000, 726139.750000, -330.548828, 131727.000000
7.700000, -504.803040, -504.803040, 706170.875000, 706170.875000, 1810.702026, 127013.210938
7.750000, 983.841919, 983.841919, 686418.500000, 686418.500000, 1183.391357, 124750.710938
7.800000, -499.757172, -499.757172, 665764.875000, 665764.875000, -1457.174561, 120710.890625
7.850000, 954.999512, 954.999512, 645460.687500, 645460.687500, -176.644958, 116893.273438
7.900000, -496.227844, -496.227844, 626107.562500, 626107.562500, -713.215576, 115042.992188
7.950000, -1754.176392, -1754.176392, 605316.187500, 605316.187500, -3159.102783, 111141.359375
8.000000, 992.828735, 992.828735, 584801.125000, 584801.125000, -1895.606079, 107781.828125
8.050000, -1242.198975, -1242.198975, 565567.625000, 565567.625000, -1831.426514, 102566.507812
8.100000, -875.965881, -875.965881, 545411.250000, 545411.250000, -3899.032227, 98582.078125
8.150000, 346.406677, 346.406677, 525712.125000, 525712.125000, -1238.876953, 96360.328125
8.200000, -311.849854, -311.849854, 506098.718750, 506098.718750, -508.785400, 91621.210938
8.250000, 472.805481, 472.805481, 486111.437500, 486111.437500, -3048.082275, 89116.796875
8.300000, -551.109924, -551.109924, 467697.281250, 467697.281250, -280.344849, 87388.789062
8.350000, 647.048462, 647.048462, 448337.843750, 448337.843750, 715.308350, 84598.562500
8.400000, -173.562607, -173.562607, 428760.750000, 428760.750000, -1511.543701, 80842.484375
8.450000, -1905.777344, -1905.777344, 409567.687500, 409567.687500, -2813.896973, 75686.421875
8.500000, 560.817017, 560.817017, 388847.312500, 388847.312500, -3317.751709, 72663.296875
8.550000, -405.896576, -405.896576, 369906.812500, 369906.812500, -1734.355347, 69104.015625
8.600000, -751.816101, -751.816101, 350410.062500, 350410.062500, -3510.317871, 65714.523438
8.650000, 142.476685, 142.476685, 329780.281250, 329780.281250, -3216.475098, 63161.566406
8.700000, -847.045471, -847.045471, 310655.718750, 310655.718750, -1132.475952, 58124.753906
8.750000, 310.614105, 310.614105, 290025.187500, 290025.187500, -3059.238770, 55757.734375
8.800000, -899.578125, -899.578125, 270675.875000, 270675.875000, -2094.733887, 54328.351562
8.850000, -1894.885010, -1894.885010, 251264.015625, 251264.015625, -4930.042969, 49530.074219
8.900000, -61.017456, -61.017456, 230395.875000, 230395.875000, -6344.536621, 44672.160156
8.950000, -1171.493042, -1171.493042, 211463.781250, 211463.781250, -3432.678223, 40156.917969
9.000000, -1419.361694, -1419.361694, 190658.875000, 190658.875000, -6792.655273, 37294.183594
9.050000, -51.536713, -51.536713, 171342.218750, 171342.218750, -3725.430176, 34190.527344
9.100000, -822.266785, -822.266785, 152410.812500, 152410.812500, -985.356934, 28923.156250
9.150000, -1138.756592, -1138.756592, 130792.140625, 130792.140625, -6124.379883, 26389.048828
9.200000, -684.615906, -684.615906, 113052.523438, 113052.523438, -4319.307617, 23870.472656
9.250000, -779.728088, -779.728088, 92262.851562, 92262.851562, -2540.628906, 18021.480469
9.300000, -642.251343, -642.251343, 70726.648438, 70726.648438, -3751.374512, 13491.307617
9.350000, -419.406616, -419.406616, 54915.031250, 54915.031250, -2265.913574, 9763.240234
9.400000, -309.202667, -309.202667, 31681.683594, 31681.683594, -1670.000366, 4563.131348
9.450000, -108.956367, -108.956367, 8077.453125, 8077.453125, -972.677612, 904.811584
