Time 1XX 1YY 2XX 2YY 1X2Y 1Y2X 
-9.250000, 0.000000, 0.000000, 0.000000, 0.000000, 0.000000, 0.000000
-9.200000, 64.030190, 64.030190, 18642.785156, 18642.785156, 1149.173340, 1038.747559
-9.150000, 286.591492, 286.591492, 73185.382812, 73185.382812, 5966.732422, 3333.708496
-9.100000, 1038.596313, 1038.596313, 127832.890625, 127832.890625, 15743.680664, 10683.109375
-9.050000, 2394.430664, 2394.430664, 163231.843750, 163231.843750, 26966.808594, 20446.615234
-9.000000, 3781.738281, 3781.738281, 207715.531250, 207715.531250, 35147.007812, 19133.625000
-8.950000, 4336.635742, 4336.635742, 255634.406250, 255634.406250, 45123.996094, 18212.951172
-8.900000, 4234.354492, 4234.354492, 298604.468750, 298604.468750, 58696.347656, 26580.449219
-8.850000, 5638.245605, 5638.245605, 342608.125000, 342608.125000, 65938.656250, 26857.650391
-8.800000, 6419.900879, 6419.900879, 383728.812500, 383728.812500, 71166.187500, 22802.240234
-8.750000, 3938.993652, 3938.993652, 429336.937500, 429336.937500, 83906.976562, 19881.164062
-8.700000, 3872.403076, 3872.403076, 473873.937500, 473873.937500, 95182.101562, 20040.414062
-8.650000, 6163.527832, 6163.527832, 515117.343750, 515117.343750, 102916.906250, 26299.607422
-8.600000, 5070.265625, 5070.265625, 560109.250000, 560109.250000, 113810.789062, 21725.000000
-8.550000, 3900.031494, 3900.031494, 603162.250000, 603162.250000, 121474.445312, 17617.775391
-8.500000, 4580.744629, 4580.744629, 647877.750000, 647877.750000, 125372.257812, 25921.238281
-8.450000, 4594.828613, 4594.828613, 692204.437500, 692204.437500, 136322.515625, 25585.644531
-8.400000, 5055.821289, 5055.821289, 735937.937500, 735937.937500, 151159.406250, 23043.378906
-8.350000, 5559.214355, 5559.214355, 782375.812500, 782375.812500, 162426.437500, 26645.082031
-8.300000, 5873.484863, 5873.484863, 824771.750000, 824771.750000, 173575.968750, 26565.103516
-8.250000, 7077.558105, 7077.558105, 868590.250000, 868590.250000, 182598.609375, 29129.037109
-8.200000, 6608.272461, 6608.272461, 912830.062500, 912830.062500, 188220.406250, 32187.232422
-8.150000, 6059.065430, 6059.065430, 955662.125000, 955662.125000, 198807.718750, 30773.953125
-8.100000, 7966.927734, 7966.927734, 1000963.750000, 1000963.750000, 212194.453125, 33118.703125
-8.050000, 7904.188477, 7904.188477, 1043575.687500, 1043575.687500, 223319.609375, 34380.839844
-8.000000, 6982.756836, 6982.756836, 1089357.500000, 1089357.500000, 235457.984375, 34284.625000
-7.950000, 8584.728516, 8584.728516, 1135575.375000, 1135575.375000, 243701.796875, 36066.406250
-7.900000, 8403.037109, 8403.037109, 1177534.750000, 1177534.750000, 248491.109375, 33850.707031
-7.850000, 6283.806641, 6283.806641, 1223364.375000, 1223364.375000, 259399.843750, 35487.601562
-7.800000, 7724.443359, 7724.443359, 1267371.125000, 1267371.125000, 270852.281250, 39555.890625
-7.750000, 9696.761719, 9696.761719, 1310691.125000, 1310691.125000, 283188.843750, 37928.906250
-7.700000, 7761.169434, 7761.169434, 1356368.750000, 1356368.750000, 299616.843750, 36886.398438
-7.650000, 8824.087891, 8824.087891, 1399355.625000, 1399355.625000, 307661.062500, 38438.632812
-7.600000, 10668.028320, 10668.028320, 1443868.875000, 1443868.875000, 315780.312500, 41122.175781
-7.550000, 8086.333984, 8086.333984, 1487527.500000, 1487527.500000, 330307.781250, 40316.109375
-7.500000, 9937.933594, 9937.933594, 1530193.875000, 1530193.875000, 337066.062500, 39004.402344
-7.450000, 10528.005859, 10528.005859, 1575110.625000, 1575110.625000, 345771.781250, 40124.050781
-7.400000, 7270.052246, 7270.052246, 1617477.750000, 1617477.750000, 360507.656250, 38001.457031
-7.350000, 9803.777344, 9803.777344, 1657263.250000, 1657263.250000, 369594.531250, 36254.300781
-7.300000, 8344.252930, 8344.252930, 1705910.500000, 1705910.500000, 378780.343750, 25747.820312
-7.250000, 6692.715820, 6692.715820, 1797281.625000, 1797281.625000, 392659.125000, 43328.460938
-7.200000, 15847.680664, 15847.680664, 1912959.375000, 1912959.375000, 410580.781250, 144404.312500
-7.150000, 28647.406250, 28647.406250, 1956746.375000, 1956746.375000, 429982.906250, 221070.968750
-7.100000, 41680.695312, 41680.695312, 1920569.500000, 1920569.500000, 443508.250000, 170268.968750
-7.050000, 38279.402344, 38279.402344, 1877418.375000, 1877418.375000, 444574.437500, 109352.757812
-7.000000, 26065.441406, 26065.441406, 1844172.000000, 1844172.000000, 435805.781250, 126299.257812
-6.950000, 37774.656250, 37774.656250, 1821038.875000, 1821038.875000, 428560.593750, 170881.328125
-6.900000, 41287.746094, 41287.746094, 1797589.000000, 1797589.000000, 416508.031250, 185143.296875
-6.850000, 21968.742188, 21968.742188, 1757776.250000, 1757776.250000, 404307.062500, 130091.734375
-6.800000, 25762.888672, 25762.888672, 1750356.750000, 1750356.750000, 409264.750000, 103439.812500
-6.750000, 37939.230469, 37939.230469, 1786481.000000, 1786481.000000, 414644.875000, 152605.015625
-6.700000, 35273.742188, 35273.742188, 1806977.250000, 1806977.250000, 419187.968750, 136079.093750
-6.650000, 34483.343750, 34483.343750, 1809142.375000, 1809142.375000, 427481.625000, 135393.359375
-6.600000, 30756.189453, 30756.189453, 1817213.875000, 1817213.875000, 418510.812500, 277393.187500
-6.550000, 44359.238281, 44359.238281, 1832513.875000, 1832513.875000, 411375.437500, 412591.468750
-6.500000, 81976.210938, 81976.210938, 1839207.375000, 1839207.375000, 426962.187500, 416946.750000
-6.450000, 88063.898438, 88063.898438, 1798133.500000, 1798133.500000, 440307.937500, 246180.921875
-6.400000, 59101.269531, 59101.269531, 1732021.500000, 1732021.500000, 432661.281250, -28960.562500
-6.350000, 18694.281250, 18694.281250, 1703941.625000, 1703941.625000, 412204.250000, -242596.546875
-6.300000, -48000.992188, -48000.992188, 1703373.500000, 1703373.500000, 397960.281250, -377779.406250
-6.250000, -104190.140625, -104190.140625, 1702296.125000, 1702296.125000, 396329.343750, -450319.125000
-6.200000, -103508.890625, -103508.890625, 1704115.625000, 1704115.625000, 402088.531250, -460565.531250
-6.150000, -87255.796875, -87255.796875, 1701872.625000, 1701872.625000, 407507.656250, -424921.843750
-6.100000, -76395.812500, -76395.812500, 1692701.375000, 1692701.375000, 412790.937500, -328124.687500
-6.050000, -47399.539062, -47399.539062, 1689700.500000, 1689700.500000, 419103.718750, -195182.593750
-6.000000, -37365.648438, -37365.648438, 1696448.000000, 1696448.000000, 409220.843750, -55982.070312
-5.950000, -46466.585938, -46466.585938, 1714314.625000, 1714314.625000, 403389.281250, 76465.343750
-5.900000, -9546.552734, -9546.552734, 1739552.125000, 1739552.125000, 423002.531250, 210147.765625
-5.850000, 52671.234375, 52671.234375, 1755756.375000, 1755756.375000, 436234.062500, 300735.687500
-5.800000, 102629.960938, 102629.960938, 1771881.875000, 1771881.875000, 449806.437500, 279834.031250
-5.750000, 126511.109375, 126511.109375, 1794761.375000, 1794761.375000, 461370.687500, 216558.250000
-5.700000, 74362.835938, 74362.835938, 1805204.375000, 1805204.375000, 443453.062500, 114783.835938
-5.650000, -2497.413086, -2497.413086, 1816857.000000, 1816857.000000, 439375.562500, -26150.500000
-5.600000, -27417.441406, -27417.441406, 1845949.875000, 1845949.875000, 450952.218750, -94225.750000
-5.550000, -43545.253906, -43545.253906, 1873121.625000, 1873121.625000, 444001.437500, -128143.328125
-5.500000, -37776.296875, -37776.296875, 1894885.125000, 1894885.125000, 456631.218750, -140803.078125
-5.450000, -2286.746582, -2286.746582, 1927807.875000, 1927807.875000, 481673.750000, -67499.109375
-5.400000, -10953.164062, -10953.164062, 1966981.750000, 1966981.750000, 479904.750000, 29689.726562
-5.350000, -18336.195312, -18336.195312, 2000920.625000, 2000920.625000, 482149.625000, 106572.218750
-5.300000, -6613.967773, -6613.967773, 2040054.000000, 2040054.000000, 498929.406250, 138972.468750
-5.250000, -18003.425781, -18003.425781, 2080236.000000, 2080236.000000, 508424.437500, 133225.078125
-5.200000, 33694.515625, 33694.515625, 2114254.250000, 2114254.250000, 523719.187500, 152010.609375
-5.150000, 111169.421875, 111169.421875, 2154109.250000, 2154109.250000, 547926.562500, 167785.656250
-5.100000, 98963.500000, 98963.500000, 2194418.250000, 2194418.250000, 553990.875000, 165013.062500
-5.050000, 60844.382812, 60844.382812, 2234659.250000, 2234659.250000, 541849.750000, 172083.156250
-5.000000, 27318.888672, 27318.888672, 2277002.750000, 2277002.750000, 538010.375000, 179271.937500
-4.950000, -5859.757812, -5859.757812, 2315212.750000, 2315212.750000, 547419.687500, 189684.765625
-4.900000, 7612.400879, 7612.400879, 2357929.000000, 2357929.000000, 567566.875000, 198877.093750
-4.850000, 32842.605469, 32842.605469, 2401873.000000, 2401873.000000, 591899.500000, 216150.593750
-4.800000, 34587.070312, 34587.070312, 2443361.750000, 2443361.750000, 603657.687500, 238443.125000
-4.750000, 37818.992188, 37818.992188, 2485066.500000, 2485066.500000, 612290.000000, 243906.968750
-4.700000, 56376.640625, 56376.640625, 2522486.750000, 2522486.750000, 615229.875000, 264051.968750
-4.650000, 63996.746094, 63996.746094, 2561643.750000, 2561643.750000, 604816.937500, 282242.125000
-4.600000, 43142.101562, 43142.101562, 2600918.750000, 2600918.750000, 602007.000000, 279727.312500
-4.550000, 47669.457031, 47669.457031, 2640308.750000, 2640308.750000, 608994.937500, 284715.312500
-4.500000, 95518.671875, 95518.671875, 2685012.500000, 2685012.500000, 634587.812500, 284770.281250
-4.450000, 118646.929688, 118646.929688, 2727540.000000, 2727540.000000, 663985.812500, 294797.718750
-4.400000, 74746.125000, 74746.125000, 2768553.000000, 2768553.000000, 671342.187500, 306285.281250
-4.350000, 27080.314453, 27080.314453, 2807933.000000, 2807933.000000, 692279.375000, 299464.031250
-4.300000, 54067.050781, 54067.050781, 2851624.250000, 2851624.250000, 718257.625000, 318188.562500
-4.250000, 89136.765625, 89136.765625, 2903207.250000, 2903207.250000, 730575.500000, 346518.250000
-4.200000, 78283.617188, 78283.617188, 2941949.250000, 2941949.250000, 745128.812500, 357086.531250
-4.150000, 82601.523438, 82601.523438, 2974419.750000, 2974419.750000, 748310.250000, 356126.375000
-4.100000, 110083.851562, 110083.851562, 3015870.500000, 3015870.500000, 750800.125000, 356646.468750
-4.050000, 127434.890625, 127434.890625, 3056173.750000, 3056173.750000, 748694.812500, 379812.593750
-4.000000, 98835.093750, 98835.093750, 3093530.250000, 3093530.250000, 746112.437500, 386557.281250
-3.950000, 45863.855469, 45863.855469, 3126950.500000, 3126950.500000, 752101.687500, 379224.000000
-3.900000, 51638.617188, 51638.617188, 3159781.500000, 3159781.500000, 745710.750000, 396316.468750
-3.850000, 90697.937500, 90697.937500, 3195515.000000, 3195515.000000, 807587.375000, 418088.218750
-3.800000, 108398.960938, 108398.960938, 3228653.000000, 3228653.000000, 941978.312500, 434728.468750
-3.750000, 124575.656250, 124575.656250, 3262848.000000, 3262848.000000, 1039094.000000, 431966.906250
-3.700000, 170405.390625, 170405.390625, 3289068.750000, 3289068.750000, 1076570.750000, 439212.031250
-3.650000, 209299.265625, 209299.265625, 3308098.750000, 3308098.750000, 1033814.687500, 478617.843750
-3.600000, 152993.593750, 152993.593750, 3335169.750000, 3335169.750000, 946573.562500, 485334.781250
-3.550000, 88397.609375, 88397.609375, 3352469.250000, 3352469.250000, 831633.687500, 484954.843750
-3.500000, 108849.875000, 108849.875000, 3353433.750000, 3353433.750000, 665450.562500, 503437.625000
-3.450000, 86563.789062, 86563.789062, 3359885.750000, 3359885.750000, 569081.000000, 491240.562500
-3.400000, 29951.296875, 29951.296875, 3374186.750000, 3374186.750000, 543895.125000, 482364.937500
-3.350000, 49811.796875, 49811.796875, 3384265.500000, 3384265.500000, 567775.687500, 494038.781250
-3.300000, 69352.632812, 69352.632812, 3395450.500000, 3395450.500000, 724737.312500, 503915.375000
-3.250000, 44740.253906, 44740.253906, 3418310.000000, 3418310.000000, 900447.375000, 516332.062500
-3.200000, 36736.648438, 36736.648438, 3427236.500000, 3427236.500000, 1035200.875000, 514955.531250
-3.150000, 75221.257812, 75221.257812, 3404624.500000, 3404624.500000, 1188807.750000, 517097.843750
-3.100000, 180331.406250, 180331.406250, 3379552.000000, 3379552.000000, 1335791.750000, 543072.562500
-3.050000, 291928.375000, 291928.375000, 3368893.000000, 3368893.000000, 1441917.500000, 570140.562500
-3.000000, 295782.968750, 295782.968750, 3364238.250000, 3364238.250000, 1426715.500000, 589643.250000
-2.950000, 226338.187500, 226338.187500, 3354454.500000, 3354454.500000, 1323364.875000, 606146.437500
-2.900000, 189486.937500, 189486.937500, 3341650.750000, 3341650.750000, 1209601.875000, 620198.125000
-2.850000, 168417.562500, 168417.562500, 3327159.250000, 3327159.250000, 1001221.500000, 619989.250000
-2.800000, 111928.898438, 111928.898438, 3262887.000000, 3262887.000000, 669820.687500, 615809.687500
-2.750000, 29360.984375, 29360.984375, 3153983.750000, 3153983.750000, 335451.156250, 612507.250000
-2.700000, -23219.408203, -23219.408203, 3115084.500000, 3115084.500000, 243177.187500, 598197.812500
-2.650000, 18589.464844, 18589.464844, 3156325.250000, 3156325.250000, 439357.750000, 615410.000000
-2.600000, 62646.539062, 62646.539062, 3171876.250000, 3171876.250000, 654746.312500, 649209.000000
-2.550000, 30497.775391, 30497.775391, 3149266.750000, 3149266.750000, 735856.812500, 645903.437500
-2.500000, 59131.937500, 59131.937500, 3140786.250000, 3140786.250000, 686384.125000, 638108.125000
-2.450000, 154362.812500, 154362.812500, 3171194.500000, 3171194.500000, 683261.062500, 652367.562500
-2.400000, 245560.781250, 245560.781250, 3200032.250000, 3200032.250000, 773258.375000, 696191.937500
-2.350000, 306808.250000, 306808.250000, 3150740.250000, 3150740.250000, 679833.312500, 730579.062500
-2.300000, 225738.578125, 225738.578125, 3075678.500000, 3075678.500000, 548735.437500, 707275.062500
-2.250000, 172887.500000, 172887.500000, 3053100.000000, 3053100.000000, 625730.500000, 697813.625000
-2.200000, 273771.218750, 273771.218750, 3023926.250000, 3023926.250000, 693033.812500, 731225.000000
-2.150000, 262262.375000, 262262.375000, 2957689.750000, 2957689.750000, 634501.750000, 741171.750000
-2.100000, 136238.046875, 136238.046875, 2887041.000000, 2887041.000000, 519206.343750, 710738.875000
-2.050000, 75480.257812, 75480.257812, 2865055.250000, 2865055.250000, 522760.000000, 684353.250000
-2.000000, 124882.601562, 124882.601562, 2974297.250000, 2974297.250000, 733772.187500, 704242.312500
-1.950000, 236361.000000, 236361.000000, 3141885.250000, 3141885.250000, 893461.437500, 756099.500000
-1.900000, 304464.093750, 304464.093750, 3215804.000000, 3215804.000000, 948124.437500, 803792.000000
-1.850000, 425044.843750, 425044.843750, 3236148.250000, 3236148.250000, 1035350.187500, 802546.375000
-1.800000, 590710.812500, 590710.812500, 3285173.500000, 3285173.500000, 1011761.187500, 784836.937500
-1.750000, 503761.843750, 503761.843750, 3326403.500000, 3326403.500000, 724428.750000, 810254.875000
-1.700000, 96050.070312, 96050.070312, 3359903.000000, 3359903.000000, 317404.906250, 800787.937500
-1.650000, -216322.000000, -216322.000000, 3425927.000000, 3425927.000000, 71888.507812, 783390.250000
-1.600000, -175076.984375, -175076.984375, 3490470.000000, 3490470.000000, 24293.724609, 801532.687500
-1.550000, -202734.500000, -202734.500000, 3545998.500000, 3545998.500000, 91076.218750, 782878.687500
-1.500000, -337912.968750, -337912.968750, 3633993.750000, 3633993.750000, 343834.968750, 803012.312500
-1.450000, -239921.281250, -239921.281250, 3724483.000000, 3724483.000000, 762932.812500, 810434.625000
-1.400000, -105.715149, -105.715149, 3804304.250000, 3804304.250000, 1316684.625000, 752342.375000
-1.350000, 483117.406250, 483117.406250, 3910330.750000, 3910330.750000, 1876929.875000, 791590.750000
-1.300000, 942681.125000, 942681.125000, 4005868.500000, 4005868.500000, 1999210.875000, 839300.375000
-1.250000, 1072760.250000, 1072760.250000, 4059337.250000, 4059337.250000, 1684154.000000, 842276.875000
-1.200000, 1295674.125000, 1295674.125000, 4095047.500000, 4095047.500000, 1328437.000000, 862532.500000
-1.150000, 1156865.750000, 1156865.750000, 4129038.750000, 4129038.750000, 860850.187500, 785011.500000
-1.100000, 323255.843750, 323255.843750, 4213104.000000, 4213104.000000, 197964.593750, 738922.562500
-1.050000, -658239.125000, -658239.125000, 4364544.500000, 4364544.500000, -411849.375000, 845037.875000
-1.000000, -1695972.875000, -1695972.875000, 4517545.000000, 4517545.000000, -795493.187500, 915136.937500
-0.950000, -2119131.500000, -2119131.500000, 4649026.500000, 4649026.500000, -840924.562500, 915111.000000
-0.900000, -1592457.875000, -1592457.875000, 4730530.500000, 4730530.500000, -648257.562500, 936898.375000
-0.850000, -912903.562500, -912903.562500, 4741590.000000, 4741590.000000, -377223.906250, 938858.312500
-0.800000, 111366.695312, 111366.695312, 4821070.500000, 4821070.500000, 244607.546875, 870956.062500
-0.750000, 1954708.875000, 1954708.875000, 5080975.000000, 5080975.000000, 1370984.375000, 937067.125000
-0.700000, 3971092.000000, 3971092.000000, 5400898.500000, 5400898.500000, 2552704.500000, 1260436.625000
-0.650000, 4750806.500000, 4750806.500000, 5599458.500000, 5599458.500000, 3117215.000000, 1452704.375000
-0.600000, 3460225.750000, 3460225.750000, 5652154.500000, 5652154.500000, 2665765.000000, 1240066.625000
-0.550000, 1046996.375000, 1046996.375000, 5682281.000000, 5682281.000000, 1684376.250000, 901454.312500
-0.500000, -976814.687500, -976814.687500, 5788379.000000, 5788379.000000, 1114395.250000, 877400.125000
-0.450000, -2136671.750000, -2136671.750000, 5880430.500000, 5880430.500000, 924339.312500, 1159160.125000
-0.400000, -3411279.750000, -3411279.750000, 5805933.500000, 5805933.500000, 506706.812500, 1185608.625000
-0.350000, -4946326.000000, -4946326.000000, 5710602.500000, 5710602.500000, 136537.234375, 1002684.062500
-0.300000, -5114116.000000, -5114116.000000, 5830813.000000, 5830813.000000, 330797.156250, 1146603.625000
-0.250000, -3943530.500000, -3943530.500000, 6041979.000000, 6041979.000000, 791322.312500, 1277223.875000
-0.200000, -2230046.500000, -2230046.500000, 6169167.000000, 6169167.000000, 1072140.625000, 1029014.437500
-0.150000, 207319.687500, 207319.687500, 6262746.000000, 6262746.000000, 1174803.000000, 807506.937500
-0.100000, 3603251.250000, 3603251.250000, 6542893.500000, 6542893.500000, 1549963.000000, 1080497.875000
-0.050000, 8168432.000000, 8168432.000000, 7150889.500000, 7150889.500000, 2418363.000000, 2016211.250000
0.000000, 10748115.000000, 10748115.000000, 7539393.500000, 7539393.500000, 2795981.500000, 2795981.500000
0.050000, 8168432.000000, 8168432.000000, 7150889.500000, 7150889.500000, 2016211.250000, 2418363.000000
0.100000, 3603251.250000, 3603251.250000, 6542893.500000, 6542893.500000, 1080497.875000, 1549963.000000
0.150000, 207319.687500, 207319.687500, 6262746.000000, 6262746.000000, 807506.937500, 1174803.000000
0.200000, -2230046.500000, -2230046.500000, 6169167.000000, 6169167.000000, 1029014.437500, 1072140.625000
0.250000, -3943530.500000, -3943530.500000, 6041979.000000, 6041979.000000, 1277223.875000, 791322.312500
0.300000, -5114116.000000, -5114116.000000, 5830813.000000, 5830813.000000, 1146603.625000, 330797.156250
0.350000, -4946326.000000, -4946326.000000, 5710602.500000, 5710602.500000, 1002684.062500, 136537.234375
0.400000, -3411279.750000, -3411279.750000, 5805933.500000, 5805933.500000, 1185608.625000, 506706.812500
0.450000, -2136671.750000, -2136671.750000, 5880430.500000, 5880430.500000, 1159160.125000, 924339.312500
0.500000, -976814.687500, -976814.687500, 5788379.000000, 5788379.000000, 877400.125000, 1114395.250000
0.550000, 1046996.375000, 1046996.375000, 5682281.000000, 5682281.000000, 901454.312500, 1684376.250000
0.600000, 3460225.750000, 3460225.750000, 5652154.500000, 5652154.500000, 1240066.625000, 2665765.000000
0.650000, 4750806.500000, 4750806.500000, 5599458.500000, 5599458.500000, 1452704.375000, 3117215.000000
0.700000, 3971092.000000, 3971092.000000, 5400898.500000, 5400898.500000, 1260436.625000, 2552704.500000
0.750000, 1954708.875000, 1954708.875000, 5080975.000000, 5080975.000000, 937067.125000, 1370984.375000
0.800000, 111366.695312, 111366.695312, 4821070.500000, 4821070.500000, 870956.062500, 244607.546875
0.850000, -912903.562500, -912903.562500, 4741590.000000, 4741590.000000, 938858.312500, -377223.906250
0.900000, -1592457.875000, -1592457.875000, 4730530.500000, 4730530.500000, 936898.375000, -648257.562500
0.950000, -2119131.500000, -2119131.500000, 4649026.500000, 4649026.500000, 915111.000000, -840924.562500
1.000000, -1695972.875000, -1695972.875000, 4517545.000000, 4517545.000000, 915136.937500, -795493.187500
1.050000, -658239.125000, -658239.125000, 4364544.500000, 4364544.500000, 845037.875000, -411849.375000
1.100000, 323255.843750, 323255.843750, 4213104.000000, 4213104.000000, 738922.562500, 197964.593750
1.150000, 1156865.750000, 1156865.750000, 4129038.750000, 4129038.750000, 785011.500000, 860850.187500
1.200000, 1295674.125000, 1295674.125000, 4095047.500000, 4095047.500000, 862532.500000, 1328437.000000
1.250000, 1072760.250000, 1072760.250000, 4059337.250000, 4059337.250000, 842276.875000, 1684154.000000
1.300000, 942681.125000, 942681.125000, 4005868.500000, 4005868.500000, 839300.375000, 1999210.875000
1.350000, 483117.406250, 483117.406250, 3910330.750000, 3910330.750000, 791590.750000, 1876929.875000
1.400000, -105.715149, -105.715149, 3804304.250000, 3804304.250000, 752342.375000, 1316684.625000
1.450000, -239921.281250, -239921.281250, 3724483.000000, 3724483.000000, 810434.625000, 762932.812500
1.500000, -337912.968750, -337912.968750, 3633993.750000, 3633993.750000, 803012.312500, 343834.968750
1.550000, -202734.500000, -202734.500000, 3545998.500000, 3545998.500000, 782878.687500, 91076.218750
1.600000, -175076.984375, -175076.984375, 3490470.000000, 3490470.000000, 801532.687500, 24293.724609
1.650000, -216322.000000, -216322.000000, 3425927.000000, 3425927.000000, 783390.250000, 71888.507812
1.700000, 96050.070312, 96050.070312, 3359903.000000, 3359903.000000, 800787.937500, 317404.906250
1.750000, 503761.843750, 503761.843750, 3326403.500000, 3326403.500000, 810254.875000, 724428.750000
1.800000, 590710.812500, 590710.812500, 3285173.500000, 3285173.500000, 784836.937500, 1011761.187500
1.850000, 425044.843750, 425044.843750, 3236148.250000, 3236148.250000, 802546.375000, 1035350.187500
1.900000, 304464.093750, 304464.093750, 3215804.000000, 3215804.000000, 803792.000000, 948124.437500
1.950000, 236361.000000, 236361.000000, 3141885.250000, 3141885.250000, 756099.500000, 893461.437500
2.000000, 124882.601562, 124882.601562, 2974297.250000, 2974297.250000, 704242.312500, 733772.187500
2.050000, 75480.257812, 75480.257812, 2865055.250000, 2865055.250000, 684353.250000, 522760.000000
2.100000, 136238.046875, 136238.046875, 2887041.000000, 2887041.000000, 710738.875000, 519206.343750
2.150000, 262262.375000, 262262.375000, 2957689.750000, 2957689.750000, 741171.750000, 634501.750000
2.200000, 273771.218750, 273771.218750, 3023926.250000, 3023926.250000, 731225.000000, 693033.812500
2.250000, 172887.500000, 172887.500000, 3053100.000000, 3053100.000000, 697813.625000, 625730.500000
2.300000, 225738.578125, 225738.578125, 3075678.500000, 3075678.500000, 707275.062500, 548735.437500
2.350000, 306808.250000, 306808.250000, 3150740.250000, 3150740.250000, 730579.062500, 679833.312500
2.400000, 245560.781250, 245560.781250, 3200032.250000, 3200032.250000, 696191.937500, 773258.375000
2.450000, 154362.812500, 154362.812500, 3171194.500000, 3171194.500000, 652367.562500, 683261.062500
2.500000, 59131.937500, 59131.937500, 3140786.250000, 3140786.250000, 638108.125000, 686384.125000
2.550000, 30497.775391, 30497.775391, 3149266.750000, 3149266.750000, 645903.437500, 735856.812500
2.600000, 62646.539062, 62646.539062, 3171876.250000, 3171876.250000, 649209.000000, 654746.312500
2.650000, 18589.464844, 18589.464844, 3156325.250000, 3156325.250000, 615410.000000, 439357.750000
2.700000, -23219.408203, -23219.408203, 3115084.500000, 3115084.500000, 598197.812500, 243177.187500
2.750000, 29360.984375, 29360.984375, 3153983.750000, 3153983.750000, 612507.250000, 335451.156250
2.800000, 111928.898438, 111928.898438, 3262887.000000, 3262887.000000, 615809.687500, 669820.687500
2.850000, 168417.562500, 168417.562500, 3327159.250000, 3327159.250000, 619989.250000, 1001221.500000
2.900000, 189486.937500, 189486.937500, 3341650.750000, 3341650.750000, 620198.125000, 1209601.875000
2.950000, 226338.187500, 226338.187500, 3354454.500000, 3354454.500000, 606146.437500, 1323364.875000
3.000000, 295782.968750, 295782.968750, 3364238.250000, 3364238.250000, 589643.250000, 1426715.500000
3.050000, 291928.375000, 291928.375000, 3368893.000000, 3368893.000000, 570140.562500, 1441917.500000
3.100000, 180331.406250, 180331.406250, 3379552.000000, 3379552.000000, 543072.562500, 1335791.750000
3.150000, 75221.257812, 75221.257812, 3404624.500000, 3404624.500000, 517097.843750, 1188807.750000
3.200000, 36736.648438, 36736.648438, 3427236.500000, 3427236.500000, 514955.531250, 1035200.875000
3.250000, 44740.253906, 44740.253906, 3418310.000000, 3418310.000000, 516332.062500, 900447.375000
3.300000, 69352.632812, 69352.632812, 3395450.500000, 3395450.500000, 503915.375000, 724737.312500
3.350000, 49811.796875, 49811.796875, 3384265.500000, 3384265.500000, 494038.781250, 567775.687500
3.400000, 29951.296875, 29951.296875, 3374186.750000, 3374186.750000, 482364.937500, 543895.125000
3.450000, 86563.789062, 86563.789062, 3359885.750000, 3359885.750000, 491240.562500, 569081.000000
3.500000, 108849.875000, 108849.875000, 3353433.750000, 3353433.750000, 503437.625000, 665450.562500
3.550000, 88397.609375, 88397.609375, 3352469.250000, 3352469.250000, 484954.843750, 831633.687500
3.600000, 152993.593750, 152993.593750, 3335169.750000, 3335169.750000, 485334.781250, 946573.562500
3.650000, 209299.265625, 209299.265625, 3308098.750000, 3308098.750000, 478617.843750, 1033814.687500
3.700000, 170405.390625, 170405.390625, 3289068.750000, 3289068.750000, 439212.031250, 1076570.750000
3.750000, 124575.656250, 124575.656250, 3262848.000000, 3262848.000000, 431966.906250, 1039094.000000
3.800000, 108398.960938, 108398.960938, 3228653.000000, 3228653.000000, 434728.468750, 941978.312500
3.850000, 90697.937500, 90697.937500, 3195515.000000, 3195515.000000, 418088.218750, 807587.375000
3.900000, 51638.617188, 51638.617188, 3159781.500000, 3159781.500000, 396316.468750, 745710.750000
3.950000, 45863.855469, 45863.855469, 3126950.500000, 3126950.500000, 379224.000000, 752101.687500
4.000000, 98835.093750, 98835.093750, 3093530.250000, 3093530.250000, 386557.281250, 746112.437500
4.050000, 127434.890625, 127434.890625, 3056173.750000, 3056173.750000, 379812.593750, 748694.812500
4.100000, 110083.851562, 110083.851562, 3015870.500000, 3015870.500000, 356646.468750, 750800.125000
4.150000, 82601.523438, 82601.523438, 2974419.750000, 2974419.750000, 356126.375000, 748310.250000
4.200000, 78283.617188, 78283.617188, 2941949.250000, 2941949.250000, 357086.531250, 745128.812500
4.250000, 89136.765625, 89136.765625, 2903207.250000, 2903207.250000, 346518.250000, 730575.500000
4.300000, 54067.050781, 54067.050781, 2851624.250000, 2851624.250000, 318188.562500, 718257.625000
4.350000, 27080.314453, 27080.314453, 2807933.000000, 2807933.000000, 299464.031250, 692279.375000
4.400000, 74746.125000, 74746.125000, 2768553.000000, 2768553.000000, 306285.281250, 671342.187500
4.450000, 118646.929688, 118646.929688, 2727540.000000, 2727540.000000, 294797.718750, 663985.812500
4.500000, 95518.671875, 95518.671875, 2685012.500000, 2685012.500000, 284770.281250, 634587.812500
4.550000, 47669.457031, 47669.457031, 2640308.750000, 2640308.750000, 284715.312500, 608994.937500
4.600000, 43142.101562, 43142.101562, 2600918.750000, 2600918.750000, 279727.312500, 602007.000000
4.650000, 63996.746094, 63996.746094, 2561643.750000, 2561643.750000, 282242.125000, 604816.937500
4.700000, 56376.640625, 56376.640625, 2522486.750000, 2522486.750000, 264051.968750, 615229.875000
4.750000, 37818.992188, 37818.992188, 2485066.500000, 2485066.500000, 243906.968750, 612290.000000
4.800000, 34587.070312, 34587.070312, 2443361.750000, 2443361.750000, 238443.125000, 603657.687500
4.850000, 32842.605469, 32842.605469, 2401873.000000, 2401873.000000, 216150.593750, 591899.500000
4.900000, 7612.400879, 7612.400879, 2357929.000000, 2357929.000000, 198877.093750, 567566.875000
4.950000, -5859.757812, -5859.757812, 2315212.750000, 2315212.750000, 189684.765625, 547419.687500
5.000000, 27318.888672, 27318.888672, 2277002.750000, 2277002.750000, 179271.937500, 538010.375000
5.050000, 60844.382812, 60844.382812, 2234659.250000, 2234659.250000, 172083.156250, 541849.750000
5.100000, 98963.500000, 98963.500000, 2194418.250000, 2194418.250000, 165013.062500, 553990.875000
5.150000, 111169.421875, 111169.421875, 2154109.250000, 2154109.250000, 167785.656250, 547926.562500
5.200000, 33694.515625, 33694.515625, 2114254.250000, 2114254.250000, 152010.609375, 523719.187500
5.250000, -18003.425781, -18003.425781, 2080236.000000, 2080236.000000, 133225.078125, 508424.437500
5.300000, -6613.967773, -6613.967773, 2040054.000000, 2040054.000000, 138972.468750, 498929.406250
5.350000, -18336.195312, -18336.195312, 2000920.625000, 2000920.625000, 106572.218750, 482149.625000
5.400000, -10953.164062, -10953.164062, 1966981.750000, 1966981.750000, 29689.726562, 479904.750000
5.450000, -2286.746582, -2286.746582, 1927807.875000, 1927807.875000, -67499.109375, 481673.750000
5.500000, -37776.296875, -37776.296875, 1894885.125000, 1894885.125000, -140803.078125, 456631.218750
5.550000, -43545.253906, -43545.253906, 1873121.625000, 1873121.625000, -128143.328125, 444001.437500
5.600000, -27417.441406, -27417.441406, 1845949.875000, 1845949.875000, -94225.750000, 450952.218750
5.650000, -2497.413086, -2497.413086, 1816857.000000, 1816857.000000, -26150.500000, 439375.562500
5.700000, 74362.835938, 74362.835938, 1805204.375000, 1805204.375000, 114783.835938, 443453.062500
5.750000, 126511.109375, 126511.109375, 1794761.375000, 1794761.375000, 216558.250000, 461370.687500
5.800000, 102629.960938, 102629.960938, 1771881.875000, 1771881.875000, 279834.031250, 449806.437500
5.850000, 52671.234375, 52671.234375, 1755756.375000, 1755756.375000, 300735.687500, 436234.062500
5.900000, -9546.552734, -9546.552734, 1739552.125000, 1739552.125000, 210147.765625, 423002.531250
5.950000, -46466.585938, -46466.585938, 1714314.625000, 1714314.625000, 76465.343750, 403389.281250
6.000000, -37365.648438, -37365.648438, 1696448.000000, 1696448.000000, -55982.070312, 409220.843750
6.050000, -47399.539062, -47399.539062, 1689700.500000, 1689700.500000, -195182.593750, 419103.718750
6.100000, -76395.812500, -76395.812500, 1692701.375000, 1692701.375000, -328124.687500, 412790.937500
6.150000, -87255.796875, -87255.796875, 1701872.625000, 1701872.625000, -424921.843750, 407507.656250
6.200000, -103508.890625, -103508.890625, 1704115.625000, 1704115.625000, -460565.531250, 402088.531250
6.250000, -104190.140625, -104190.140625, 1702296.125000, 1702296.125000, -450319.125000, 396329.343750
6.300000, -48000.992188, -48000.992188, 1703373.500000, 1703373.500000, -377779.406250, 397960.281250
6.350000, 18694.281250, 18694.281250, 1703941.625000, 1703941.625000, -242596.546875, 412204.250000
6.400000, 59101.269531, 59101.269531, 1732021.500000, 1732021.500000, -28960.562500, 432661.281250
6.450000, 88063.898438, 88063.898438, 1798133.500000, 1798133.500000, 246180.921875, 440307.937500
6.500000, 81976.210938, 81976.210938, 1839207.375000, 1839207.375000, 416946.750000, 426962.187500
6.550000, 44359.238281, 44359.238281, 1832513.875000, 1832513.875000, 412591.468750, 411375.437500
6.600000, 30756.189453, 30756.189453, 1817213.875000, 1817213.875000, 277393.187500, 418510.812500
6.650000, 34483.343750, 34483.343750, 1809142.375000, 1809142.375000, 135393.359375, 427481.625000
6.700000, 35273.742188, 35273.742188, 1806977.250000, 1806977.250000, 136079.093750, 419187.968750
6.750000, 37939.230469, 37939.230469, 1786481.000000, 1786481.000000, 152605.015625, 414644.875000
6.800000, 25762.888672, 25762.888672, 1750356.750000, 1750356.750000, 103439.812500, 409264.750000
6.850000, 21968.742188, 21968.742188, 1757776.250000, 1757776.250000, 130091.734375, 404307.062500
6.900000, 41287.746094, 41287.746094, 1797589.000000, 1797589.000000, 185143.296875, 416508.031250
6.950000, 37774.656250, 37774.656250, 1821038.875000, 1821038.875000, 170881.328125, 428560.593750
7.000000, 26065.441406, 26065.441406, 1844172.000000, 1844172.000000, 126299.257812, 435805.781250
7.050000, 38279.402344, 38279.402344, 1877418.375000, 1877418.375000, 109352.757812, 444574.437500
7.100000, 41680.695312, 41680.695312, 1920569.500000, 1920569.500000, 170268.968750, 443508.250000
7.150000, 28647.406250, 28647.406250, 1956746.375000, 1956746.375000, 221070.968750, 429982.906250
7.200000, 15847.680664, 15847.680664, 1912959.375000, 1912959.375000, 144404.312500, 410580.781250
7.250000, 6692.715820, 6692.715820, 1797281.625000, 1797281.625000, 43328.460938, 392659.125000
7.300000, 8344.252930, 8344.252930, 1705910.500000, 1705910.500000, 25747.820312, 378780.343750
7.350000, 9803.777344, 9803.777344, 1657263.250000, 1657263.250000, 36254.300781, 369594.531250
7.400000, 7270.052246, 7270.052246, 1617477.750000, 1617477.750000, 38001.457031, 360507.656250
7.450000, 10528.005859, 10528.005859, 1575110.625000, 1575110.625000, 40124.050781, 345771.781250
7.500000, 9937.933594, 9937.933594, 1530193.875000, 1530193.875000, 39004.402344, 337066.062500
7.550000, 8086.333984, 8086.333984, 1487527.500000, 1487527.500000, 40316.109375, 330307.781250
7.600000, 10668.028320, 10668.028320, 1443868.875000, 1443868.875000, 41122.175781, 315780.312500
7.650000, 8824.087891, 8824.087891, 1399355.625000, 1399355.625000, 38438.632812, 307661.062500
7.700000, 7761.169434, 7761.169434, 1356368.750000, 1356368.750000, 36886.398438, 299616.843750
7.750000, 9696.761719, 9696.761719, 1310691.125000, 1310691.125000, 37928.906250, 283188.843750
7.800000, 7724.443359, 7724.443359, 1267371.125000, 1267371.125000, 39555.890625, 270852.281250
7.850000, 6283.806641, 6283.806641, 1223364.375000, 1223364.375000, 35487.601562, 259399.843750
7.900000, 8403.037109, 8403.037109, 1177534.750000, 1177534.750000, 33850.707031, 248491.109375
7.950000, 8584.728516, 8584.728516, 1135575.375000, 1135575.375000, 36066.406250, 243701.796875
8.000000, 6982.756836, 6982.756836, 1089357.500000, 1089357.500000, 34284.625000, 235457.984375
8.050000, 7904.188477, 7904.188477, 1043575.687500, 1043575.687500, 34380.839844, 223319.609375
8.100000, 7966.927734, 7966.927734, 1000963.750000, 1000963.750000, 33118.703125, 212194.453125
8.150000, 6059.065430, 6059.065430, 955662.125000, 955662.125000, 30773.953125, 198807.718750
8.200000, 6608.272461, 6608.272461, 912830.062500, 912830.062500, 32187.232422, 188220.406250
8.250000, 7077.558105, 7077.558105, 868590.250000, 868590.250000, 29129.037109, 182598.609375
8.300000, 5873.484863, 5873.484863, 824771.750000, 824771.750000, 26565.103516, 173575.968750
8.350000, 5559.214355, 5559.214355, 782375.812500, 782375.812500, 26645.082031, 162426.437500
8.400000, 5055.821289, 5055.821289, 735937.937500, 735937.937500, 23043.378906, 151159.406250
8.450000, 4594.828613, 4594.828613, 692204.437500, 692204.437500, 25585.644531, 136322.515625
8.500000, 4580.744629, 4580.744629, 647877.750000, 647877.750000, 25921.238281, 125372.257812
8.550000, 3900.031494, 3900.031494, 603162.250000, 603162.250000, 17617.775391, 121474.445312
8.600000, 5070.265625, 5070.265625, 560109.250000, 560109.250000, 21725.000000, 113810.789062
8.650000, 6163.527832, 6163.527832, 515117.343750, 515117.343750, 26299.607422, 102916.906250
8.700000, 3872.403076, 3872.403076, 473873.937500, 473873.937500, 20040.414062, 95182.101562
8.750000, 3938.993652, 3938.993652, 429336.937500, 429336.937500, 19881.164062, 83906.976562
8.800000, 6419.900879, 6419.900879, 383728.812500, 383728.812500, 22802.240234, 71166.187500
8.850000, 5638.245605, 5638.245605, 342608.125000, 342608.125000, 26857.650391, 65938.656250
8.900000, 4234.354492, 4234.354492, 298604.468750, 298604.468750, 26580.449219, 58696.347656
8.950000, 4336.635742, 4336.635742, 255634.406250, 255634.406250, 18212.951172, 45123.996094
9.000000, 3781.738281, 3781.738281, 207715.531250, 207715.531250, 19133.625000, 35147.007812
9.050000, 2394.430664, 2394.430664, 163231.843750, 163231.843750, 20446.615234, 26966.808594
9.100000, 1038.596313, 1038.596313, 127832.890625, 127832.890625, 10683.109375, 15743.680664
9.150000, 286.591492, 286.591492, 73185.382812, 73185.382812, 3333.708496, 5966.732422
9.200000, 64.030190, 64.030190, 18642.785156, 18642.785156, 1038.747559, 1149.173340
