Time 1XX 1YY 2XX 2YY 1X2Y 1Y2X 
-9.250000, 0.000000, 0.000000, 0.000000, 0.000000, 0.000000, 0.000000
-9.200000, -2.154431, -2.154431, 8697.791992, 8697.791992, 58.708271, -319.184937
-9.150000, 10.807316, 10.807316, 33679.484375, 33679.484375, -270.329468, -1104.536743
-9.100000, 59.001255, 59.001255, 57301.914062, 57301.914062, -1766.958618, -1854.304199
-9.050000, 159.693481, 159.693481, 72290.140625, 72290.140625, -4780.111816, -2368.239990
-9.000000, 300.127441, 300.127441, 94203.609375, 94203.609375, -8856.493164, -1282.961548
-8.950000, 260.719940, 260.719940, 116919.296875, 116919.296875, -10281.541992, 1681.992676
-8.900000, 5.152865, 5.152865, 135408.062500, 135408.062500, -9350.253906, 3436.022949
-8.850000, -349.504608, -349.504608, 156355.281250, 156355.281250, -12350.039062, 5065.284180
-8.800000, -862.163452, -862.163452, 176337.296875, 176337.296875, -14059.859375, 7123.156738
-8.750000, -865.779053, -865.779053, 196924.546875, 196924.546875, -12023.706055, 6025.716309
-8.700000, -608.351074, -608.351074, 216861.843750, 216861.843750, -14942.922852, 5277.749023
-8.650000, -868.094421, -868.094421, 236547.062500, 236547.062500, -16354.389648, 7169.110352
-8.600000, -269.503571, -269.503571, 259782.703125, 259782.703125, -15323.048828, 8018.840332
-8.550000, 51.608952, 51.608952, 280503.968750, 280503.968750, -19359.578125, 8586.212891
-8.500000, -1029.660767, -1029.660767, 300822.906250, 300822.906250, -20183.187500, 8329.200195
-8.450000, -560.689087, -560.689087, 321441.281250, 321441.281250, -19308.517578, 6011.000000
-8.400000, -119.081612, -119.081612, 341075.343750, 341075.343750, -20442.320312, 6205.210938
-8.350000, -937.373413, -937.373413, 362874.437500, 362874.437500, -19262.242188, 7390.882812
-8.300000, -72.564102, -72.564102, 382255.250000, 382255.250000, -19987.738281, 6448.352051
-8.250000, -69.657761, -69.657761, 402733.062500, 402733.062500, -20151.234375, 8708.707031
-8.200000, -1084.987183, -1084.987183, 424789.500000, 424789.500000, -19052.669922, 8861.610352
-8.150000, 136.474182, 136.474182, 444202.687500, 444202.687500, -19087.751953, 5575.635254
-8.100000, -147.225708, -147.225708, 466137.750000, 466137.750000, -16925.199219, 8164.208496
-8.050000, -927.239868, -927.239868, 486479.156250, 486479.156250, -17914.443359, 8709.865234
-8.000000, 886.170593, 886.170593, 506459.843750, 506459.843750, -19938.029297, 9531.367188
-7.950000, -439.695068, -439.695068, 530399.812500, 530399.812500, -17065.873047, 12491.719727
-7.900000, -1085.041626, -1085.041626, 551883.500000, 551883.500000, -15664.232422, 7491.142090
-7.850000, 1213.981445, 1213.981445, 573222.312500, 573222.312500, -17852.925781, 6926.047852
-7.800000, -884.699097, -884.699097, 595169.500000, 595169.500000, -18173.646484, 8902.185547
-7.750000, 220.234528, 220.234528, 616474.312500, 616474.312500, -14245.070312, 7669.293457
-7.700000, 1642.138184, 1642.138184, 639066.375000, 639066.375000, -13271.775391, 10451.107422
-7.650000, -2336.668457, -2336.668457, 660646.312500, 660646.312500, -14020.693359, 11120.079102
-7.600000, 593.171021, 593.171021, 682947.937500, 682947.937500, -9370.962891, 12584.890625
-7.550000, 996.150635, 996.150635, 704970.187500, 704970.187500, -8557.015625, 11513.340820
-7.500000, -2438.978271, -2438.978271, 725475.750000, 725475.750000, -11013.870117, 8631.328125
-7.450000, 1254.620239, 1254.620239, 747290.437500, 747290.437500, -8103.583008, 11430.201172
-7.400000, 676.338867, 676.338867, 769131.312500, 769131.312500, -6046.885254, 8777.982422
-7.350000, -219.474686, -219.474686, 790709.000000, 790709.000000, -8095.782715, 8498.684570
-7.300000, 1587.262451, 1587.262451, 811984.750000, 811984.750000, -9261.641602, 11509.296875
-7.250000, 353.646271, 353.646271, 833176.625000, 833176.625000, -9491.465820, 8784.998047
-7.200000, 1154.887573, 1154.887573, 854744.687500, 854744.687500, -13981.695312, 9845.074219
-7.150000, -111.010437, -111.010437, 876779.875000, 876779.875000, -14528.138672, 9863.923828
-7.100000, -212.259735, -212.259735, 899065.750000, 899065.750000, -9007.840820, 9103.415039
-7.050000, 839.553040, 839.553040, 919478.062500, 919478.062500, -12755.360352, 9541.506836
-7.000000, -1584.282349, -1584.282349, 941319.187500, 941319.187500, -15624.767578, 5145.855469
-6.950000, 109.190018, 109.190018, 964182.625000, 964182.625000, -10899.040039, 4259.007812
-6.900000, 727.571899, 727.571899, 984528.000000, 984528.000000, -12109.262695, 5014.831543
-6.850000, -116.215103, -116.215103, 1006211.937500, 1006211.937500, -15227.521484, 5259.980957
-6.800000, 1474.010498, 1474.010498, 1028615.187500, 1028615.187500, -16564.351562, 6659.863281
-6.750000, 576.855530, 576.855530, 1050135.625000, 1050135.625000, -15418.729492, 3271.120117
-6.700000, -263.376251, -263.376251, 1071550.000000, 1071550.000000, -14419.333008, 753.190674
-6.650000, -542.130798, -542.130798, 1093014.250000, 1093014.250000, -16295.186523, 802.160278
-6.600000, 872.135742, 872.135742, 1115735.500000, 1115735.500000, -12829.502930, -146.907410
-6.550000, 1775.122559, 1775.122559, 1136542.500000, 1136542.500000, -12071.681641, -2623.108154
-6.500000, 75.284210, 75.284210, 1156120.000000, 1156120.000000, -12836.300781, -5462.267578
-6.450000, 994.062622, 994.062622, 1176745.250000, 1176745.250000, -7791.140625, -6668.058105
-6.400000, 1816.746948, 1816.746948, 1198313.125000, 1198313.125000, -9853.799805, -10937.281250
-6.350000, 2042.562988, 2042.562988, 1231223.875000, 1231223.875000, -11588.302734, 5067.406250
-6.300000, 345.953552, 345.953552, 1277076.125000, 1277076.125000, -6951.290039, 50442.703125
-6.250000, -1326.085327, -1326.085327, 1299447.500000, 1299447.500000, -7133.593750, 90528.804688
-6.200000, -5471.979492, -5471.979492, 1276820.250000, 1276820.250000, -11487.706055, 104388.531250
-6.150000, -16974.548828, -16974.548828, 1254629.375000, 1254629.375000, -13043.131836, 74093.546875
-6.100000, -12021.388672, -12021.388672, 1250198.500000, 1250198.500000, -1320.836182, 46333.246094
-6.050000, -2002.722534, -2002.722534, 1233634.500000, 1233634.500000, 12395.071289, 79093.328125
-6.000000, -3460.225830, -3460.225830, 1210643.250000, 1210643.250000, 8363.014648, 102271.148438
-5.950000, 2248.593994, 2248.593994, 1179499.625000, 1179499.625000, 5681.794922, 87265.054688
-5.900000, -6633.413574, -6633.413574, 1139718.000000, 1139718.000000, 17704.306641, 102854.554688
-5.850000, -12694.059570, -12694.059570, 1101366.625000, 1101366.625000, 20462.162109, 146631.640625
-5.800000, -82.953552, -82.953552, 1051195.500000, 1051195.500000, 17747.865234, 175308.046875
-5.750000, -15282.896484, -15282.896484, 1015763.750000, 1015763.750000, 30166.751953, 170293.187500
-5.700000, -25321.466797, -25321.466797, 1001540.000000, 1001540.000000, 34217.859375, 116201.148438
-5.650000, -11598.764648, -11598.764648, 970167.125000, 970167.125000, 33273.597656, -140.117188
-5.600000, -3194.452637, -3194.452637, 930627.312500, 930627.312500, 45376.390625, -190104.875000
-5.550000, 24214.199219, 24214.199219, 897223.375000, 897223.375000, 43950.500000, -366785.375000
-5.500000, 53565.796875, 53565.796875, 873650.000000, 873650.000000, 45567.125000, -428449.125000
-5.450000, 64714.835938, 64714.835938, 859182.937500, 859182.937500, 54697.078125, -445592.062500
-5.400000, 67383.460938, 67383.460938, 841270.937500, 841270.937500, 45673.277344, -408430.250000
-5.350000, 43416.054688, 43416.054688, 825291.000000, 825291.000000, 47312.707031, -281856.718750
-5.300000, 26032.966797, 26032.966797, 805103.750000, 805103.750000, 48201.746094, -196952.078125
-5.250000, 18436.433594, 18436.433594, 786065.625000, 786065.625000, 39454.437500, -110229.914062
-5.200000, -21138.519531, -21138.519531, 781726.562500, 781726.562500, 43674.667969, 18250.125000
-5.150000, -26748.767578, -26748.767578, 771571.187500, 771571.187500, 33867.535156, 70626.046875
-5.100000, -8649.000977, -8649.000977, 760709.875000, 760709.875000, 27210.058594, 47901.593750
-5.050000, -27256.730469, -27256.730469, 758898.312500, 758898.312500, 36914.800781, -39131.050781
-5.000000, 4974.957031, 4974.957031, 756198.062500, 756198.062500, 29775.431641, -127208.187500
-4.950000, 39486.238281, 39486.238281, 759200.500000, 759200.500000, 18529.431641, -176153.781250
-4.900000, 11204.987305, 11204.987305, 768798.750000, 768798.750000, 14332.497070, -242155.468750
-4.850000, 29598.603516, 29598.603516, 783700.125000, 783700.125000, 12782.312500, -257492.437500
-4.800000, 36858.703125, 36858.703125, 796400.812500, 796400.812500, 5317.286621, -245235.281250
-4.750000, 322.839050, 322.839050, 807229.937500, 807229.937500, -5226.883301, -229526.546875
-4.700000, -1523.004517, -1523.004517, 825725.875000, 825725.875000, -6418.486816, -152581.750000
-4.650000, -16847.267578, -16847.267578, 835105.062500, 835105.062500, -12407.509766, -120832.171875
-4.600000, -27809.597656, -27809.597656, 839446.812500, 839446.812500, -10456.845703, -128166.125000
-4.550000, -30249.968750, -30249.968750, 849639.875000, 849639.875000, 14906.698242, -122031.992188
-4.500000, -29311.919922, -29311.919922, 862484.625000, 862484.625000, 83371.734375, -139903.546875
-4.450000, 16961.478516, 16961.478516, 881684.937500, 881684.937500, 164152.593750, -131880.484375
-4.400000, 2736.984131, 2736.984131, 889460.312500, 889460.312500, 149527.703125, -135276.125000
-4.350000, -19052.490234, -19052.490234, 894684.500000, 894684.500000, 98995.273438, -156958.109375
-4.300000, 38610.921875, 38610.921875, 912148.812500, 912148.812500, 72921.664062, -140184.140625
-4.250000, 31870.054688, 31870.054688, 914643.125000, 914643.125000, -13125.202148, -144170.906250
-4.200000, 2469.509766, 2469.509766, 906041.562500, 906041.562500, -124304.773438, -150419.093750
-4.150000, 10683.374023, 10683.374023, 900451.875000, 900451.875000, -221219.125000, -134124.875000
-4.100000, -38510.648438, -38510.648438, 886447.875000, 886447.875000, -291360.875000, -136200.921875
-4.050000, -87609.460938, -87609.460938, 860545.187500, 860545.187500, -258344.046875, -145148.312500
-4.000000, -72781.679688, -72781.679688, 840733.500000, 840733.500000, -116649.468750, -148637.703125
-3.950000, -58411.265625, -58411.265625, 832325.000000, 832325.000000, 51392.597656, -139578.078125
-3.900000, -74988.679688, -74988.679688, 802919.937500, 802919.937500, 147593.875000, -136865.453125
-3.850000, -54440.324219, -54440.324219, 764672.375000, 764672.375000, 258104.484375, -141959.484375
-3.800000, 18319.181641, 18319.181641, 744016.875000, 744016.875000, 412166.531250, -141015.468750
-3.750000, 57832.093750, 57832.093750, 718425.062500, 718425.062500, 401172.281250, -152840.875000
-3.700000, 80367.703125, 80367.703125, 688528.000000, 688528.000000, 298047.750000, -155122.796875
-3.650000, 133013.093750, 133013.093750, 650471.312500, 650471.312500, 185791.875000, -151690.343750
-3.600000, 135097.140625, 135097.140625, 595164.750000, 595164.750000, -71493.765625, -160659.781250
-3.550000, 51556.191406, 51556.191406, 548407.937500, 548407.937500, -310639.218750, -166025.562500
-3.500000, 13110.367188, 13110.367188, 520773.812500, 520773.812500, -380123.687500, -165532.250000
-3.450000, 19220.439453, 19220.439453, 490847.000000, 490847.000000, -383604.156250, -154733.796875
-3.400000, -59853.406250, -59853.406250, 426563.343750, 426563.343750, -371107.718750, -155932.625000
-3.350000, -87457.273438, -87457.273438, 355859.687500, 355859.687500, -333348.031250, -156617.406250
-3.300000, -45119.062500, -45119.062500, 312398.093750, 312398.093750, -274636.843750, -145124.734375
-3.250000, -85287.804688, -85287.804688, 263315.718750, 263315.718750, -266241.562500, -156325.671875
-3.200000, -44711.617188, -44711.617188, 220818.734375, 220818.734375, -278424.187500, -157160.921875
-3.150000, 38634.050781, 38634.050781, 197670.281250, 197670.281250, -227036.187500, -153684.218750
-3.100000, -6649.558105, -6649.558105, 172739.921875, 172739.921875, -233101.796875, -172926.906250
-3.050000, -43919.964844, -43919.964844, 155194.687500, 155194.687500, -308230.593750, -180394.796875
-3.000000, -33779.085938, -33779.085938, 124890.210938, 124890.210938, -316033.781250, -173651.796875
-2.950000, 15221.129883, 15221.129883, 105376.578125, 105376.578125, -275726.062500, -159567.343750
-2.900000, 26653.623047, 26653.623047, 153732.031250, 153732.031250, -228096.187500, -163822.765625
-2.850000, -33995.046875, -33995.046875, 212969.203125, 212969.203125, -184128.359375, -170606.562500
-2.800000, 14682.125000, 14682.125000, 229126.453125, 229126.453125, -173333.671875, -150240.984375
-2.750000, 8918.459961, 8918.459961, 239600.265625, 239600.265625, -179923.328125, -152578.609375
-2.700000, -75376.070312, -75376.070312, 264363.968750, 264363.968750, -187096.906250, -156047.000000
-2.650000, 10405.072266, 10405.072266, 282752.843750, 282752.843750, -183235.468750, -143213.921875
-2.600000, 36308.761719, 36308.761719, 296173.625000, 296173.625000, -173898.875000, -142413.531250
-2.550000, -30700.705078, -30700.705078, 317765.906250, 317765.906250, -190696.203125, -135607.859375
-2.500000, 8525.946289, 8525.946289, 337739.625000, 337739.625000, -201269.296875, -141961.609375
-2.450000, 11353.302734, 11353.302734, 355195.781250, 355195.781250, -202918.187500, -144940.890625
-2.400000, -12194.720703, -12194.720703, 372398.656250, 372398.656250, -226311.750000, -133562.437500
-2.350000, 20502.210938, 20502.210938, 389459.843750, 389459.843750, -208195.640625, -135961.875000
-2.300000, 48685.460938, 48685.460938, 415362.437500, 415362.437500, -184155.437500, -122633.156250
-2.250000, 41085.902344, 41085.902344, 438365.375000, 438365.375000, -209233.703125, -121449.109375
-2.200000, -37307.496094, -37307.496094, 457558.437500, 457558.437500, -195542.609375, -145219.125000
-2.150000, -71320.703125, -71320.703125, 481427.125000, 481427.125000, -179186.484375, -147473.953125
-2.100000, -31617.806641, -31617.806641, 500074.093750, 500074.093750, -206830.234375, -144872.578125
-2.050000, -94956.796875, -94956.796875, 521489.406250, 521489.406250, -210442.781250, -154515.015625
-2.000000, -118825.656250, -118825.656250, 549497.125000, 549497.125000, -188592.593750, -159264.921875
-1.950000, -58.933846, -58.933846, 572343.000000, 572343.000000, -164273.500000, -140339.390625
-1.900000, 5473.889648, 5473.889648, 592965.312500, 592965.312500, -169175.921875, -134800.312500
-1.850000, -25432.632812, -25432.632812, 613120.875000, 613120.875000, -183864.890625, -151923.500000
-1.800000, 42904.210938, 42904.210938, 627041.125000, 627041.125000, -172610.031250, -135011.203125
-1.750000, 69956.085938, 69956.085938, 640307.375000, 640307.375000, -155173.531250, -120093.890625
-1.700000, 143068.531250, 143068.531250, 662391.500000, 662391.500000, -102248.578125, -120158.953125
-1.650000, 275181.562500, 275181.562500, 691778.312500, 691778.312500, -39665.988281, -106260.734375
-1.600000, 339187.781250, 339187.781250, 726246.500000, 726246.500000, -49294.804688, -107647.046875
-1.550000, 286299.031250, 286299.031250, 750121.625000, 750121.625000, -223328.890625, -110284.164062
-1.500000, 8766.380859, 8766.380859, 769033.250000, 769033.250000, -482762.406250, -118501.789062
-1.450000, -284444.343750, -284444.343750, 816950.375000, 816950.375000, -567607.000000, -136083.171875
-1.400000, -327262.093750, -327262.093750, 857198.187500, 857198.187500, -577085.687500, -131935.328125
-1.350000, -281732.406250, -281732.406250, 873035.812500, 873035.812500, -602920.250000, -155749.343750
-1.300000, -352540.718750, -352540.718750, 914318.625000, 914318.625000, -519550.843750, -235798.296875
-1.250000, -342885.812500, -342885.812500, 968419.125000, 968419.125000, -400555.718750, -301360.375000
-1.200000, 58067.527344, 58067.527344, 1034312.000000, 1034312.000000, -137308.593750, -305066.812500
-1.150000, 557783.937500, 557783.937500, 1127814.500000, 1127814.500000, 220580.687500, -286698.812500
-1.100000, 744932.687500, 744932.687500, 1218563.875000, 1218563.875000, 343378.593750, -258772.437500
-1.050000, 455890.656250, 455890.656250, 1302549.625000, 1302549.625000, 281389.656250, -207711.750000
-1.000000, -357065.125000, -357065.125000, 1392550.625000, 1392550.625000, 170435.625000, -184012.671875
-0.950000, -1184209.375000, -1184209.375000, 1516546.000000, 1516546.000000, 83646.015625, -187342.203125
-0.900000, -1521681.625000, -1521681.625000, 1669850.000000, 1669850.000000, -128737.968750, -173716.437500
-0.850000, -1276016.875000, -1276016.875000, 1804899.000000, 1804899.000000, -556837.000000, -141479.265625
-0.800000, -785634.375000, -785634.375000, 1924470.000000, 1924470.000000, -841347.812500, -184759.609375
-0.750000, -32045.488281, -32045.488281, 2038532.875000, 2038532.875000, -1041299.187500, -328803.031250
-0.700000, 1683021.250000, 1683021.250000, 2188547.250000, 2188547.250000, -1118308.375000, -316439.250000
-0.650000, 3241331.500000, 3241331.500000, 2397865.500000, 2397865.500000, -760426.625000, -129862.031250
-0.600000, 3636407.750000, 3636407.750000, 2578603.500000, 2578603.500000, -335542.812500, 11011.119141
-0.550000, 3523881.750000, 3523881.750000, 2697910.250000, 2697910.250000, 5413.471680, 144973.718750
-0.500000, 1812910.250000, 1812910.250000, 2814492.500000, 2814492.500000, 261569.953125, 198337.343750
-0.450000, -1523746.875000, -1523746.875000, 2983992.500000, 2983992.500000, 248418.421875, 135889.968750
-0.400000, -4470439.000000, -4470439.000000, 3194575.250000, 3194575.250000, 331502.593750, 196745.656250
-0.350000, -6415584.500000, -6415584.500000, 3398707.250000, 3398707.250000, 644959.312500, 340911.375000
-0.300000, -6957605.000000, -6957605.000000, 3595268.000000, 3595268.000000, 949829.375000, 338574.687500
-0.250000, -5974677.500000, -5974677.500000, 3742884.000000, 3742884.000000, 1101922.250000, 210458.968750
-0.200000, -3274617.250000, -3274617.250000, 3838243.750000, 3838243.750000, 938262.875000, 167037.718750
-0.150000, 741037.812500, 741037.812500, 3918911.000000, 3918911.000000, 703458.062500, 172468.968750
-0.100000, 4542612.000000, 4542612.000000, 4018704.250000, 4018704.250000, 707652.312500, 162898.468750
-0.050000, 8610334.000000, 8610334.000000, 4250831.500000, 4250831.500000, 845220.500000, 420671.500000
0.000000, 10967512.000000, 10967512.000000, 4421855.500000, 4421855.500000, 791316.312500, 791316.312500
0.050000, 8610334.000000, 8610334.000000, 4250831.500000, 4250831.500000, 420671.500000, 845220.500000
0.100000, 4542612.000000, 4542612.000000, 4018704.250000, 4018704.250000, 162898.468750, 707652.312500
0.150000, 741037.812500, 741037.812500, 3918911.000000, 3918911.000000, 172468.968750, 703458.062500
0.200000, -3274617.250000, -3274617.250000, 3838243.750000, 3838243.750000, 167037.718750, 938262.875000
0.250000, -5974677.500000, -5974677.500000, 3742884.000000, 3742884.000000, 210458.968750, 1101922.250000
0.300000, -6957605.000000, -6957605.000000, 3595268.000000, 3595268.000000, 338574.687500, 949829.375000
0.350000, -6415584.500000, -6415584.500000, 3398707.250000, 3398707.250000, 340911.375000, 644959.312500
0.400000, -4470439.000000, -4470439.000000, 3194575.250000, 3194575.250000, 196745.656250, 331502.593750
0.450000, -1523746.875000, -1523746.875000, 2983992.500000, 2983992.500000, 135889.968750, 248418.421875
0.500000, 1812910.250000, 1812910.250000, 2814492.500000, 2814492.500000, 198337.343750, 261569.953125
0.550000, 3523881.750000, 3523881.750000, 2697910.250000, 2697910.250000, 144973.718750, 5413.471680
0.600000, 3636407.750000, 3636407.750000, 2578603.500000, 2578603.500000, 11011.119141, -335542.812500
0.650000, 3241331.500000, 3241331.500000, 2397865.500000, 2397865.500000, -129862.031250, -760426.625000
0.700000, 1683021.250000, 1683021.250000, 2188547.250000, 2188547.250000, -316439.250000, -1118308.375000
0.750000, -32045.488281, -32045.488281, 2038532.875000, 2038532.875000, -328803.031250, -1041299.187500
0.800000, -785634.375000, -785634.375000, 1924470.000000, 1924470.000000, -184759.609375, -841347.812500
0.850000, -1276016.875000, -1276016.875000, 1804899.000000, 1804899.000000, -141479.265625, -556837.000000
0.900000, -1521681.625000, -1521681.625000, 1669850.000000, 1669850.000000, -173716.437500, -128737.968750
0.950000, -1184209.375000, -1184209.375000, 1516546.000000, 1516546.000000, -187342.203125, 83646.015625
1.000000, -357065.125000, -357065.125000, 1392550.625000, 1392550.625000, -184012.671875, 170435.625000
1.050000, 455890.656250, 455890.656250, 1302549.625000, 1302549.625000, -207711.750000, 281389.656250
1.100000, 744932.687500, 744932.687500, 1218563.875000, 1218563.875000, -258772.437500, 343378.593750
1.150000, 557783.937500, 557783.937500, 1127814.500000, 1127814.500000, -286698.812500, 220580.687500
1.200000, 58067.527344, 58067.527344, 1034312.000000, 1034312.000000, -305066.812500, -137308.593750
1.250000, -342885.812500, -342885.812500, 968419.125000, 968419.125000, -301360.375000, -400555.718750
1.300000, -352540.718750, -352540.718750, 914318.625000, 914318.625000, -235798.296875, -519550.843750
1.350000, -281732.406250, -281732.406250, 873035.812500, 873035.812500, -155749.343750, -602920.250000
1.400000, -327262.093750, -327262.093750, 857198.187500, 857198.187500, -131935.328125, -577085.687500
1.450000, -284444.343750, -284444.343750, 816950.375000, 816950.375000, -136083.171875, -567607.000000
1.500000, 8766.380859, 8766.380859, 769033.250000, 769033.250000, -118501.789062, -482762.406250
1.550000, 286299.031250, 286299.031250, 750121.625000, 750121.625000, -110284.164062, -223328.890625
1.600000, 339187.781250, 339187.781250, 726246.500000, 726246.500000, -107647.046875, -49294.804688
1.650000, 275181.562500, 275181.562500, 691778.312500, 691778.312500, -106260.734375, -39665.988281
1.700000, 143068.531250, 143068.531250, 662391.500000, 662391.500000, -120158.953125, -102248.578125
1.750000, 69956.085938, 69956.085938, 640307.375000, 640307.375000, -120093.890625, -155173.531250
1.800000, 42904.210938, 42904.210938, 627041.125000, 627041.125000, -135011.203125, -172610.031250
1.850000, -25432.632812, -25432.632812, 613120.875000, 613120.875000, -151923.500000, -183864.890625
1.900000, 5473.889648, 5473.889648, 592965.312500, 592965.312500, -134800.312500, -169175.921875
1.950000, -58.933846, -58.933846, 572343.000000, 572343.000000, -140339.390625, -164273.500000
2.000000, -118825.656250, -118825.656250, 549497.125000, 549497.125000, -159264.921875, -188592.593750
2.050000, -94956.796875, -94956.796875, 521489.406250, 521489.406250, -154515.015625, -210442.781250
2.100000, -31617.806641, -31617.806641, 500074.093750, 500074.093750, -144872.578125, -206830.234375
2.150000, -71320.703125, -71320.703125, 481427.125000, 481427.125000, -147473.953125, -179186.484375
2.200000, -37307.496094, -37307.496094, 457558.437500, 457558.437500, -145219.125000, -195542.609375
2.250000, 41085.902344, 41085.902344, 438365.375000, 438365.375000, -121449.109375, -209233.703125
2.300000, 48685.460938, 48685.460938, 415362.437500, 415362.437500, -122633.156250, -184155.437500
2.350000, 20502.210938, 20502.210938, 389459.843750, 389459.843750, -135961.875000, -208195.640625
2.400000, -12194.720703, -12194.720703, 372398.656250, 372398.656250, -133562.437500, -226311.750000
2.450000, 11353.302734, 11353.302734, 355195.781250, 355195.781250, -144940.890625, -202918.187500
2.500000, 8525.946289, 8525.946289, 337739.625000, 337739.625000, -141961.609375, -201269.296875
2.550000, -30700.705078, -30700.705078, 317765.906250, 317765.906250, -135607.859375, -190696.203125
2.600000, 36308.761719, 36308.761719, 296173.625000, 296173.625000, -142413.531250, -173898.875000
2.650000, 10405.072266, 10405.072266, 282752.843750, 282752.843750, -143213.921875, -183235.468750
2.700000, -75376.070312, -75376.070312, 264363.968750, 264363.968750, -156047.000000, -187096.906250
2.750000, 8918.459961, 8918.459961, 239600.265625, 239600.265625, -152578.609375, -179923.328125
2.800000, 14682.125000, 14682.125000, 229126.453125, 229126.453125, -150240.984375, -173333.671875
2.850000, -33995.046875, -33995.046875, 212969.203125, 212969.203125, -170606.562500, -184128.359375
2.900000, 26653.623047, 26653.623047, 153732.031250, 153732.031250, -163822.765625, -228096.187500
2.950000, 15221.129883, 15221.129883, 105376.578125, 105376.578125, -159567.343750, -275726.062500
3.000000, -33779.085938, -33779.085938, 124890.210938, 124890.210938, -173651.796875, -316033.781250
3.050000, -43919.964844, -43919.964844, 155194.687500, 155194.687500, -180394.796875, -308230.593750
3.100000, -6649.558105, -6649.558105, 172739.921875, 172739.921875, -172926.906250, -233101.796875
3.150000, 38634.050781, 38634.050781, 197670.281250, 197670.281250, -153684.218750, -227036.187500
3.200000, -44711.617188, -44711.617188, 220818.734375, 220818.734375, -157160.921875, -278424.187500
3.250000, -85287.804688, -85287.804688, 263315.718750, 263315.718750, -156325.671875, -266241.562500
3.300000, -45119.062500, -45119.062500, 312398.093750, 312398.093750, -145124.734375, -274636.843750
3.350000, -87457.273438, -87457.273438, 355859.687500, 355859.687500, -156617.406250, -333348.031250
3.400000, -59853.406250, -59853.406250, 426563.343750, 426563.343750, -155932.625000, -371107.718750
3.450000, 19220.439453, 19220.439453, 490847.000000, 490847.000000, -154733.796875, -383604.156250
3.500000, 13110.367188, 13110.367188, 520773.812500, 520773.812500, -165532.250000, -380123.687500
3.550000, 51556.191406, 51556.191406, 548407.937500, 548407.937500, -166025.562500, -310639.218750
3.600000, 135097.140625, 135097.140625, 595164.750000, 595164.750000, -160659.781250, -71493.765625
3.650000, 133013.093750, 133013.093750, 650471.312500, 650471.312500, -151690.343750, 185791.875000
3.700000, 80367.703125, 80367.703125, 688528.000000, 688528.000000, -155122.796875, 298047.750000
3.750000, 57832.093750, 57832.093750, 718425.062500, 718425.062500, -152840.875000, 401172.281250
3.800000, 18319.181641, 18319.181641, 744016.875000, 744016.875000, -141015.468750, 412166.531250
3.850000, -54440.324219, -54440.324219, 764672.375000, 764672.375000, -141959.484375, 258104.484375
3.900000, -74988.679688, -74988.679688, 802919.937500, 802919.937500, -136865.453125, 147593.875000
3.950000, -58411.265625, -58411.265625, 832325.000000, 832325.000000, -139578.078125, 51392.597656
4.000000, -72781.679688, -72781.679688, 840733.500000, 840733.500000, -148637.703125, -116649.468750
4.050000, -87609.460938, -87609.460938, 860545.187500, 860545.187500, -145148.312500, -258344.046875
4.100000, -38510.648438, -38510.648438, 886447.875000, 886447.875000, -136200.921875, -291360.875000
4.150000, 10683.374023, 10683.374023, 900451.875000, 900451.875000, -134124.875000, -221219.125000
4.200000, 2469.509766, 2469.509766, 906041.562500, 906041.562500, -150419.093750, -124304.773438
4.250000, 31870.054688, 31870.054688, 914643.125000, 914643.125000, -144170.906250, -13125.202148
4.300000, 38610.921875, 38610.921875, 912148.812500, 912148.812500, -140184.140625, 72921.664062
4.350000, -19052.490234, -19052.490234, 894684.500000, 894684.500000, -156958.109375, 98995.273438
4.400000, 2736.984131, 2736.984131, 889460.312500, 889460.312500, -135276.125000, 149527.703125
4.450000, 16961.478516, 16961.478516, 881684.937500, 881684.937500, -131880.484375, 164152.593750
4.500000, -29311.919922, -29311.919922, 862484.625000, 862484.625000, -139903.546875, 83371.734375
4.550000, -30249.968750, -30249.968750, 849639.875000, 849639.875000, -122031.992188, 14906.698242
4.600000, -27809.597656, -27809.597656, 839446.812500, 839446.812500, -128166.125000, -10456.845703
4.650000, -16847.267578, -16847.267578, 835105.062500, 835105.062500, -120832.171875, -12407.509766
4.700000, -1523.004517, -1523.004517, 825725.875000, 825725.875000, -152581.750000, -6418.486816
4.750000, 322.839050, 322.839050, 807229.937500, 807229.937500, -229526.546875, -5226.883301
4.800000, 36858.703125, 36858.703125, 796400.812500, 796400.812500, -245235.281250, 5317.286621
4.850000, 29598.603516, 29598.603516, 783700.125000, 783700.125000, -257492.437500, 12782.312500
4.900000, 11204.987305, 11204.987305, 768798.750000, 768798.750000, -242155.468750, 14332.497070
4.950000, 39486.238281, 39486.238281, 759200.500000, 759200.500000, -176153.781250, 18529.431641
5.000000, 4974.957031, 4974.957031, 756198.062500, 756198.062500, -127208.187500, 29775.431641
5.050000, -27256.730469, -27256.730469, 758898.312500, 758898.312500, -39131.050781, 36914.800781
5.100000, -8649.000977, -8649.000977, 760709.875000, 760709.875000, 47901.593750, 27210.058594
5.150000, -26748.767578, -26748.767578, 771571.187500, 771571.187500, 70626.046875, 33867.535156
5.200000, -21138.519531, -21138.519531, 781726.562500, 781726.562500, 18250.125000, 43674.667969
5.250000, 18436.433594, 18436.433594, 786065.625000, 786065.625000, -110229.914062, 39454.437500
5.300000, 26032.966797, 26032.966797, 805103.750000, 805103.750000, -196952.078125, 48201.746094
5.350000, 43416.054688, 43416.054688, 825291.000000, 825291.000000, -281856.718750, 47312.707031
5.400000, 67383.460938, 67383.460938, 841270.937500, 841270.937500, -408430.250000, 45673.277344
5.450000, 64714.835938, 64714.835938, 859182.937500, 859182.937500, -445592.062500, 54697.078125
5.500000, 53565.796875, 53565.796875, 873650.000000, 873650.000000, -428449.125000, 45567.125000
5.550000, 24214.199219, 24214.199219, 897223.375000, 897223.375000, -366785.375000, 43950.500000
5.600000, -3194.452637, -3194.452637, 930627.312500, 930627.312500, -190104.875000, 45376.390625
5.650000, -11598.764648, -11598.764648, 970167.125000, 970167.125000, -140.117188, 33273.597656
5.700000, -25321.466797, -25321.466797, 1001540.000000, 1001540.000000, 116201.148438, 34217.859375
5.750000, -15282.896484, -15282.896484, 1015763.750000, 1015763.750000, 170293.187500, 30166.751953
5.800000, -82.953552, -82.953552, 1051195.500000, 1051195.500000, 175308.046875, 17747.865234
5.850000, -12694.059570, -12694.059570, 1101366.625000, 1101366.625000, 146631.640625, 20462.162109
5.900000, -6633.413574, -6633.413574, 1139718.000000, 1139718.000000, 102854.554688, 17704.306641
5.950000, 2248.593994, 2248.593994, 1179499.625000, 1179499.625000, 87265.054688, 5681.794922
6.000000, -3460.225830, -3460.225830, 1210643.250000, 1210643.250000, 102271.148438, 8363.014648
6.050000, -2002.722534, -2002.722534, 1233634.500000, 1233634.500000, 79093.328125, 12395.071289
6.100000, -12021.388672, -12021.388672, 1250198.500000, 1250198.500000, 46333.246094, -1320.836182
6.150000, -16974.548828, -16974.548828, 1254629.375000, 1254629.375000, 74093.546875, -13043.131836
6.200000, -5471.979492, -5471.979492, 1276820.250000, 1276820.250000, 104388.531250, -11487.706055
6.250000, -1326.085327, -1326.085327, 1299447.500000, 1299447.500000, 90528.804688, -7133.593750
6.300000, 345.953552, 345.953552, 1277076.125000, 1277076.125000, 50442.703125, -6951.290039
6.350000, 2042.562988, 2042.562988, 1231223.875000, 1231223.875000, 5067.406250, -11588.302734
6.400000, 1816.746948, 1816.746948, 1198313.125000, 1198313.125000, -10937.281250, -9853.799805
6.450000, 994.062622, 994.062622, 1176745.250000, 1176745.250000, -6668.058105, -7791.140625
6.500000, 75.284210, 75.284210, 1156120.000000, 1156120.000000, -5462.267578, -12836.300781
6.550000, 1775.122559, 1775.122559, 1136542.500000, 1136542.500000, -2623.108154, -12071.681641
6.600000, 872.135742, 872.135742, 1115735.500000, 1115735.500000, -146.907410, -12829.502930
6.650000, -542.130798, -542.130798, 1093014.250000, 1093014.250000, 802.160278, -16295.186523
6.700000, -263.376251, -263.376251, 1071550.000000, 1071550.000000, 753.190674, -14419.333008
6.750000, 576.855530, 576.855530, 1050135.625000, 1050135.625000, 3271.120117, -15418.729492
6.800000, 1474.010498, 1474.010498, 1028615.187500, 1028615.187500, 6659.863281, -16564.351562
6.850000, -116.215103, -116.215103, 1006211.937500, 1006211.937500, 5259.980957, -15227.521484
6.900000, 727.571899, 727.571899, 984528.000000, 984528.000000, 5014.831543, -12109.262695
6.950000, 109.190018, 109.190018, 964182.625000, 964182.625000, 4259.007812, -10899.040039
7.000000, -1584.282349, -1584.282349, 941319.187500, 941319.187500, 5145.855469, -15624.767578
7.050000, 839.553040, 839.553040, 919478.062500, 919478.062500, 9541.506836, -12755.360352
7.100000, -212.259735, -212.259735, 899065.750000, 899065.750000, 9103.415039, -9007.840820
7.150000, -111.010437, -111.010437, 876779.875000, 876779.875000, 9863.923828, -14528.138672
7.200000, 1154.887573, 1154.887573, 854744.687500, 854744.687500, 9845.074219, -13981.695312
7.250000, 353.646271, 353.646271, 833176.625000, 833176.625000, 8784.998047, -9491.465820
7.300000, 1587.262451, 1587.262451, 811984.750000, 811984.750000, 11509.296875, -9261.641602
7.350000, -219.474686, -219.474686, 790709.000000, 790709.000000, 8498.684570, -8095.782715
7.400000, 676.338867, 676.338867, 769131.312500, 769131.312500, 8777.982422, -6046.885254
7.450000, 1254.620239, 1254.620239, 747290.437500, 747290.437500, 11430.201172, -8103.583008
7.500000, -2438.978271, -2438.978271, 725475.750000, 725475.750000, 8631.328125, -11013.870117
7.550000, 996.150635, 996.150635, 704970.187500, 704970.187500, 11513.340820, -8557.015625
7.600000, 593.171021, 593.171021, 682947.937500, 682947.937500, 12584.890625, -9370.962891
7.650000, -2336.668457, -2336.668457, 660646.312500, 660646.312500, 11120.079102, -14020.693359
7.700000, 1642.138184, 1642.138184, 639066.375000, 639066.375000, 10451.107422, -13271.775391
7.750000, 220.234528, 220.234528, 616474.312500, 616474.312500, 7669.293457, -14245.070312
7.800000, -884.699097, -884.699097, 595169.500000, 595169.500000, 8902.185547, -18173.646484
7.850000, 1213.981445, 1213.981445, 573222.312500, 573222.312500, 6926.047852, -17852.925781
7.900000, -1085.041626, -1085.041626, 551883.500000, 551883.500000, 7491.142090, -15664.232422
7.950000, -439.695068, -439.695068, 530399.812500, 530399.812500, 12491.719727, -17065.873047
8.000000, 886.170593, 886.170593, 506459.843750, 506459.843750, 9531.367188, -19938.029297
8.050000, -927.239868, -927.239868, 486479.156250, 486479.156250, 8709.865234, -17914.443359
8.100000, -147.225708, -147.225708, 466137.750000, 466137.750000, 8164.208496, -16925.199219
8.150000, 136.474182, 136.474182, 444202.687500, 444202.687500, 5575.635254, -19087.751953
8.200000, -1084.987183, -1084.987183, 424789.500000, 424789.500000, 8861.610352, -19052.669922
8.250000, -69.657761, -69.657761, 402733.062500, 402733.062500, 8708.707031, -20151.234375
8.300000, -72.564102, -72.564102, 382255.250000, 382255.250000, 6448.352051, -19987.738281
8.350000, -937.373413, -937.373413, 362874.437500, 362874.437500, 7390.882812, -19262.242188
8.400000, -119.081612, -119.081612, 341075.343750, 341075.343750, 6205.210938, -20442.320312
8.450000, -560.689087, -560.689087, 321441.281250, 321441.281250, 6011.000000, -19308.517578
8.500000, -1029.660767, -1029.660767, 300822.906250, 300822.906250, 8329.200195, -20183.187500
8.550000, 51.608952, 51.608952, 280503.968750, 280503.968750, 8586.212891, -19359.578125
8.600000, -269.503571, -269.503571, 259782.703125, 259782.703125, 8018.840332, -15323.048828
8.650000, -868.094421, -868.094421, 236547.062500, 236547.062500, 7169.110352, -16354.389648
8.700000, -608.351074, -608.351074, 216861.843750, 216861.843750, 5277.749023, -14942.922852
8.750000, -865.779053, -865.779053, 196924.546875, 196924.546875, 6025.716309, -12023.706055
8.800000, -862.163452, -862.163452, 176337.296875, 176337.296875, 7123.156738, -14059.859375
8.850000, -349.504608, -349.504608, 156355.281250, 156355.281250, 5065.284180, -12350.039062
8.900000, 5.152865, 5.152865, 135408.062500, 135408.062500, 3436.022949, -9350.253906
8.950000, 260.719940, 260.719940, 116919.296875, 116919.296875, 1681.992676, -10281.541992
9.000000, 300.127441, 300.127441, 94203.609375, 94203.609375, -1282.961548, -8856.493164
9.050000, 159.693481, 159.693481, 72290.140625, 72290.140625, -2368.239990, -4780.111816
9.100000, 59.001255, 59.001255, 57301.914062, 57301.914062, -1854.304199, -1766.958618
9.150000, 10.807316, 10.807316, 33679.484375, 33679.484375, -1104.536743, -270.329468
9.200000, -2.154431, -2.154431, 8697.791992, 8697.791992, -319.184937, 58.708271
