Time 1XX 1YY 2XX 2YY 1X2Y 1Y2X 
-9.350000, 0.000000, 0.000000, 0.000000, 0.000000, 0.000000, 0.000000
-9.300000, -419.948029, -419.948029, 10284.998047, 10284.998047, 1603.437988, -2693.689941
-9.250000, -1075.138672, -1075.138672, 40648.839844, 40648.839844, 6179.132812, -7161.818848
-9.200000, -1179.892334, -1179.892334, 70917.125000, 70917.125000, 9947.740234, -9086.649414
-9.150000, -1784.106934, -1784.106934, 90352.976562, 90352.976562, 11630.031250, -13583.847656
-9.100000, -2657.766357, -2657.766357, 116314.320312, 116314.320312, 15326.966797, -19092.228516
-9.050000, -2273.244873, -2273.244873, 144511.359375, 144511.359375, 18897.296875, -19230.410156
-9.000000, -2109.346436, -2109.346436, 168476.046875, 168476.046875, 20278.224609, -19441.830078
-8.950000, -2621.041016, -2621.041016, 193577.500000, 193577.500000, 23225.492188, -20781.609375
-8.900000, -2787.396729, -2787.396729, 217656.562500, 217656.562500, 27802.017578, -21945.193359
-8.850000, -2865.870117, -2865.870117, 243576.625000, 243576.625000, 32933.246094, -21647.861328
-8.800000, -3396.608398, -3396.608398, 269571.875000, 269571.875000, 38094.593750, -22393.845703
-8.750000, -4467.983887, -4467.983887, 293541.906250, 293541.906250, 40653.429688, -29682.375000
-8.700000, -5309.116211, -5309.116211, 317719.812500, 317719.812500, 41879.882812, -36427.984375
-8.650000, -5920.663574, -5920.663574, 341605.250000, 341605.250000, 46049.410156, -41457.117188
-8.600000, -5368.612793, -5368.612793, 368232.250000, 368232.250000, 50072.058594, -43485.988281
-8.550000, -4639.858887, -4639.858887, 393009.406250, 393009.406250, 50300.960938, -41645.738281
-8.500000, -5836.094727, -5836.094727, 416506.718750, 416506.718750, 53262.742188, -45155.921875
-8.450000, -5646.730957, -5646.730957, 443553.000000, 443553.000000, 59291.929688, -46448.894531
-8.400000, -5043.517578, -5043.517578, 469178.437500, 469178.437500, 62300.550781, -45884.085938
-8.350000, -7311.582520, -7311.582520, 493876.562500, 493876.562500, 64374.906250, -52787.007812
-8.300000, -9114.725586, -9114.725586, 518201.156250, 518201.156250, 67804.023438, -57442.078125
-8.250000, -8594.809570, -8594.809570, 543544.125000, 543544.125000, 73095.640625, -57869.535156
-8.200000, -7999.728027, -7999.728027, 569435.937500, 569435.937500, 78722.421875, -59171.292969
-8.150000, -8571.042969, -8571.042969, 592706.125000, 592706.125000, 82403.000000, -60274.730469
-8.100000, -8297.063477, -8297.063477, 618374.437500, 618374.437500, 86189.070312, -60164.050781
-8.050000, -8879.873047, -8879.873047, 643052.500000, 643052.500000, 91374.937500, -63547.128906
-8.000000, -10523.568359, -10523.568359, 666275.375000, 666275.375000, 97018.132812, -72146.484375
-7.950000, -9761.406250, -9761.406250, 692379.062500, 692379.062500, 98956.742188, -74508.843750
-7.900000, -11754.015625, -11754.015625, 716805.437500, 716805.437500, 101723.265625, -75296.382812
-7.850000, -13609.551758, -13609.551758, 741818.937500, 741818.937500, 110614.929688, -82591.929688
-7.800000, -11214.875977, -11214.875977, 766328.500000, 766328.500000, 115420.437500, -87243.132812
-7.750000, -12839.695312, -12839.695312, 790115.125000, 790115.125000, 118889.765625, -90049.914062
-7.700000, -14654.273438, -14654.273438, 817068.062500, 817068.062500, 125678.296875, -91055.453125
-7.650000, -13567.160156, -13567.160156, 841379.875000, 841379.875000, 127594.734375, -91872.718750
-7.600000, -14718.458008, -14718.458008, 864933.500000, 864933.500000, 129616.500000, -97905.906250
-7.550000, -16033.173828, -16033.173828, 889676.875000, 889676.875000, 134573.796875, -102012.039062
-7.500000, -15579.481445, -15579.481445, 913793.375000, 913793.375000, 140086.921875, -101605.164062
-7.450000, -14469.170898, -14469.170898, 939659.312500, 939659.312500, 147493.562500, -98892.812500
-7.400000, -16751.537109, -16751.537109, 963729.500000, 963729.500000, 153623.734375, -101693.851562
-7.350000, -18386.708984, -18386.708984, 987322.875000, 987322.875000, 158826.296875, -109118.398438
-7.300000, -16970.781250, -16970.781250, 1012312.000000, 1012312.000000, 163859.281250, -110176.343750
-7.250000, -19843.458984, -19843.458984, 1036458.062500, 1036458.062500, 169980.281250, -112651.101562
-7.200000, -20320.744141, -20320.744141, 1061527.625000, 1061527.625000, 175608.328125, -116571.062500
-7.150000, -18761.746094, -18761.746094, 1085764.625000, 1085764.625000, 177777.531250, -119122.046875
-7.100000, -20375.003906, -20375.003906, 1109964.750000, 1109964.750000, 184494.765625, -123276.953125
-7.050000, -18338.619141, -18338.619141, 1135270.500000, 1135270.500000, 195029.234375, -123219.648438
-7.000000, -19770.968750, -19770.968750, 1159606.750000, 1159606.750000, 203134.281250, -126126.460938
-6.950000, -24795.404297, -24795.404297, 1184644.250000, 1184644.250000, 208839.234375, -129971.304688
-6.900000, -24676.605469, -24676.605469, 1209269.250000, 1209269.250000, 212093.656250, -131385.828125
-6.850000, -24005.156250, -24005.156250, 1234266.375000, 1234266.375000, 217768.609375, -136017.875000
-6.800000, -25142.812500, -25142.812500, 1260058.625000, 1260058.625000, 223300.093750, -137845.984375
-6.750000, -27135.892578, -27135.892578, 1283306.250000, 1283306.250000, 228273.203125, -145785.312500
-6.700000, -25142.800781, -25142.800781, 1307872.875000, 1307872.875000, 236892.921875, -151734.859375
-6.650000, -23234.039062, -23234.039062, 1333555.625000, 1333555.625000, 240847.390625, -146300.968750
-6.600000, -27696.435547, -27696.435547, 1357371.125000, 1357371.125000, 244954.390625, -151975.015625
-6.550000, -29242.875000, -29242.875000, 1382839.375000, 1382839.375000, 254660.328125, -158237.203125
-6.500000, -30494.949219, -30494.949219, 1407684.000000, 1407684.000000, 261521.265625, -159351.171875
-6.450000, -32650.861328, -32650.861328, 1431251.875000, 1431251.875000, 266510.312500, -169116.890625
-6.400000, -31252.976562, -31252.976562, 1458851.750000, 1458851.750000, 269024.562500, -175154.125000
-6.350000, -30269.228516, -30269.228516, 1495176.250000, 1495176.250000, 273220.687500, -166922.234375
-6.300000, -24924.310547, -24924.310547, 1543074.875000, 1543074.875000, 284102.406250, -139865.687500
-6.250000, -21533.410156, -21533.410156, 1587794.000000, 1587794.000000, 291545.718750, -120615.718750
-6.200000, -26739.875000, -26739.875000, 1614311.375000, 1614311.375000, 295595.218750, -136724.578125
-6.150000, -30664.378906, -30664.378906, 1636072.125000, 1636072.125000, 301573.781250, -149859.921875
-6.100000, -31690.734375, -31690.734375, 1661480.500000, 1661480.500000, 307514.437500, -150281.750000
-6.050000, -34169.929688, -34169.929688, 1681887.625000, 1681887.625000, 312062.281250, -170955.656250
-6.000000, -36704.085938, -36704.085938, 1705772.625000, 1705772.625000, 316915.843750, -174786.968750
-5.950000, -29128.816406, -29128.816406, 1738669.750000, 1738669.750000, 323007.281250, -143702.968750
-5.900000, -19907.535156, -19907.535156, 1763499.125000, 1763499.125000, 324896.343750, -128866.406250
-5.850000, -21638.160156, -21638.160156, 1774711.375000, 1774711.375000, 327336.406250, -123737.976562
-5.800000, -22170.853516, -22170.853516, 1781828.750000, 1781828.750000, 328744.500000, -110147.609375
-5.750000, -22754.814453, -22754.814453, 1781075.875000, 1781075.875000, 319631.812500, -89707.875000
-5.700000, -21169.816406, -21169.816406, 1763984.750000, 1763984.750000, 316035.812500, -56431.964844
-5.650000, -15120.160156, -15120.160156, 1748739.375000, 1748739.375000, 320137.062500, -34452.859375
-5.600000, -19559.687500, -19559.687500, 1741189.250000, 1741189.250000, 323644.843750, -22517.599609
-5.550000, -23580.943359, -23580.943359, 1715259.875000, 1715259.875000, 331352.218750, -43117.734375
-5.500000, -28601.083984, -28601.083984, 1674797.875000, 1674797.875000, 328546.593750, -138495.750000
-5.450000, -51123.812500, -51123.812500, 1635044.000000, 1635044.000000, 322015.375000, -277332.875000
-5.400000, -73806.656250, -73806.656250, 1604115.875000, 1604115.875000, 330700.843750, -422043.062500
-5.350000, -82034.460938, -82034.460938, 1597828.000000, 1597828.000000, 333930.031250, -528600.812500
-5.300000, -82880.390625, -82880.390625, 1610071.375000, 1610071.375000, 331123.031250, -588138.375000
-5.250000, -84446.367188, -84446.367188, 1631566.500000, 1631566.500000, 338058.406250, -630938.937500
-5.200000, -84950.242188, -84950.242188, 1655694.625000, 1655694.625000, 347888.812500, -642928.000000
-5.150000, -81126.851562, -81126.851562, 1675782.875000, 1675782.875000, 359321.906250, -626391.250000
-5.100000, -82981.781250, -82981.781250, 1695027.625000, 1695027.625000, 350003.250000, -583661.312500
-5.050000, -94707.687500, -94707.687500, 1713130.750000, 1713130.750000, 327595.812500, -508577.593750
-5.000000, -99765.742188, -99765.742188, 1733556.625000, 1733556.625000, 377579.281250, -413169.562500
-4.950000, -86561.265625, -86561.265625, 1742127.250000, 1742127.250000, 483122.656250, -310886.625000
-4.900000, -64090.218750, -64090.218750, 1736889.500000, 1736889.500000, 534237.625000, -213760.843750
-4.850000, -51583.656250, -51583.656250, 1743269.750000, 1743269.750000, 528224.375000, -121035.671875
-4.800000, -51789.390625, -51789.390625, 1744219.750000, 1744219.750000, 502462.281250, -95760.546875
-4.750000, -34207.019531, -34207.019531, 1732138.125000, 1732138.125000, 457352.343750, -160114.906250
-4.700000, -14458.431641, -14458.431641, 1723695.250000, 1723695.250000, 395503.281250, -234364.484375
-4.650000, -31441.917969, -31441.917969, 1705607.375000, 1705607.375000, 316463.750000, -309902.937500
-4.600000, -29474.664062, -29474.664062, 1689284.250000, 1689284.250000, 242420.250000, -379017.500000
-4.550000, 2464.143066, 2464.143066, 1685883.000000, 1685883.000000, 186480.734375, -421105.000000
-4.500000, -10496.367188, -10496.367188, 1680322.500000, 1680322.500000, 162060.312500, -453647.906250
-4.450000, -55687.035156, -55687.035156, 1685927.375000, 1685927.375000, 221314.484375, -451867.062500
-4.400000, -97999.546875, -97999.546875, 1697067.750000, 1697067.750000, 329416.968750, -410737.031250
-4.350000, -135916.078125, -135916.078125, 1696613.250000, 1696613.250000, 408505.781250, -331983.187500
-4.300000, -144099.812500, -144099.812500, 1707053.125000, 1707053.125000, 486343.468750, -241477.109375
-4.250000, -129870.835938, -129870.835938, 1732559.750000, 1732559.750000, 580439.875000, -224947.562500
-4.200000, -115225.726562, -115225.726562, 1753807.000000, 1753807.000000, 636715.625000, -248392.843750
-4.150000, -87806.968750, -87806.968750, 1768731.500000, 1768731.500000, 652846.875000, -239005.093750
-4.100000, -58168.835938, -58168.835938, 1787669.625000, 1787669.625000, 660910.437500, -228097.250000
-4.050000, -44439.136719, -44439.136719, 1813759.750000, 1813759.750000, 637375.312500, -222743.640625
-4.000000, -32162.062500, -32162.062500, 1833925.875000, 1833925.875000, 574439.062500, -213102.625000
-3.950000, -22344.214844, -22344.214844, 1837705.875000, 1837705.875000, 494129.031250, -212382.015625
-3.900000, -17951.353516, -17951.353516, 1819485.250000, 1819485.250000, 368250.218750, -201765.828125
-3.850000, 2141.279541, 2141.279541, 1784091.750000, 1784091.750000, 217508.187500, -175140.687500
-3.800000, 21410.513672, 21410.513672, 1748564.000000, 1748564.000000, 110724.281250, -161759.015625
-3.750000, 4763.241211, 4763.241211, 1720100.625000, 1720100.625000, 55756.683594, -152459.515625
-3.700000, -28755.875000, -28755.875000, 1707438.375000, 1707438.375000, 54220.554688, -126866.617188
-3.650000, -44114.644531, -44114.644531, 1705335.125000, 1705335.125000, 79791.187500, -110448.101562
-3.600000, -48882.539062, -48882.539062, 1691493.625000, 1691493.625000, 99703.132812, -103867.343750
-3.550000, -67530.750000, -67530.750000, 1679306.125000, 1679306.125000, 124683.882812, -100503.015625
-3.500000, -84265.546875, -84265.546875, 1688462.000000, 1688462.000000, 136105.109375, -105632.726562
-3.450000, -59055.109375, -59055.109375, 1703941.750000, 1703941.750000, 141916.984375, -93943.773438
-3.400000, -12787.227539, -12787.227539, 1719060.125000, 1719060.125000, 158515.578125, -84355.476562
-3.350000, 12903.838867, 12903.838867, 1748160.000000, 1748160.000000, 179782.203125, -91434.046875
-3.300000, 29608.154297, 29608.154297, 1786180.750000, 1786180.750000, 209388.765625, -77972.703125
-3.250000, 23661.056641, 23661.056641, 1811354.875000, 1811354.875000, 195577.046875, -58904.675781
-3.200000, -12169.346680, -12169.346680, 1830117.125000, 1830117.125000, 159795.421875, -60193.695312
-3.150000, -20925.404297, -20925.404297, 1857378.750000, 1857378.750000, 165101.015625, -60907.082031
-3.100000, -7466.238770, -7466.238770, 1884024.750000, 1884024.750000, 159500.906250, -49064.125000
-3.050000, -24817.115234, -24817.115234, 1916512.375000, 1916512.375000, 151139.093750, -45153.917969
-3.000000, -52422.433594, -52422.433594, 1966031.875000, 1966031.875000, 175683.062500, -49039.343750
-2.950000, -44033.250000, -44033.250000, 2011373.875000, 2011373.875000, 189386.000000, -37187.285156
-2.900000, -22559.343750, -22559.343750, 2039557.125000, 2039557.125000, 186981.640625, -29346.695312
-2.850000, -26000.544922, -26000.544922, 2061550.000000, 2061550.000000, 181183.765625, -32685.669922
-2.800000, -46030.851562, -46030.851562, 2085770.500000, 2085770.500000, 174881.906250, -28783.417969
-2.750000, -63621.648438, -63621.648438, 2112812.500000, 2112812.500000, 174714.546875, -26185.164062
-2.700000, -33591.058594, -33591.058594, 2138848.750000, 2138848.750000, 178490.421875, -11283.949219
-2.650000, 43773.917969, 43773.917969, 2165184.000000, 2165184.000000, 192863.171875, 10377.615234
-2.600000, 98444.164062, 98444.164062, 2192797.750000, 2192797.750000, 208409.375000, 19645.410156
-2.550000, 110351.351562, 110351.351562, 2216360.750000, 2216360.750000, 205830.453125, 33683.171875
-2.500000, 70807.976562, 70807.976562, 2239010.000000, 2239010.000000, 190713.671875, 37549.875000
-2.450000, 20840.373047, 20840.373047, 2263569.500000, 2263569.500000, 181778.937500, 32479.345703
-2.400000, 15484.980469, 15484.980469, 2287176.750000, 2287176.750000, 182849.031250, 38569.390625
-2.350000, 9754.418945, 9754.418945, 2314453.000000, 2314453.000000, 185299.687500, 44322.867188
-2.300000, 15658.586914, 15658.586914, 2344921.500000, 2344921.500000, 192582.750000, 59893.796875
-2.250000, 29573.054688, 29573.054688, 2372483.500000, 2372483.500000, 203359.328125, 73852.125000
-2.200000, 17902.917969, 17902.917969, 2397497.000000, 2397497.000000, 203925.250000, 74145.195312
-2.150000, 31495.412109, 31495.412109, 2418314.250000, 2418314.250000, 191608.046875, 77802.835938
-2.100000, 33057.234375, 33057.234375, 2438129.750000, 2438129.750000, 189451.875000, 68359.695312
-2.050000, 75090.843750, 75090.843750, 2466557.250000, 2466557.250000, 234978.203125, 72477.929688
-2.000000, 223299.281250, 223299.281250, 2497837.500000, 2497837.500000, 304736.250000, 107029.367188
-1.950000, 250205.406250, 250205.406250, 2518595.250000, 2518595.250000, 312296.531250, 111498.156250
-1.900000, 153489.890625, 153489.890625, 2536131.000000, 2536131.000000, 241550.421875, 115807.484375
-1.850000, 110787.335938, 110787.335938, 2562137.750000, 2562137.750000, 153923.109375, 150511.312500
-1.800000, -6195.190430, -6195.190430, 2583639.000000, 2583639.000000, 73281.523438, 142566.843750
-1.750000, -161971.046875, -161971.046875, 2595291.750000, 2595291.750000, 3404.448242, 116664.945312
-1.700000, -148169.390625, -148169.390625, 2608420.000000, 2608420.000000, -20687.316406, 121467.679688
-1.650000, -59296.738281, -59296.738281, 2618882.000000, 2618882.000000, 5664.433594, 113252.585938
-1.600000, -31655.039062, -31655.039062, 2630909.750000, 2630909.750000, 23532.298828, 101208.250000
-1.550000, -33671.593750, -33671.593750, 2658359.000000, 2658359.000000, 35552.824219, 96483.226562
-1.500000, 62786.800781, 62786.800781, 2696901.750000, 2696901.750000, 116474.671875, 95051.242188
-1.450000, 263368.000000, 263368.000000, 2734875.500000, 2734875.500000, 186359.437500, 119535.898438
-1.400000, 338069.000000, 338069.000000, 2765851.500000, 2765851.500000, 160358.078125, 114855.812500
-1.350000, 319968.843750, 319968.843750, 2806043.250000, 2806043.250000, 161431.296875, 99577.304688
-1.300000, 315965.875000, 315965.875000, 2864837.250000, 2864837.250000, 188348.062500, 146129.890625
-1.250000, 70508.351562, 70508.351562, 2918940.000000, 2918940.000000, 137571.484375, 171527.031250
-1.200000, -387571.625000, -387571.625000, 2961705.500000, 2961705.500000, 73495.460938, 156168.781250
-1.150000, -761739.687500, -761739.687500, 3008340.500000, 3008340.500000, 62528.246094, 158412.609375
-1.100000, -960291.812500, -960291.812500, 3072388.500000, 3072388.500000, 123753.789062, 165649.531250
-1.050000, -863141.687500, -863141.687500, 3141122.000000, 3141122.000000, 253351.750000, 179329.734375
-1.000000, -457155.031250, -457155.031250, 3188935.000000, 3188935.000000, 396811.718750, 168629.750000
-0.950000, 81024.632812, 81024.632812, 3225948.000000, 3225948.000000, 464146.031250, 155382.125000
-0.900000, 641695.562500, 641695.562500, 3253263.750000, 3253263.750000, 365926.968750, 199500.578125
-0.850000, 1205233.250000, 1205233.250000, 3287045.500000, 3287045.500000, 227331.125000, 270893.875000
-0.800000, 1799474.125000, 1799474.125000, 3365254.750000, 3365254.750000, 191629.687500, 410036.906250
-0.750000, 2250120.750000, 2250120.750000, 3442241.250000, 3442241.250000, 136932.125000, 589584.062500
-0.700000, 2168378.750000, 2168378.750000, 3475790.250000, 3475790.250000, -60824.964844, 679055.937500
-0.650000, 1425526.750000, 1425526.750000, 3481973.500000, 3481973.500000, -377268.468750, 681314.812500
-0.600000, 384028.531250, 384028.531250, 3481596.500000, 3481596.500000, -638742.937500, 629437.875000
-0.550000, -684030.062500, -684030.062500, 3504698.000000, 3504698.000000, -721614.875000, 557476.562500
-0.500000, -1853666.750000, -1853666.750000, 3534265.000000, 3534265.000000, -667257.312500, 445885.250000
-0.450000, -2815284.750000, -2815284.750000, 3571716.000000, 3571716.000000, -425590.812500, 264696.875000
-0.400000, -3257988.750000, -3257988.750000, 3652224.250000, 3652224.250000, -43568.847656, 121539.109375
-0.350000, -3257810.500000, -3257810.500000, 3754392.500000, 3754392.500000, 350065.500000, -713.538574
-0.300000, -2706550.500000, -2706550.500000, 3868952.250000, 3868952.250000, 774300.312500, -161814.859375
-0.250000, -1688108.500000, -1688108.500000, 3984634.500000, 3984634.500000, 1147621.375000, -274242.718750
-0.200000, -285428.093750, -285428.093750, 4101282.250000, 4101282.250000, 1395578.000000, -268118.656250
-0.150000, 1442670.500000, 1442670.500000, 4231160.000000, 4231160.000000, 1497867.000000, -88154.968750
-0.100000, 3181700.250000, 3181700.250000, 4358359.000000, 4358359.000000, 1470915.250000, 277932.156250
-0.050000, 4949420.000000, 4949420.000000, 4521842.000000, 4521842.000000, 1450369.375000, 800067.937500
0.000000, 5875410.000000, 5875410.000000, 4630146.500000, 4630146.500000, 1279673.875000, 1279673.875000
0.050000, 4949420.000000, 4949420.000000, 4521842.000000, 4521842.000000, 800067.937500, 1450369.375000
0.100000, 3181700.250000, 3181700.250000, 4358359.000000, 4358359.000000, 277932.156250, 1470915.250000
0.150000, 1442670.500000, 1442670.500000, 4231160.000000, 4231160.000000, -88154.968750, 1497867.000000
0.200000, -285428.093750, -285428.093750, 4101282.250000, 4101282.250000, -268118.656250, 1395578.000000
0.250000, -1688108.500000, -1688108.500000, 3984634.500000, 3984634.500000, -274242.718750, 1147621.375000
0.300000, -2706550.500000, -2706550.500000, 3868952.250000, 3868952.250000, -161814.859375, 774300.312500
0.350000, -3257810.500000, -3257810.500000, 3754392.500000, 3754392.500000, -713.538574, 350065.500000
0.400000, -3257988.750000, -3257988.750000, 3652224.250000, 3652224.250000, 121539.109375, -43568.847656
0.450000, -2815284.750000, -2815284.750000, 3571716.000000, 3571716.000000, 264696.875000, -425590.812500
0.500000, -1853666.750000, -1853666.750000, 3534265.000000, 3534265.000000, 445885.250000, -667257.312500
0.550000, -684030.062500, -684030.062500, 3504698.000000, 3504698.000000, 557476.562500, -721614.875000
0.600000, 384028.531250, 384028.531250, 3481596.500000, 3481596.500000, 629437.875000, -638742.937500
0.650000, 1425526.750000, 1425526.750000, 3481973.500000, 3481973.500000, 681314.812500, -377268.468750
0.700000, 2168378.750000, 2168378.750000, 3475790.250000, 3475790.250000, 679055.937500, -60824.964844
0.750000, 2250120.750000, 2250120.750000, 3442241.250000, 3442241.250000, 589584.062500, 136932.125000
0.800000, 1799474.125000, 1799474.125000, 3365254.750000, 3365254.750000, 410036.906250, 191629.687500
0.850000, 1205233.250000, 1205233.250000, 3287045.500000, 3287045.500000, 270893.875000, 227331.125000
0.900000, 641695.562500, 641695.562500, 3253263.750000, 3253263.750000, 199500.578125, 365926.968750
0.950000, 81024.632812, 81024.632812, 3225948.000000, 3225948.000000, 155382.125000, 464146.031250
1.000000, -457155.031250, -457155.031250, 3188935.000000, 3188935.000000, 168629.750000, 396811.718750
1.050000, -863141.687500, -863141.687500, 3141122.000000, 3141122.000000, 179329.734375, 253351.750000
1.100000, -960291.812500, -960291.812500, 3072388.500000, 3072388.500000, 165649.531250, 123753.789062
1.150000, -761739.687500, -761739.687500, 3008340.500000, 3008340.500000, 158412.609375, 62528.246094
1.200000, -387571.625000, -387571.625000, 2961705.500000, 2961705.500000, 156168.781250, 73495.460938
1.250000, 70508.351562, 70508.351562, 2918940.000000, 2918940.000000, 171527.031250, 137571.484375
1.300000, 315965.875000, 315965.875000, 2864837.250000, 2864837.250000, 146129.890625, 188348.062500
1.350000, 319968.843750, 319968.843750, 2806043.250000, 2806043.250000, 99577.304688, 161431.296875
1.400000, 338069.000000, 338069.000000, 2765851.500000, 2765851.500000, 114855.812500, 160358.078125
1.450000, 263368.000000, 263368.000000, 2734875.500000, 2734875.500000, 119535.898438, 186359.437500
1.500000, 62786.800781, 62786.800781, 2696901.750000, 2696901.750000, 95051.242188, 116474.671875
1.550000, -33671.593750, -33671.593750, 2658359.000000, 2658359.000000, 96483.226562, 35552.824219
1.600000, -31655.039062, -31655.039062, 2630909.750000, 2630909.750000, 101208.250000, 23532.298828
1.650000, -59296.738281, -59296.738281, 2618882.000000, 2618882.000000, 113252.585938, 5664.433594
1.700000, -148169.390625, -148169.390625, 2608420.000000, 2608420.000000, 121467.679688, -20687.316406
1.750000, -161971.046875, -161971.046875, 2595291.750000, 2595291.750000, 116664.945312, 3404.448242
1.800000, -6195.190430, -6195.190430, 2583639.000000, 2583639.000000, 142566.843750, 73281.523438
1.850000, 110787.335938, 110787.335938, 2562137.750000, 2562137.750000, 150511.312500, 153923.109375
1.900000, 153489.890625, 153489.890625, 2536131.000000, 2536131.000000, 115807.484375, 241550.421875
1.950000, 250205.406250, 250205.406250, 2518595.250000, 2518595.250000, 111498.156250, 312296.531250
2.000000, 223299.281250, 223299.281250, 2497837.500000, 2497837.500000, 107029.367188, 304736.250000
2.050000, 75090.843750, 75090.843750, 2466557.250000, 2466557.250000, 72477.929688, 234978.203125
2.100000, 33057.234375, 33057.234375, 2438129.750000, 2438129.750000, 68359.695312, 189451.875000
2.150000, 31495.412109, 31495.412109, 2418314.250000, 2418314.250000, 77802.835938, 191608.046875
2.200000, 17902.917969, 17902.917969, 2397497.000000, 2397497.000000, 74145.195312, 203925.250000
2.250000, 29573.054688, 29573.054688, 2372483.500000, 2372483.500000, 73852.125000, 203359.328125
2.300000, 15658.586914, 15658.586914, 2344921.500000, 2344921.500000, 59893.796875, 192582.750000
2.350000, 9754.418945, 9754.418945, 2314453.000000, 2314453.000000, 44322.867188, 185299.687500
2.400000, 15484.980469, 15484.980469, 2287176.750000, 2287176.750000, 38569.390625, 182849.031250
2.450000, 20840.373047, 20840.373047, 2263569.500000, 2263569.500000, 32479.345703, 181778.937500
2.500000, 70807.976562, 70807.976562, 2239010.000000, 2239010.000000, 37549.875000, 190713.671875
2.550000, 110351.351562, 110351.351562, 2216360.750000, 2216360.750000, 33683.171875, 205830.453125
2.600000, 98444.164062, 98444.164062, 2192797.750000, 2192797.750000, 19645.410156, 208409.375000
2.650000, 43773.917969, 43773.917969, 2165184.000000, 2165184.000000, 10377.615234, 192863.171875
2.700000, -33591.058594, -33591.058594, 2138848.750000, 2138848.750000, -11283.949219, 178490.421875
2.750000, -63621.648438, -63621.648438, 2112812.500000, 2112812.500000, -26185.164062, 174714.546875
2.800000, -46030.851562, -46030.851562, 2085770.500000, 2085770.500000, -28783.417969, 174881.906250
2.850000, -26000.544922, -26000.544922, 2061550.000000, 2061550.000000, -32685.669922, 181183.765625
2.900000, -22559.343750, -22559.343750, 2039557.125000, 2039557.125000, -29346.695312, 186981.640625
2.950000, -44033.250000, -44033.250000, 2011373.875000, 2011373.875000, -37187.285156, 189386.000000
3.000000, -52422.433594, -52422.433594, 1966031.875000, 1966031.875000, -49039.343750, 175683.062500
3.050000, -24817.115234, -24817.115234, 1916512.375000, 1916512.375000, -45153.917969, 151139.093750
3.100000, -7466.238770, -7466.238770, 1884024.750000, 1884024.750000, -49064.125000, 159500.906250
3.150000, -20925.404297, -20925.404297, 1857378.750000, 1857378.750000, -60907.082031, 165101.015625
3.200000, -12169.346680, -12169.346680, 1830117.125000, 1830117.125000, -60193.695312, 159795.421875
3.250000, 23661.056641, 23661.056641, 1811354.875000, 1811354.875000, -58904.675781, 195577.046875
3.300000, 29608.154297, 29608.154297, 1786180.750000, 1786180.750000, -77972.703125, 209388.765625
3.350000, 12903.838867, 12903.838867, 1748160.000000, 1748160.000000, -91434.046875, 179782.203125
3.400000, -12787.227539, -12787.227539, 1719060.125000, 1719060.125000, -84355.476562, 158515.578125
3.450000, -59055.109375, -59055.109375, 1703941.750000, 1703941.750000, -93943.773438, 141916.984375
3.500000, -84265.546875, -84265.546875, 1688462.000000, 1688462.000000, -105632.726562, 136105.109375
3.550000, -67530.750000, -67530.750000, 1679306.125000, 1679306.125000, -100503.015625, 124683.882812
3.600000, -48882.539062, -48882.539062, 1691493.625000, 1691493.625000, -103867.343750, 99703.132812
3.650000, -44114.644531, -44114.644531, 1705335.125000, 1705335.125000, -110448.101562, 79791.187500
3.700000, -28755.875000, -28755.875000, 1707438.375000, 1707438.375000, -126866.617188, 54220.554688
3.750000, 4763.241211, 4763.241211, 1720100.625000, 1720100.625000, -152459.515625, 55756.683594
3.800000, 21410.513672, 21410.513672, 1748564.000000, 1748564.000000, -161759.015625, 110724.281250
3.850000, 2141.279541, 2141.279541, 1784091.750000, 1784091.750000, -175140.687500, 217508.187500
3.900000, -17951.353516, -17951.353516, 1819485.250000, 1819485.250000, -201765.828125, 368250.218750
3.950000, -22344.214844, -22344.214844, 1837705.875000, 1837705.875000, -212382.015625, 494129.031250
4.000000, -32162.062500, -32162.062500, 1833925.875000, 1833925.875000, -213102.625000, 574439.062500
4.050000, -44439.136719, -44439.136719, 1813759.750000, 1813759.750000, -222743.640625, 637375.312500
4.100000, -58168.835938, -58168.835938, 1787669.625000, 1787669.625000, -228097.250000, 660910.437500
4.150000, -87806.968750, -87806.968750, 1768731.500000, 1768731.500000, -239005.093750, 652846.875000
4.200000, -115225.726562, -115225.726562, 1753807.000000, 1753807.000000, -248392.843750, 636715.625000
4.250000, -129870.835938, -129870.835938, 1732559.750000, 1732559.750000, -224947.562500, 580439.875000
4.300000, -144099.812500, -144099.812500, 1707053.125000, 1707053.125000, -241477.109375, 486343.468750
4.350000, -135916.078125, -135916.078125, 1696613.250000, 1696613.250000, -331983.187500, 408505.781250
4.400000, -97999.546875, -97999.546875, 1697067.750000, 1697067.750000, -410737.031250, 329416.968750
4.450000, -55687.035156, -55687.035156, 1685927.375000, 1685927.375000, -451867.062500, 221314.484375
4.500000, -10496.367188, -10496.367188, 1680322.500000, 1680322.500000, -453647.906250, 162060.312500
4.550000, 2464.143066, 2464.143066, 1685883.000000, 1685883.000000, -421105.000000, 186480.734375
4.600000, -29474.664062, -29474.664062, 1689284.250000, 1689284.250000, -379017.500000, 242420.250000
4.650000, -31441.917969, -31441.917969, 1705607.375000, 1705607.375000, -309902.937500, 316463.750000
4.700000, -14458.431641, -14458.431641, 1723695.250000, 1723695.250000, -234364.484375, 395503.281250
4.750000, -34207.019531, -34207.019531, 1732138.125000, 1732138.125000, -160114.906250, 457352.343750
4.800000, -51789.390625, -51789.390625, 1744219.750000, 1744219.750000, -95760.546875, 502462.281250
4.850000, -51583.656250, -51583.656250, 1743269.750000, 1743269.750000, -121035.671875, 528224.375000
4.900000, -64090.218750, -64090.218750, 1736889.500000, 1736889.500000, -213760.843750, 534237.625000
4.950000, -86561.265625, -86561.265625, 1742127.250000, 1742127.250000, -310886.625000, 483122.656250
5.000000, -99765.742188, -99765.742188, 1733556.625000, 1733556.625000, -413169.562500, 377579.281250
5.050000, -94707.687500, -94707.687500, 1713130.750000, 1713130.750000, -508577.593750, 327595.812500
5.100000, -82981.781250, -82981.781250, 1695027.625000, 1695027.625000, -583661.312500, 350003.250000
5.150000, -81126.851562, -81126.851562, 1675782.875000, 1675782.875000, -626391.250000, 359321.906250
5.200000, -84950.242188, -84950.242188, 1655694.625000, 1655694.625000, -642928.000000, 347888.812500
5.250000, -84446.367188, -84446.367188, 1631566.500000, 1631566.500000, -630938.937500, 338058.406250
5.300000, -82880.390625, -82880.390625, 1610071.375000, 1610071.375000, -588138.375000, 331123.031250
5.350000, -82034.460938, -82034.460938, 1597828.000000, 1597828.000000, -528600.812500, 333930.031250
5.400000, -73806.656250, -73806.656250, 1604115.875000, 1604115.875000, -422043.062500, 330700.843750
5.450000, -51123.812500, -51123.812500, 1635044.000000, 1635044.000000, -277332.875000, 322015.375000
5.500000, -28601.083984, -28601.083984, 1674797.875000, 1674797.875000, -138495.750000, 328546.593750
5.550000, -23580.943359, -23580.943359, 1715259.875000, 1715259.875000, -43117.734375, 331352.218750
5.600000, -19559.687500, -19559.687500, 1741189.250000, 1741189.250000, -22517.599609, 323644.843750
5.650000, -15120.160156, -15120.160156, 1748739.375000, 1748739.375000, -34452.859375, 320137.062500
5.700000, -21169.816406, -21169.816406, 1763984.750000, 1763984.750000, -56431.964844, 316035.812500
5.750000, -22754.814453, -22754.814453, 1781075.875000, 1781075.875000, -89707.875000, 319631.812500
5.800000, -22170.853516, -22170.853516, 1781828.750000, 1781828.750000, -110147.609375, 328744.500000
5.850000, -21638.160156, -21638.160156, 1774711.375000, 1774711.375000, -123737.976562, 327336.406250
5.900000, -19907.535156, -19907.535156, 1763499.125000, 1763499.125000, -128866.406250, 324896.343750
5.950000, -29128.816406, -29128.816406, 1738669.750000, 1738669.750000, -143702.968750, 323007.281250
6.000000, -36704.085938, -36704.085938, 1705772.625000, 1705772.625000, -174786.968750, 316915.843750
6.050000, -34169.929688, -34169.929688, 1681887.625000, 1681887.625000, -170955.656250, 312062.281250
6.100000, -31690.734375, -31690.734375, 1661480.500000, 1661480.500000, -150281.750000, 307514.437500
6.150000, -30664.378906, -30664.378906, 1636072.125000, 1636072.125000, -149859.921875, 301573.781250
6.200000, -26739.875000, -26739.875000, 1614311.375000, 1614311.375000, -136724.578125, 295595.218750
6.250000, -21533.410156, -21533.410156, 1587794.000000, 1587794.000000, -120615.718750, 291545.718750
6.300000, -24924.310547, -24924.310547, 1543074.875000, 1543074.875000, -139865.687500, 284102.406250
6.350000, -30269.228516, -30269.228516, 1495176.250000, 1495176.250000, -166922.234375, 273220.687500
6.400000, -31252.976562, -31252.976562, 1458851.750000, 1458851.750000, -175154.125000, 269024.562500
6.450000, -32650.861328, -32650.861328, 1431251.875000, 1431251.875000, -169116.890625, 266510.312500
6.500000, -30494.949219, -30494.949219, 1407684.000000, 1407684.000000, -159351.171875, 261521.265625
6.550000, -29242.875000, -29242.875000, 1382839.375000, 1382839.375000, -158237.203125, 254660.328125
6.600000, -27696.435547, -27696.435547, 1357371.125000, 1357371.125000, -151975.015625, 244954.390625
6.650000, -23234.039062, -23234.039062, 1333555.625000, 1333555.625000, -146300.968750, 240847.390625
6.700000, -25142.800781, -25142.800781, 1307872.875000, 1307872.875000, -151734.859375, 236892.921875
6.750000, -27135.892578, -27135.892578, 1283306.250000, 1283306.250000, -145785.312500, 228273.203125
6.800000, -25142.812500, -25142.812500, 1260058.625000, 1260058.625000, -137845.984375, 223300.093750
6.850000, -24005.156250, -24005.156250, 1234266.375000, 1234266.375000, -136017.875000, 217768.609375
6.900000, -24676.605469, -24676.605469, 1209269.250000, 1209269.250000, -131385.828125, 212093.656250
6.950000, -24795.404297, -24795.404297, 1184644.250000, 1184644.250000, -129971.304688, 208839.234375
7.000000, -19770.968750, -19770.968750, 1159606.750000, 1159606.750000, -126126.460938, 203134.281250
7.050000, -18338.619141, -18338.619141, 1135270.500000, 1135270.500000, -123219.648438, 195029.234375
7.100000, -20375.003906, -20375.003906, 1109964.750000, 1109964.750000, -123276.953125, 184494.765625
7.150000, -18761.746094, -18761.746094, 1085764.625000, 1085764.625000, -119122.046875, 177777.531250
7.200000, -20320.744141, -20320.744141, 1061527.625000, 1061527.625000, -116571.062500, 175608.328125
7.250000, -19843.458984, -19843.458984, 1036458.062500, 1036458.062500, -112651.101562, 169980.281250
7.300000, -16970.781250, -16970.781250, 1012312.000000, 1012312.000000, -110176.343750, 163859.281250
7.350000, -18386.708984, -18386.708984, 987322.875000, 987322.875000, -109118.398438, 158826.296875
7.400000, -16751.537109, -16751.537109, 963729.500000, 963729.500000, -101693.851562, 153623.734375
7.450000, -14469.170898, -14469.170898, 939659.312500, 939659.312500, -98892.812500, 147493.562500
7.500000, -15579.481445, -15579.481445, 913793.375000, 913793.375000, -101605.164062, 140086.921875
7.550000, -16033.173828, -16033.173828, 889676.875000, 889676.875000, -102012.039062, 134573.796875
7.600000, -14718.458008, -14718.458008, 864933.500000, 864933.500000, -97905.906250, 129616.500000
7.650000, -13567.160156, -13567.160156, 841379.875000, 841379.875000, -91872.718750, 127594.734375
7.700000, -14654.273438, -14654.273438, 817068.062500, 817068.062500, -91055.453125, 125678.296875
7.750000, -12839.695312, -12839.695312, 790115.125000, 790115.125000, -90049.914062, 118889.765625
7.800000, -11214.875977, -11214.875977, 766328.500000, 766328.500000, -87243.132812, 115420.437500
7.850000, -13609.551758, -13609.551758, 741818.937500, 741818.937500, -82591.929688, 110614.929688
7.900000, -11754.015625, -11754.015625, 716805.437500, 716805.437500, -75296.382812, 101723.265625
7.950000, -9761.406250, -9761.406250, 692379.062500, 692379.062500, -74508.843750, 98956.742188
8.000000, -10523.568359, -10523.568359, 666275.375000, 666275.375000, -72146.484375, 97018.132812
8.050000, -8879.873047, -8879.873047, 643052.500000, 643052.500000, -63547.128906, 91374.937500
8.100000, -8297.063477, -8297.063477, 618374.437500, 618374.437500, -60164.050781, 86189.070312
8.150000, -8571.042969, -8571.042969, 592706.125000, 592706.125000, -60274.730469, 82403.000000
8.200000, -7999.728027, -7999.728027, 569435.937500, 569435.937500, -59171.292969, 78722.421875
8.250000, -8594.809570, -8594.809570, 543544.125000, 543544.125000, -57869.535156, 73095.640625
8.300000, -9114.725586, -9114.725586, 518201.156250, 518201.156250, -57442.078125, 67804.023438
8.350000, -7311.582520, -7311.582520, 493876.562500, 493876.562500, -52787.007812, 64374.906250
8.400000, -5043.517578, -5043.517578, 469178.437500, 469178.437500, -45884.085938, 62300.550781
8.450000, -5646.730957, -5646.730957, 443553.000000, 443553.000000, -46448.894531, 59291.929688
8.500000, -5836.094727, -5836.094727, 416506.718750, 416506.718750, -45155.921875, 53262.742188
8.550000, -4639.858887, -4639.858887, 393009.406250, 393009.406250, -41645.738281, 50300.960938
8.600000, -5368.612793, -5368.612793, 368232.250000, 368232.250000, -43485.988281, 50072.058594
8.650000, -5920.663574, -5920.663574, 341605.250000, 341605.250000, -41457.117188, 46049.410156
8.700000, -5309.116211, -5309.116211, 317719.812500, 317719.812500, -36427.984375, 41879.882812
8.750000, -4467.983887, -4467.983887, 293541.906250, 293541.906250, -29682.375000, 40653.429688
8.800000, -3396.608398, -3396.608398, 269571.875000, 269571.875000, -22393.845703, 38094.593750
8.850000, -2865.870117, -2865.870117, 243576.625000, 243576.625000, -21647.861328, 32933.246094
8.900000, -2787.396729, -2787.396729, 217656.562500, 217656.562500, -21945.193359, 27802.017578
8.950000, -2621.041016, -2621.041016, 193577.500000, 193577.500000, -20781.609375, 23225.492188
9.000000, -2109.346436, -2109.346436, 168476.046875, 168476.046875, -19441.830078, 20278.224609
9.050000, -2273.244873, -2273.244873, 144511.359375, 144511.359375, -19230.410156, 18897.296875
9.100000, -2657.766357, -2657.766357, 116314.320312, 116314.320312, -19092.228516, 15326.966797
9.150000, -1784.106934, -1784.106934, 90352.976562, 90352.976562, -13583.847656, 11630.031250
9.200000, -1179.892334, -1179.892334, 70917.125000, 70917.125000, -9086.649414, 9947.740234
9.250000, -1075.138672, -1075.138672, 40648.839844, 40648.839844, -7161.818848, 6179.132812
9.300000, -419.948029, -419.948029, 10284.998047, 10284.998047, -2693.689941, 1603.437988
