Time 1XX 1YY 2XX 2YY 1X2Y 1Y2X 
-9.250000, 0.000000, 0.000000, 0.000000, 0.000000, 0.000000, 0.000000
-9.200000, 218.857773, 218.857773, 13858.765625, 13858.765625, 1077.190552, 2815.749268
-9.150000, 660.317078, 660.317078, 54048.453125, 54048.453125, 4686.946777, 7225.125000
-9.100000, 746.681519, 746.681519, 93882.554688, 93882.554688, 8964.244141, 6943.326660
-9.050000, 620.627563, 620.627563, 120559.953125, 120559.953125, 12581.000000, 4270.477539
-9.000000, 399.148621, 399.148621, 154817.578125, 154817.578125, 16786.437500, 2083.181885
-8.950000, -31.946503, -31.946503, 189353.921875, 189353.921875, 18578.687500, 3797.367432
-8.900000, 481.926483, 481.926483, 220358.750000, 220358.750000, 19447.007812, 9621.705078
-8.850000, 1040.737793, 1040.737793, 255762.875000, 255762.875000, 23988.009766, 9715.626953
-8.800000, 769.214783, 769.214783, 287494.500000, 287494.500000, 25221.824219, 9957.977539
-8.750000, 1344.224854, 1344.224854, 319471.937500, 319471.937500, 24921.123047, 13801.481445
-8.700000, 1683.836182, 1683.836182, 353239.031250, 353239.031250, 31403.640625, 15826.829102
-8.650000, 2000.817871, 2000.817871, 386117.562500, 386117.562500, 36222.976562, 19812.599609
-8.600000, 2805.916260, 2805.916260, 420149.500000, 420149.500000, 38683.691406, 21497.310547
-8.550000, 1730.161011, 1730.161011, 451621.625000, 451621.625000, 44544.792969, 21203.583984
-8.500000, 1369.030762, 1369.030762, 484057.062500, 484057.062500, 47694.503906, 20963.900391
-8.450000, 2053.438232, 2053.438232, 517152.468750, 517152.468750, 48975.160156, 20698.556641
-8.400000, 1553.038086, 1553.038086, 548845.875000, 548845.875000, 51935.945312, 23898.134766
-8.350000, 2239.811768, 2239.811768, 582309.500000, 582309.500000, 55138.500000, 25366.871094
-8.300000, 2890.007812, 2890.007812, 614746.812500, 614746.812500, 58390.164062, 26488.498047
-8.250000, 2756.394287, 2756.394287, 647392.812500, 647392.812500, 61061.289062, 28253.904297
-8.200000, 3012.697754, 3012.697754, 680614.500000, 680614.500000, 64609.195312, 29840.558594
-8.150000, 3445.590820, 3445.590820, 712446.000000, 712446.000000, 69227.257812, 32961.691406
-8.100000, 4506.318848, 4506.318848, 745609.062500, 745609.062500, 75384.453125, 35210.406250
-8.050000, 3732.601318, 3732.601318, 779167.500000, 779167.500000, 79432.265625, 39121.937500
-8.000000, 2993.428467, 2993.428467, 812009.062500, 812009.062500, 78927.765625, 40657.492188
-7.950000, 4335.093750, 4335.093750, 845083.562500, 845083.562500, 85735.609375, 41307.023438
-7.900000, 4641.795410, 4641.795410, 878727.937500, 878727.937500, 94202.023438, 44664.167969
-7.850000, 4753.421875, 4753.421875, 912612.000000, 912612.000000, 93741.000000, 44606.601562
-7.800000, 4462.545410, 4462.545410, 945953.125000, 945953.125000, 99444.226562, 45435.062500
-7.750000, 4598.673340, 4598.673340, 979167.875000, 979167.875000, 109686.281250, 45595.285156
-7.700000, 6039.530273, 6039.530273, 1011615.750000, 1011615.750000, 114186.960938, 45779.992188
-7.650000, 5650.486816, 5650.486816, 1044528.187500, 1044528.187500, 120718.203125, 50606.128906
-7.600000, 4801.207520, 4801.207520, 1078294.125000, 1078294.125000, 124885.351562, 52232.390625
-7.550000, 5424.446289, 5424.446289, 1110569.500000, 1110569.500000, 124035.703125, 53596.957031
-7.500000, 6630.792480, 6630.792480, 1143719.250000, 1143719.250000, 129323.179688, 55232.097656
-7.450000, 6564.132324, 6564.132324, 1177321.625000, 1177321.625000, 134256.015625, 55426.085938
-7.400000, 6760.725586, 6760.725586, 1208812.875000, 1208812.875000, 134625.578125, 58083.441406
-7.350000, 7838.429199, 7838.429199, 1241801.125000, 1241801.125000, 142946.687500, 58294.335938
-7.300000, 7180.157715, 7180.157715, 1275960.875000, 1275960.875000, 153370.062500, 61209.273438
-7.250000, 7773.904297, 7773.904297, 1308171.250000, 1308171.250000, 156977.890625, 65719.703125
-7.200000, 7023.076660, 7023.076660, 1340619.125000, 1340619.125000, 159236.546875, 65457.882812
-7.150000, 5920.688477, 5920.688477, 1374169.375000, 1374169.375000, 159503.718750, 69143.757812
-7.100000, 8622.958008, 8622.958008, 1407190.375000, 1407190.375000, 161449.093750, 70236.882812
-7.050000, 8712.953125, 8712.953125, 1439981.625000, 1439981.625000, 169882.468750, 68137.203125
-7.000000, 9493.626953, 9493.626953, 1473016.750000, 1473016.750000, 177842.265625, 73570.851562
-6.950000, 9327.292969, 9327.292969, 1505698.500000, 1505698.500000, 180460.656250, 76102.414062
-6.900000, 6996.514160, 6996.514160, 1538632.750000, 1538632.750000, 183581.546875, 75862.140625
-6.850000, 10721.971680, 10721.971680, 1572326.750000, 1572326.750000, 192870.046875, 80056.554688
-6.800000, 10842.839844, 10842.839844, 1604248.125000, 1604248.125000, 196695.781250, 81316.414062
-6.750000, 8880.147461, 8880.147461, 1635633.750000, 1635633.750000, 196415.843750, 83365.515625
-6.700000, 11606.725586, 11606.725586, 1670196.875000, 1670196.875000, 207608.546875, 88260.000000
-6.650000, 11611.500977, 11611.500977, 1703834.875000, 1703834.875000, 219374.265625, 88360.070312
-6.600000, 11362.351562, 11362.351562, 1735329.375000, 1735329.375000, 224563.296875, 89429.023438
-6.550000, 11199.232422, 11199.232422, 1769007.000000, 1769007.000000, 228503.343750, 94929.492188
-6.500000, 10745.738281, 10745.738281, 1802450.875000, 1802450.875000, 231722.796875, 99246.203125
-6.450000, 12522.768555, 12522.768555, 1834736.625000, 1834736.625000, 237846.906250, 101919.250000
-6.400000, 13962.158203, 13962.158203, 1867895.750000, 1867895.750000, 242263.546875, 103901.820312
-6.350000, 13015.618164, 13015.618164, 1900366.875000, 1900366.875000, 244440.578125, 107888.812500
-6.300000, 12376.758789, 12376.758789, 1933243.875000, 1933243.875000, 251094.218750, 111528.265625
-6.250000, 15799.999023, 15799.999023, 1966199.375000, 1966199.375000, 259724.750000, 111355.453125
-6.200000, 15325.969727, 15325.969727, 1997385.500000, 1997385.500000, 260354.109375, 116504.375000
-6.150000, 13717.980469, 13717.980469, 2032861.375000, 2032861.375000, 259178.421875, 122814.562500
-6.100000, 17345.816406, 17345.816406, 2084429.000000, 2084429.000000, 274463.062500, 135076.281250
-6.050000, 20353.585938, 20353.585938, 2153651.500000, 2153651.500000, 285213.968750, 175234.609375
-6.000000, 23364.234375, 23364.234375, 2214852.750000, 2214852.750000, 284065.000000, 211637.312500
-5.950000, 22420.841797, 22420.841797, 2243252.000000, 2243252.000000, 290967.062500, 212874.250000
-5.900000, 24011.542969, 24011.542969, 2232247.500000, 2232247.500000, 288601.312500, 195732.859375
-5.850000, 22748.285156, 22748.285156, 2183645.250000, 2183645.250000, 281903.500000, 158772.031250
-5.800000, 11968.070312, 11968.070312, 2133843.750000, 2133843.750000, 281412.562500, 124247.976562
-5.750000, 16031.591797, 16031.591797, 2112067.750000, 2112067.750000, 274064.593750, 140911.203125
-5.700000, 17194.416016, 17194.416016, 2100862.250000, 2100862.250000, 268061.218750, 187178.406250
-5.650000, 17640.767578, 17640.767578, 2086023.875000, 2086023.875000, 267332.500000, 230870.531250
-5.600000, 37334.632812, 37334.632812, 2062800.125000, 2062800.125000, 278277.375000, 276118.781250
-5.550000, 41311.839844, 41311.839844, 2034308.625000, 2034308.625000, 286663.125000, 310213.093750
-5.500000, 40448.164062, 40448.164062, 2009993.375000, 2009993.375000, 281284.500000, 313615.343750
-5.450000, 38109.148438, 38109.148438, 1997152.375000, 1997152.375000, 286791.968750, 257564.765625
-5.400000, 18552.953125, 18552.953125, 1994556.875000, 1994556.875000, 288039.625000, 150799.421875
-5.350000, 1137.360352, 1137.360352, 1974760.250000, 1974760.250000, 282274.312500, 4727.546875
-5.300000, -23819.640625, -23819.640625, 1944358.375000, 1944358.375000, 285886.437500, -182564.250000
-5.250000, -39263.195312, -39263.195312, 1929958.125000, 1929958.125000, 289211.343750, -307820.062500
-5.200000, -38271.933594, -38271.933594, 1919636.250000, 1919636.250000, 291687.406250, -361422.500000
-5.150000, -34169.945312, -34169.945312, 1916174.625000, 1916174.625000, 294128.093750, -391888.593750
-5.100000, -11512.112305, -11512.112305, 1916826.875000, 1916826.875000, 305666.781250, -352329.906250
-5.050000, 3273.395996, 3273.395996, 1907038.250000, 1907038.250000, 312760.250000, -299481.750000
-5.000000, 10738.066406, 10738.066406, 1892175.375000, 1892175.375000, 312756.312500, -213231.312500
-4.950000, 21233.480469, 21233.480469, 1860638.750000, 1860638.750000, 304045.281250, -69038.734375
-4.900000, 20906.371094, 20906.371094, 1836288.000000, 1836288.000000, 293549.656250, 24415.359375
-4.850000, 33969.871094, 33969.871094, 1853815.250000, 1853815.250000, 395502.812500, 118254.710938
-4.800000, 39949.871094, 39949.871094, 1859520.500000, 1859520.500000, 542637.875000, 169639.921875
-4.750000, 5557.226074, 5557.226074, 1823579.125000, 1823579.125000, 565924.562500, 81525.445312
-4.700000, -30390.640625, -30390.640625, 1799016.375000, 1799016.375000, 546359.250000, -22571.828125
-4.650000, -31482.910156, -31482.910156, 1795060.500000, 1795060.500000, 511544.843750, -109892.375000
-4.600000, -27487.675781, -27487.675781, 1778366.875000, 1778366.875000, 409706.031250, -193115.156250
-4.550000, -22666.189453, -22666.189453, 1759844.750000, 1759844.750000, 275568.968750, -230684.140625
-4.500000, -6239.916504, -6239.916504, 1748640.250000, 1748640.250000, 119913.109375, -244071.406250
-4.450000, -16539.466797, -16539.466797, 1714663.000000, 1714663.000000, -25255.486328, -228636.546875
-4.400000, 11715.337891, 11715.337891, 1680630.625000, 1680630.625000, -66552.195312, -165245.062500
-4.350000, 71957.023438, 71957.023438, 1690906.125000, 1690906.125000, 75490.593750, -72564.781250
-4.300000, 55449.039062, 55449.039062, 1685483.125000, 1685483.125000, 259324.562500, -27888.101562
-4.250000, 29866.414062, 29866.414062, 1623827.250000, 1623827.250000, 389641.625000, -56051.570312
-4.200000, -564.343994, -564.343994, 1578051.500000, 1578051.500000, 582474.625000, -68565.992188
-4.150000, -47926.003906, -47926.003906, 1563786.250000, 1563786.250000, 693209.937500, -59765.652344
-4.100000, -49973.867188, -49973.867188, 1544367.750000, 1544367.750000, 684921.625000, -55227.191406
-4.050000, -64670.003906, -64670.003906, 1530369.250000, 1530369.250000, 702561.937500, -49549.355469
-4.000000, -69758.593750, -69758.593750, 1514457.000000, 1514457.000000, 622498.875000, -61382.695312
-3.950000, -53021.683594, -53021.683594, 1482466.125000, 1482466.125000, 470308.343750, -62972.078125
-3.900000, -33735.253906, -33735.253906, 1440534.125000, 1440534.125000, 273575.406250, -48338.851562
-3.850000, 17873.216797, 17873.216797, 1391055.375000, 1391055.375000, -4493.172852, -40119.417969
-3.800000, 39784.296875, 39784.296875, 1364297.125000, 1364297.125000, -169980.171875, -30957.953125
-3.750000, 70656.593750, 70656.593750, 1356071.875000, 1356071.875000, -258712.812500, -22474.429688
-3.700000, 69458.937500, 69458.937500, 1314784.625000, 1314784.625000, -328806.031250, -21496.882812
-3.650000, -10225.771484, -10225.771484, 1256260.875000, 1256260.875000, -280780.375000, -30957.058594
-3.600000, -5079.791992, -5079.791992, 1213329.750000, 1213329.750000, -206232.437500, -24251.718750
-3.550000, -13446.186523, -13446.186523, 1177375.250000, 1177375.250000, -148139.140625, -6053.750977
-3.500000, -78005.085938, -78005.085938, 1153659.250000, 1153659.250000, -84258.992188, -15803.398438
-3.450000, -66793.968750, -66793.968750, 1127876.500000, 1127876.500000, -43458.148438, -29845.566406
-3.400000, -82978.125000, -82978.125000, 1061285.250000, 1061285.250000, -65142.507812, -40156.023438
-3.350000, -92572.000000, -92572.000000, 967898.312500, 967898.312500, -156094.921875, -52693.445312
-3.300000, -29567.240234, -29567.240234, 912405.187500, 912405.187500, -193741.234375, -38635.214844
-3.250000, 7692.104492, 7692.104492, 929814.250000, 929814.250000, -175297.875000, -18534.861328
-3.200000, 27609.445312, 27609.445312, 998368.625000, 998368.625000, -152957.015625, -14494.234375
-3.150000, 55505.804688, 55505.804688, 1090132.000000, 1090132.000000, -78336.031250, -14809.905273
-3.100000, 58614.324219, 58614.324219, 1169116.500000, 1169116.500000, -39112.453125, -23027.019531
-3.050000, 9420.672852, 9420.672852, 1209344.375000, 1209344.375000, -62579.847656, -27513.876953
-3.000000, -15044.139648, -15044.139648, 1241292.250000, 1241292.250000, -52839.328125, -18430.009766
-2.950000, -15246.917969, -15246.917969, 1281333.875000, 1281333.875000, -37405.625000, -8220.800781
-2.900000, -82043.242188, -82043.242188, 1314886.125000, 1314886.125000, -40370.554688, -2143.163086
-2.850000, -104054.531250, -104054.531250, 1348398.750000, 1348398.750000, -44959.371094, -133.322388
-2.800000, -108107.132812, -108107.132812, 1383674.875000, 1383674.875000, -56768.000000, 3632.718506
-2.750000, -132323.187500, -132323.187500, 1418177.625000, 1418177.625000, -58312.812500, 10014.414062
-2.700000, -34118.558594, -34118.558594, 1457890.125000, 1457890.125000, -39004.589844, 21293.105469
-2.650000, 30521.505859, 30521.505859, 1496519.250000, 1496519.250000, -14534.452148, 33365.226562
-2.600000, -3283.893066, -3283.893066, 1526389.875000, 1526389.875000, -14502.901367, 18269.812500
-2.550000, 11422.226562, 11422.226562, 1554790.125000, 1554790.125000, -23291.890625, 3247.686279
-2.500000, 42592.683594, 42592.683594, 1589480.375000, 1589480.375000, -12206.199219, 22252.255859
-2.450000, 56832.921875, 56832.921875, 1625502.375000, 1625502.375000, -10200.241211, 27082.417969
-2.400000, 29779.359375, 29779.359375, 1663730.750000, 1663730.750000, -699.826538, 21382.390625
-2.350000, 26101.628906, 26101.628906, 1706801.750000, 1706801.750000, 24853.291016, 38231.253906
-2.300000, 12300.307617, 12300.307617, 1741702.250000, 1741702.250000, 13595.380859, 36933.710938
-2.250000, -70387.195312, -70387.195312, 1771480.625000, 1771480.625000, -2818.141357, 27424.800781
-2.200000, -9798.616211, -9798.616211, 1810028.250000, 1810028.250000, 11448.691406, 45508.671875
-2.150000, 21498.556641, 21498.556641, 1848354.375000, 1848354.375000, 19298.417969, 56179.300781
-2.100000, -38668.363281, -38668.363281, 1883389.500000, 1883389.500000, 6705.317871, 52851.117188
-2.050000, 44436.406250, 44436.406250, 1923450.250000, 1923450.250000, -7883.232910, 61469.535156
-2.000000, 13129.963867, 13129.963867, 1960911.750000, 1960911.750000, -14376.195312, 65202.238281
-1.950000, -20124.761719, -20124.761719, 1993030.750000, 1993030.750000, -24973.697266, 62128.671875
-1.900000, 73739.984375, 73739.984375, 2023671.250000, 2023671.250000, -28624.033203, 75165.687500
-1.850000, 14438.365234, 14438.365234, 2048696.125000, 2048696.125000, -29772.621094, 68928.031250
-1.800000, 12634.272461, 12634.272461, 2079500.250000, 2079500.250000, -16851.929688, 43747.035156
-1.750000, 100605.421875, 100605.421875, 2125889.250000, 2125889.250000, 81163.859375, 63049.164062
-1.700000, 172887.781250, 172887.781250, 2173110.000000, 2173110.000000, 196906.046875, 81487.625000
-1.650000, 218046.000000, 218046.000000, 2208079.250000, 2208079.250000, 200838.687500, 65506.656250
-1.600000, 47971.511719, 47971.511719, 2229485.000000, 2229485.000000, 30201.287109, 58595.867188
-1.550000, -199767.515625, -199767.515625, 2251253.250000, 2251253.250000, -316090.031250, 34480.949219
-1.500000, -461153.406250, -461153.406250, 2295426.000000, 2295426.000000, -669321.687500, 10204.728516
-1.450000, -587203.000000, -587203.000000, 2371364.500000, 2371364.500000, -859901.437500, 19869.429688
-1.400000, -391257.687500, -391257.687500, 2458453.500000, 2458453.500000, -817647.937500, 36158.843750
-1.350000, -139759.984375, -139759.984375, 2519378.750000, 2519378.750000, -578735.312500, 32547.425781
-1.300000, 189262.234375, 189262.234375, 2572423.500000, 2572423.500000, -215544.406250, -1651.450928
-1.250000, 614442.562500, 614442.562500, 2654474.250000, 2654474.250000, 301434.937500, 18463.679688
-1.200000, 836735.375000, 836735.375000, 2741397.250000, 2741397.250000, 778574.750000, 51760.226562
-1.150000, 623461.875000, 623461.875000, 2825363.750000, 2825363.750000, 1031720.562500, 10785.022461
-1.100000, 43769.203125, 43769.203125, 2918628.250000, 2918628.250000, 1066262.625000, 21794.050781
-1.050000, -763215.500000, -763215.500000, 3002235.250000, 3002235.250000, 696905.312500, 34597.683594
-1.000000, -1755135.750000, -1755135.750000, 3105160.750000, 3105160.750000, 81612.390625, 28921.345703
-0.950000, -2138005.750000, -2138005.750000, 3272266.500000, 3272266.500000, -394957.062500, 150391.906250
-0.900000, -1684019.125000, -1684019.125000, 3448046.750000, 3448046.750000, -735898.062500, 273060.031250
-0.850000, -859343.875000, -859343.875000, 3554935.000000, 3554935.000000, -955014.125000, 318935.218750
-0.800000, 477548.531250, 477548.531250, 3606348.500000, 3606348.500000, -1084682.875000, 303753.250000
-0.750000, 1708413.375000, 1708413.375000, 3662948.750000, 3662948.750000, -1134332.625000, 255466.875000
-0.700000, 2640231.500000, 2640231.500000, 3767270.500000, 3767270.500000, -942127.625000, 308603.062500
-0.650000, 3371603.250000, 3371603.250000, 3922487.750000, 3922487.750000, -469738.125000, 387385.281250
-0.600000, 3116787.750000, 3116787.750000, 4093097.500000, 4093097.500000, 210879.687500, 462799.031250
-0.550000, 2084194.375000, 2084194.375000, 4224662.000000, 4224662.000000, 885861.687500, 556262.562500
-0.500000, 260600.406250, 260600.406250, 4289719.500000, 4289719.500000, 1327037.375000, 559957.312500
-0.450000, -2135202.000000, -2135202.000000, 4353718.000000, 4353718.000000, 1449570.000000, 567646.750000
-0.400000, -4177714.500000, -4177714.500000, 4494801.500000, 4494801.500000, 1315548.000000, 618673.937500
-0.350000, -5583510.500000, -5583510.500000, 4682354.000000, 4682354.000000, 1196013.500000, 679213.812500
-0.300000, -5499333.000000, -5499333.000000, 4816170.500000, 4816170.500000, 1096218.125000, 706766.437500
-0.250000, -4266885.000000, -4266885.000000, 4853116.500000, 4853116.500000, 888324.812500, 553064.437500
-0.200000, -2109888.000000, -2109888.000000, 4905822.000000, 4905822.000000, 726314.750000, 442359.687500
-0.150000, 1341273.500000, 1341273.500000, 5070656.500000, 5070656.500000, 593069.625000, 560148.062500
-0.100000, 4407620.500000, 4407620.500000, 5347853.500000, 5347853.500000, 560686.375000, 723252.562500
-0.050000, 7151728.000000, 7151728.000000, 5730104.500000, 5730104.500000, 866444.312500, 964086.250000
0.000000, 8761086.000000, 8761086.000000, 5949845.000000, 5949845.000000, 1123631.500000, 1123631.500000
0.050000, 7151728.000000, 7151728.000000, 5730104.500000, 5730104.500000, 964086.250000, 866444.312500
0.100000, 4407620.500000, 4407620.500000, 5347853.500000, 5347853.500000, 723252.562500, 560686.375000
0.150000, 1341273.500000, 1341273.500000, 5070656.500000, 5070656.500000, 560148.062500, 593069.625000
0.200000, -2109888.000000, -2109888.000000, 4905822.000000, 4905822.000000, 442359.687500, 726314.750000
0.250000, -4266885.000000, -4266885.000000, 4853116.500000, 4853116.500000, 553064.437500, 888324.812500
0.300000, -5499333.000000, -5499333.000000, 4816170.500000, 4816170.500000, 706766.437500, 1096218.125000
0.350000, -5583510.500000, -5583510.500000, 4682354.000000, 4682354.000000, 679213.812500, 1196013.500000
0.400000, -4177714.500000, -4177714.500000, 4494801.500000, 4494801.500000, 618673.937500, 1315548.000000
0.450000, -2135202.000000, -2135202.000000, 4353718.000000, 4353718.000000, 567646.750000, 1449570.000000
0.500000, 260600.406250, 260600.406250, 4289719.500000, 4289719.500000, 559957.312500, 1327037.375000
0.550000, 2084194.375000, 2084194.375000, 4224662.000000, 4224662.000000, 556262.562500, 885861.687500
0.600000, 3116787.750000, 3116787.750000, 4093097.500000, 4093097.500000, 462799.031250, 210879.687500
0.650000, 3371603.250000, 3371603.250000, 3922487.750000, 3922487.750000, 387385.281250, -469738.125000
0.700000, 2640231.500000, 2640231.500000, 3767270.500000, 3767270.500000, 308603.062500, -942127.625000
0.750000, 1708413.375000, 1708413.375000, 3662948.750000, 3662948.750000, 255466.875000, -1134332.625000
0.800000, 477548.531250, 477548.531250, 3606348.500000, 3606348.500000, 303753.250000, -1084682.875000
0.850000, -859343.875000, -859343.875000, 3554935.000000, 3554935.000000, 318935.218750, -955014.125000
0.900000, -1684019.125000, -1684019.125000, 3448046.750000, 3448046.750000, 273060.031250, -735898.062500
0.950000, -2138005.750000, -2138005.750000, 3272266.500000, 3272266.500000, 150391.906250, -394957.062500
1.000000, -1755135.750000, -1755135.750000, 3105160.750000, 3105160.750000, 28921.345703, 81612.390625
1.050000, -763215.500000, -763215.500000, 3002235.250000, 3002235.250000, 34597.683594, 696905.312500
1.100000, 43769.203125, 43769.203125, 2918628.250000, 2918628.250000, 21794.050781, 1066262.625000
1.150000, 623461.875000, 623461.875000, 2825363.750000, 2825363.750000, 10785.022461, 1031720.562500
1.200000, 836735.375000, 836735.375000, 2741397.250000, 2741397.250000, 51760.226562, 778574.750000
1.250000, 614442.562500, 614442.562500, 2654474.250000, 2654474.250000, 18463.679688, 301434.937500
1.300000, 189262.234375, 189262.234375, 2572423.500000, 2572423.500000, -1651.450928, -215544.406250
1.350000, -139759.984375, -139759.984375, 2519378.750000, 2519378.750000, 32547.425781, -578735.312500
1.400000, -391257.687500, -391257.687500, 2458453.500000, 2458453.500000, 36158.843750, -817647.937500
1.450000, -587203.000000, -587203.000000, 2371364.500000, 2371364.500000, 19869.429688, -859901.437500
1.500000, -461153.406250, -461153.406250, 2295426.000000, 2295426.000000, 10204.728516, -669321.687500
1.550000, -199767.515625, -199767.515625, 2251253.250000, 2251253.250000, 34480.949219, -316090.031250
1.600000, 47971.511719, 47971.511719, 2229485.000000, 2229485.000000, 58595.867188, 30201.287109
1.650000, 218046.000000, 218046.000000, 2208079.250000, 2208079.250000, 65506.656250, 200838.687500
1.700000, 172887.781250, 172887.781250, 2173110.000000, 2173110.000000, 81487.625000, 196906.046875
1.750000, 100605.421875, 100605.421875, 2125889.250000, 2125889.250000, 63049.164062, 81163.859375
1.800000, 12634.272461, 12634.272461, 2079500.250000, 2079500.250000, 43747.035156, -16851.929688
1.850000, 14438.365234, 14438.365234, 2048696.125000, 2048696.125000, 68928.031250, -29772.621094
1.900000, 73739.984375, 73739.984375, 2023671.250000, 2023671.250000, 75165.687500, -28624.033203
1.950000, -20124.761719, -20124.761719, 1993030.750000, 1993030.750000, 62128.671875, -24973.697266
2.000000, 13129.963867, 13129.963867, 1960911.750000, 1960911.750000, 65202.238281, -14376.195312
2.050000, 44436.406250, 44436.406250, 1923450.250000, 1923450.250000, 61469.535156, -7883.232910
2.100000, -38668.363281, -38668.363281, 1883389.500000, 1883389.500000, 52851.117188, 6705.317871
2.150000, 21498.556641, 21498.556641, 1848354.375000, 1848354.375000, 56179.300781, 19298.417969
2.200000, -9798.616211, -9798.616211, 1810028.250000, 1810028.250000, 45508.671875, 11448.691406
2.250000, -70387.195312, -70387.195312, 1771480.625000, 1771480.625000, 27424.800781, -2818.141357
2.300000, 12300.307617, 12300.307617, 1741702.250000, 1741702.250000, 36933.710938, 13595.380859
2.350000, 26101.628906, 26101.628906, 1706801.750000, 1706801.750000, 38231.253906, 24853.291016
2.400000, 29779.359375, 29779.359375, 1663730.750000, 1663730.750000, 21382.390625, -699.826538
2.450000, 56832.921875, 56832.921875, 1625502.375000, 1625502.375000, 27082.417969, -10200.241211
2.500000, 42592.683594, 42592.683594, 1589480.375000, 1589480.375000, 22252.255859, -12206.199219
2.550000, 11422.226562, 11422.226562, 1554790.125000, 1554790.125000, 3247.686279, -23291.890625
2.600000, -3283.893066, -3283.893066, 1526389.875000, 1526389.875000, 18269.812500, -14502.901367
2.650000, 30521.505859, 30521.505859, 1496519.250000, 1496519.250000, 33365.226562, -14534.452148
2.700000, -34118.558594, -34118.558594, 1457890.125000, 1457890.125000, 21293.105469, -39004.589844
2.750000, -132323.187500, -132323.187500, 1418177.625000, 1418177.625000, 10014.414062, -58312.812500
2.800000, -108107.132812, -108107.132812, 1383674.875000, 1383674.875000, 3632.718506, -56768.000000
2.850000, -104054.531250, -104054.531250, 1348398.750000, 1348398.750000, -133.322388, -44959.371094
2.900000, -82043.242188, -82043.242188, 1314886.125000, 1314886.125000, -2143.163086, -40370.554688
2.950000, -15246.917969, -15246.917969, 1281333.875000, 1281333.875000, -8220.800781, -37405.625000
3.000000, -15044.139648, -15044.139648, 1241292.250000, 1241292.250000, -18430.009766, -52839.328125
3.050000, 9420.672852, 9420.672852, 1209344.375000, 1209344.375000, -27513.876953, -62579.847656
3.100000, 58614.324219, 58614.324219, 1169116.500000, 1169116.500000, -23027.019531, -39112.453125
3.150000, 55505.804688, 55505.804688, 1090132.000000, 1090132.000000, -14809.905273, -78336.031250
3.200000, 27609.445312, 27609.445312, 998368.625000, 998368.625000, -14494.234375, -152957.015625
3.250000, 7692.104492, 7692.104492, 929814.250000, 929814.250000, -18534.861328, -175297.875000
3.300000, -29567.240234, -29567.240234, 912405.187500, 912405.187500, -38635.214844, -193741.234375
3.350000, -92572.000000, -92572.000000, 967898.312500, 967898.312500, -52693.445312, -156094.921875
3.400000, -82978.125000, -82978.125000, 1061285.250000, 1061285.250000, -40156.023438, -65142.507812
3.450000, -66793.968750, -66793.968750, 1127876.500000, 1127876.500000, -29845.566406, -43458.148438
3.500000, -78005.085938, -78005.085938, 1153659.250000, 1153659.250000, -15803.398438, -84258.992188
3.550000, -13446.186523, -13446.186523, 1177375.250000, 1177375.250000, -6053.750977, -148139.140625
3.600000, -5079.791992, -5079.791992, 1213329.750000, 1213329.750000, -24251.718750, -206232.437500
3.650000, -10225.771484, -10225.771484, 1256260.875000, 1256260.875000, -30957.058594, -280780.375000
3.700000, 69458.937500, 69458.937500, 1314784.625000, 1314784.625000, -21496.882812, -328806.031250
3.750000, 70656.593750, 70656.593750, 1356071.875000, 1356071.875000, -22474.429688, -258712.812500
3.800000, 39784.296875, 39784.296875, 1364297.125000, 1364297.125000, -30957.953125, -169980.171875
3.850000, 17873.216797, 17873.216797, 1391055.375000, 1391055.375000, -40119.417969, -4493.172852
3.900000, -33735.253906, -33735.253906, 1440534.125000, 1440534.125000, -48338.851562, 273575.406250
3.950000, -53021.683594, -53021.683594, 1482466.125000, 1482466.125000, -62972.078125, 470308.343750
4.000000, -69758.593750, -69758.593750, 1514457.000000, 1514457.000000, -61382.695312, 622498.875000
4.050000, -64670.003906, -64670.003906, 1530369.250000, 1530369.250000, -49549.355469, 702561.937500
4.100000, -49973.867188, -49973.867188, 1544367.750000, 1544367.750000, -55227.191406, 684921.625000
4.150000, -47926.003906, -47926.003906, 1563786.250000, 1563786.250000, -59765.652344, 693209.937500
4.200000, -564.343994, -564.343994, 1578051.500000, 1578051.500000, -68565.992188, 582474.625000
4.250000, 29866.414062, 29866.414062, 1623827.250000, 1623827.250000, -56051.570312, 389641.625000
4.300000, 55449.039062, 55449.039062, 1685483.125000, 1685483.125000, -27888.101562, 259324.562500
4.350000, 71957.023438, 71957.023438, 1690906.125000, 1690906.125000, -72564.781250, 75490.593750
4.400000, 11715.337891, 11715.337891, 1680630.625000, 1680630.625000, -165245.062500, -66552.195312
4.450000, -16539.466797, -16539.466797, 1714663.000000, 1714663.000000, -228636.546875, -25255.486328
4.500000, -6239.916504, -6239.916504, 1748640.250000, 1748640.250000, -244071.406250, 119913.109375
4.550000, -22666.189453, -22666.189453, 1759844.750000, 1759844.750000, -230684.140625, 275568.968750
4.600000, -27487.675781, -27487.675781, 1778366.875000, 1778366.875000, -193115.156250, 409706.031250
4.650000, -31482.910156, -31482.910156, 1795060.500000, 1795060.500000, -109892.375000, 511544.843750
4.700000, -30390.640625, -30390.640625, 1799016.375000, 1799016.375000, -22571.828125, 546359.250000
4.750000, 5557.226074, 5557.226074, 1823579.125000, 1823579.125000, 81525.445312, 565924.562500
4.800000, 39949.871094, 39949.871094, 1859520.500000, 1859520.500000, 169639.921875, 542637.875000
4.850000, 33969.871094, 33969.871094, 1853815.250000, 1853815.250000, 118254.710938, 395502.812500
4.900000, 20906.371094, 20906.371094, 1836288.000000, 1836288.000000, 24415.359375, 293549.656250
4.950000, 21233.480469, 21233.480469, 1860638.750000, 1860638.750000, -69038.734375, 304045.281250
5.000000, 10738.066406, 10738.066406, 1892175.375000, 1892175.375000, -213231.312500, 312756.312500
5.050000, 3273.395996, 3273.395996, 1907038.250000, 1907038.250000, -299481.750000, 312760.250000
5.100000, -11512.112305, -11512.112305, 1916826.875000, 1916826.875000, -352329.906250, 305666.781250
5.150000, -34169.945312, -34169.945312, 1916174.625000, 1916174.625000, -391888.593750, 294128.093750
5.200000, -38271.933594, -38271.933594, 1919636.250000, 1919636.250000, -361422.500000, 291687.406250
5.250000, -39263.195312, -39263.195312, 1929958.125000, 1929958.125000, -307820.062500, 289211.343750
5.300000, -23819.640625, -23819.640625, 1944358.375000, 1944358.375000, -182564.250000, 285886.437500
5.350000, 1137.360352, 1137.360352, 1974760.250000, 1974760.250000, 4727.546875, 282274.312500
5.400000, 18552.953125, 18552.953125, 1994556.875000, 1994556.875000, 150799.421875, 288039.625000
5.450000, 38109.148438, 38109.148438, 1997152.375000, 1997152.375000, 257564.765625, 286791.968750
5.500000, 40448.164062, 40448.164062, 2009993.375000, 2009993.375000, 313615.343750, 281284.500000
5.550000, 41311.839844, 41311.839844, 2034308.625000, 2034308.625000, 310213.093750, 286663.125000
5.600000, 37334.632812, 37334.632812, 2062800.125000, 2062800.125000, 276118.781250, 278277.375000
5.650000, 17640.767578, 17640.767578, 2086023.875000, 2086023.875000, 230870.531250, 267332.500000
5.700000, 17194.416016, 17194.416016, 2100862.250000, 2100862.250000, 187178.406250, 268061.218750
5.750000, 16031.591797, 16031.591797, 2112067.750000, 2112067.750000, 140911.203125, 274064.593750
5.800000, 11968.070312, 11968.070312, 2133843.750000, 2133843.750000, 124247.976562, 281412.562500
5.850000, 22748.285156, 22748.285156, 2183645.250000, 2183645.250000, 158772.031250, 281903.500000
5.900000, 24011.542969, 24011.542969, 2232247.500000, 2232247.500000, 195732.859375, 288601.312500
5.950000, 22420.841797, 22420.841797, 2243252.000000, 2243252.000000, 212874.250000, 290967.062500
6.000000, 23364.234375, 23364.234375, 2214852.750000, 2214852.750000, 211637.312500, 284065.000000
6.050000, 20353.585938, 20353.585938, 2153651.500000, 2153651.500000, 175234.609375, 285213.968750
6.100000, 17345.816406, 17345.816406, 2084429.000000, 2084429.000000, 135076.281250, 274463.062500
6.150000, 13717.980469, 13717.980469, 2032861.375000, 2032861.375000, 122814.562500, 259178.421875
6.200000, 15325.969727, 15325.969727, 1997385.500000, 1997385.500000, 116504.375000, 260354.109375
6.250000, 15799.999023, 15799.999023, 1966199.375000, 1966199.375000, 111355.453125, 259724.750000
6.300000, 12376.758789, 12376.758789, 1933243.875000, 1933243.875000, 111528.265625, 251094.218750
6.350000, 13015.618164, 13015.618164, 1900366.875000, 1900366.875000, 107888.812500, 244440.578125
6.400000, 13962.158203, 13962.158203, 1867895.750000, 1867895.750000, 103901.820312, 242263.546875
6.450000, 12522.768555, 12522.768555, 1834736.625000, 1834736.625000, 101919.250000, 237846.906250
6.500000, 10745.738281, 10745.738281, 1802450.875000, 1802450.875000, 99246.203125, 231722.796875
6.550000, 11199.232422, 11199.232422, 1769007.000000, 1769007.000000, 94929.492188, 228503.343750
6.600000, 11362.351562, 11362.351562, 1735329.375000, 1735329.375000, 89429.023438, 224563.296875
6.650000, 11611.500977, 11611.500977, 1703834.875000, 1703834.875000, 88360.070312, 219374.265625
6.700000, 11606.725586, 11606.725586, 1670196.875000, 1670196.875000, 88260.000000, 207608.546875
6.750000, 8880.147461, 8880.147461, 1635633.750000, 1635633.750000, 83365.515625, 196415.843750
6.800000, 10842.839844, 10842.839844, 1604248.125000, 1604248.125000, 81316.414062, 196695.781250
6.850000, 10721.971680, 10721.971680, 1572326.750000, 1572326.750000, 80056.554688, 192870.046875
6.900000, 6996.514160, 6996.514160, 1538632.750000, 1538632.750000, 75862.140625, 183581.546875
6.950000, 9327.292969, 9327.292969, 1505698.500000, 1505698.500000, 76102.414062, 180460.656250
7.000000, 9493.626953, 9493.626953, 1473016.750000, 1473016.750000, 73570.851562, 177842.265625
7.050000, 8712.953125, 8712.953125, 1439981.625000, 1439981.625000, 68137.203125, 169882.468750
7.100000, 8622.958008, 8622.958008, 1407190.375000, 1407190.375000, 70236.882812, 161449.093750
7.150000, 5920.688477, 5920.688477, 1374169.375000, 1374169.375000, 69143.757812, 159503.718750
7.200000, 7023.076660, 7023.076660, 1340619.125000, 1340619.125000, 65457.882812, 159236.546875
7.250000, 7773.904297, 7773.904297, 1308171.250000, 1308171.250000, 65719.703125, 156977.890625
7.300000, 7180.157715, 7180.157715, 1275960.875000, 1275960.875000, 61209.273438, 153370.062500
7.350000, 7838.429199, 7838.429199, 1241801.125000, 1241801.125000, 58294.335938, 142946.687500
7.400000, 6760.725586, 6760.725586, 1208812.875000, 1208812.875000, 58083.441406, 134625.578125
7.450000, 6564.132324, 6564.132324, 1177321.625000, 1177321.625000, 55426.085938, 134256.015625
7.500000, 6630.792480, 6630.792480, 1143719.250000, 1143719.250000, 55232.097656, 129323.179688
7.550000, 5424.446289, 5424.446289, 1110569.500000, 1110569.500000, 53596.957031, 124035.703125
7.600000, 4801.207520, 4801.207520, 1078294.125000, 1078294.125000, 52232.390625, 124885.351562
7.650000, 5650.486816, 5650.486816, 1044528.187500, 1044528.187500, 50606.128906, 120718.203125
7.700000, 6039.530273, 6039.530273, 1011615.750000, 1011615.750000, 45779.992188, 114186.960938
7.750000, 4598.673340, 4598.673340, 979167.875000, 979167.875000, 45595.285156, 109686.281250
7.800000, 4462.545410, 4462.545410, 945953.125000, 945953.125000, 45435.062500, 99444.226562
7.850000, 4753.421875, 4753.421875, 912612.000000, 912612.000000, 44606.601562, 93741.000000
7.900000, 4641.795410, 4641.795410, 878727.937500, 878727.937500, 44664.167969, 94202.023438
7.950000, 4335.093750, 4335.093750, 845083.562500, 845083.562500, 41307.023438, 85735.609375
8.000000, 2993.428467, 2993.428467, 812009.062500, 812009.062500, 40657.492188, 78927.765625
8.050000, 3732.601318, 3732.601318, 779167.500000, 779167.500000, 39121.937500, 79432.265625
8.100000, 4506.318848, 4506.318848, 745609.062500, 745609.062500, 35210.406250, 75384.453125
8.150000, 3445.590820, 3445.590820, 712446.000000, 712446.000000, 32961.691406, 69227.257812
8.200000, 3012.697754, 3012.697754, 680614.500000, 680614.500000, 29840.558594, 64609.195312
8.250000, 2756.394287, 2756.394287, 647392.812500, 647392.812500, 28253.904297, 61061.289062
8.300000, 2890.007812, 2890.007812, 614746.812500, 614746.812500, 26488.498047, 58390.164062
8.350000, 2239.811768, 2239.811768, 582309.500000, 582309.500000, 25366.871094, 55138.500000
8.400000, 1553.038086, 1553.038086, 548845.875000, 548845.875000, 23898.134766, 51935.945312
8.450000, 2053.438232, 2053.438232, 517152.468750, 517152.468750, 20698.556641, 48975.160156
8.500000, 1369.030762, 1369.030762, 484057.062500, 484057.062500, 20963.900391, 47694.503906
8.550000, 1730.161011, 1730.161011, 451621.625000, 451621.625000, 21203.583984, 44544.792969
8.600000, 2805.916260, 2805.916260, 420149.500000, 420149.500000, 21497.310547, 38683.691406
8.650000, 2000.817871, 2000.817871, 386117.562500, 386117.562500, 19812.599609, 36222.976562
8.700000, 1683.836182, 1683.836182, 353239.031250, 353239.031250, 15826.829102, 31403.640625
8.750000, 1344.224854, 1344.224854, 319471.937500, 319471.937500, 13801.481445, 24921.123047
8.800000, 769.214783, 769.214783, 287494.500000, 287494.500000, 9957.977539, 25221.824219
8.850000, 1040.737793, 1040.737793, 255762.875000, 255762.875000, 9715.626953, 23988.009766
8.900000, 481.926483, 481.926483, 220358.750000, 220358.750000, 9621.705078, 19447.007812
8.950000, -31.946503, -31.946503, 189353.921875, 189353.921875, 3797.367432, 18578.687500
9.000000, 399.148621, 399.148621, 154817.578125, 154817.578125, 2083.181885, 16786.437500
9.050000, 620.627563, 620.627563, 120559.953125, 120559.953125, 4270.477539, 12581.000000
9.100000, 746.681519, 746.681519, 93882.554688, 93882.554688, 6943.326660, 8964.244141
9.150000, 660.317078, 660.317078, 54048.453125, 54048.453125, 7225.125000, 4686.946777
9.200000, 218.857773, 218.857773, 13858.765625, 13858.765625, 2815.749268, 1077.190552
