Time 1XX 1YY 2XX 2YY 1X2Y 1Y2X 
-8.900000, 0.000000, 0.000000, 0.000000, 0.000000, 0.000000, 0.000000
-8.850000, 61.759384, 61.759384, 15027.730469, 15027.730469, 8491.920898, 109.292519
-8.800000, 487.233582, 487.233582, 58455.429688, 58455.429688, 33057.816406, 861.903320
-8.750000, 868.503235, 868.503235, 100971.718750, 100971.718750, 55336.031250, 1557.783936
-8.700000, 1732.239502, 1732.239502, 128570.000000, 128570.000000, 64917.035156, 3256.199219
-8.650000, 2843.536133, 2843.536133, 164558.484375, 164558.484375, 79234.593750, 5421.064453
-8.600000, 528.830811, 528.830811, 202921.000000, 202921.000000, 99707.890625, 1617.811523
-8.550000, -1657.470825, -1657.470825, 238175.000000, 238175.000000, 117325.406250, -1731.199707
-8.500000, 111.055908, 111.055908, 275142.125000, 275142.125000, 133218.859375, 574.651855
-8.450000, 328.913940, 328.913940, 308538.906250, 308538.906250, 150544.921875, -588.328369
-8.400000, 508.643433, 508.643433, 344554.437500, 344554.437500, 167826.156250, 687.020020
-8.350000, 1585.463989, 1585.463989, 379510.718750, 379510.718750, 180693.875000, 3348.468262
-8.300000, -123.247803, -123.247803, 412697.093750, 412697.093750, 196310.281250, -638.065918
-8.250000, -1784.696533, -1784.696533, 448513.656250, 448513.656250, 214182.406250, -2017.672119
-8.200000, -1760.014648, -1760.014648, 481487.593750, 481487.593750, 228514.250000, -1948.686035
-8.150000, -774.894348, -774.894348, 517469.812500, 517469.812500, 246005.890625, -3253.581543
-8.100000, -2590.624023, -2590.624023, 552983.437500, 552983.437500, 262921.218750, -5343.512695
-8.050000, -4384.384766, -4384.384766, 585103.500000, 585103.500000, 278166.812500, -7699.338379
-8.000000, -2896.789795, -2896.789795, 619589.375000, 619589.375000, 295272.343750, -7309.353027
-7.950000, -5321.488281, -5321.488281, 653653.687500, 653653.687500, 310430.718750, -10660.931641
-7.900000, -6523.048828, -6523.048828, 690323.937500, 690323.937500, 326941.656250, -12230.456055
-7.850000, -4942.471680, -4942.471680, 726722.187500, 726722.187500, 346778.812500, -11159.542969
-7.800000, -6415.915039, -6415.915039, 760964.000000, 760964.000000, 365355.812500, -13807.412109
-7.750000, -7153.274902, -7153.274902, 796176.312500, 796176.312500, 376458.562500, -14185.580078
-7.700000, -7904.379883, -7904.379883, 829255.687500, 829255.687500, 389853.781250, -16704.087891
-7.650000, -9376.887695, -9376.887695, 864315.500000, 864315.500000, 414150.406250, -20283.132812
-7.600000, -11772.636719, -11772.636719, 900497.062500, 900497.062500, 433981.343750, -22132.101562
-7.550000, -10841.916016, -10841.916016, 935196.687500, 935196.687500, 449628.906250, -23304.261719
-7.500000, -8111.286133, -8111.286133, 969897.250000, 969897.250000, 465718.187500, -21469.445312
-7.450000, -13350.935547, -13350.935547, 1003916.250000, 1003916.250000, 482260.156250, -26379.947266
-7.400000, -16772.183594, -16772.183594, 1039682.750000, 1039682.750000, 503621.937500, -33323.164062
-7.350000, -15954.694336, -15954.694336, 1077027.375000, 1077027.375000, 520949.781250, -32903.160156
-7.300000, -5931.987305, -5931.987305, 1129396.500000, 1129396.500000, 546027.750000, -14900.121094
-7.250000, 26393.222656, 26393.222656, 1206368.625000, 1206368.625000, 587411.500000, 38856.390625
-7.200000, 50042.132812, 50042.132812, 1275414.250000, 1275414.250000, 620030.250000, 86493.937500
-7.150000, 35318.250000, 35318.250000, 1306490.625000, 1306490.625000, 628443.062500, 74035.773438
-7.100000, 4970.968750, 4970.968750, 1313110.000000, 1313110.000000, 621918.125000, 32882.320312
-7.050000, -8737.316406, -8737.316406, 1317027.250000, 1317027.250000, 624099.625000, 2373.687500
-7.000000, -682.492676, -682.492676, 1322317.750000, 1322317.750000, 632746.562500, -3309.382812
-6.950000, 19198.152344, 19198.152344, 1334527.750000, 1334527.750000, 639387.812500, 28125.841797
-6.900000, 41775.523438, 41775.523438, 1351940.625000, 1351940.625000, 652688.812500, 67731.093750
-6.850000, 49736.304688, 49736.304688, 1358030.125000, 1358030.125000, 656429.625000, 89903.218750
-6.800000, 35171.117188, 35171.117188, 1375698.000000, 1375698.000000, 662045.437500, 87569.125000
-6.750000, 27148.599609, 27148.599609, 1430105.875000, 1430105.875000, 691728.312500, 77988.585938
-6.700000, 27464.472656, 27464.472656, 1467794.250000, 1467794.250000, 709046.375000, 69203.640625
-6.650000, 19869.750000, 19869.750000, 1468711.000000, 1468711.000000, 704667.312500, 46990.769531
-6.600000, 40300.304688, 40300.304688, 1480243.375000, 1480243.375000, 707800.437500, 76162.781250
-6.550000, 79328.781250, 79328.781250, 1497749.250000, 1497749.250000, 720248.062500, 142000.218750
-6.500000, 102715.250000, 102715.250000, 1512340.500000, 1512340.500000, 729938.875000, 189531.234375
-6.450000, 127082.921875, 127082.921875, 1532925.625000, 1532925.625000, 737857.562500, 259614.718750
-6.400000, 128253.437500, 128253.437500, 1540310.750000, 1540310.750000, 748166.125000, 275744.187500
-6.350000, 75356.796875, 75356.796875, 1528745.375000, 1528745.375000, 736617.250000, 185908.265625
-6.300000, 3347.953125, 3347.953125, 1510692.500000, 1510692.500000, 715872.750000, 65543.421875
-6.250000, -39934.734375, -39934.734375, 1506674.000000, 1506674.000000, 725885.562500, -52246.015625
-6.200000, -65796.828125, -65796.828125, 1520107.125000, 1520107.125000, 734638.250000, -132864.687500
-6.150000, -96640.578125, -96640.578125, 1533346.875000, 1533346.875000, 736429.062500, -182339.703125
-6.100000, -106726.734375, -106726.734375, 1548997.125000, 1548997.125000, 756995.187500, -227850.062500
-6.050000, -105545.843750, -105545.843750, 1572543.000000, 1572543.000000, 772724.562500, -241297.218750
-6.000000, -101965.828125, -101965.828125, 1596875.000000, 1596875.000000, 783409.562500, -222507.765625
-5.950000, -78551.820312, -78551.820312, 1619530.625000, 1619530.625000, 798427.750000, -178466.078125
-5.900000, -49808.058594, -49808.058594, 1646144.500000, 1646144.500000, 812375.000000, -112399.585938
-5.850000, 722.316406, 722.316406, 1678836.625000, 1678836.625000, 828001.062500, -22409.828125
-5.800000, 76623.484375, 76623.484375, 1715980.125000, 1715980.125000, 848521.562500, 106093.242188
-5.750000, 131478.203125, 131478.203125, 1747331.750000, 1747331.750000, 864977.312500, 218174.468750
-5.700000, 144932.125000, 144932.125000, 1758823.000000, 1758823.000000, 853125.875000, 274621.968750
-5.650000, 141717.000000, 141717.000000, 1770107.625000, 1770107.625000, 850170.625000, 302366.562500
-5.600000, 151768.171875, 151768.171875, 1798214.750000, 1798214.750000, 882383.875000, 312449.000000
-5.550000, 135580.625000, 135580.625000, 1822764.625000, 1822764.625000, 895121.750000, 295595.156250
-5.500000, 101420.742188, 101420.742188, 1839306.500000, 1839306.500000, 895376.687500, 247780.312500
-5.450000, 96522.867188, 96522.867188, 1860363.625000, 1860363.625000, 909653.687500, 201194.140625
-5.400000, 70810.578125, 70810.578125, 1886915.750000, 1886915.750000, 924531.125000, 162610.828125
-5.350000, 55555.265625, 55555.265625, 1915460.875000, 1915460.875000, 945082.375000, 136656.984375
-5.300000, 75101.859375, 75101.859375, 1941506.250000, 1941506.250000, 965615.062500, 139580.781250
-5.250000, 87853.226562, 87853.226562, 1973221.500000, 1973221.500000, 987753.125000, 161912.593750
-5.200000, 126566.531250, 126566.531250, 2013124.375000, 2013124.375000, 999300.875000, 231737.984375
-5.150000, 142276.906250, 142276.906250, 2047287.250000, 2047287.250000, 994041.437500, 305314.500000
-5.100000, 136785.765625, 136785.765625, 2082090.125000, 2082090.125000, 1014770.375000, 337382.687500
-5.050000, 160161.046875, 160161.046875, 2117482.750000, 2117482.750000, 1041623.250000, 363164.718750
-5.000000, 171415.296875, 171415.296875, 2145427.000000, 2145427.000000, 1052653.625000, 373232.781250
-4.950000, 189719.937500, 189719.937500, 2181150.750000, 2181150.750000, 1076428.000000, 397064.656250
-4.900000, 195952.234375, 195952.234375, 2225150.500000, 2225150.500000, 1107791.000000, 434244.812500
-4.850000, 205138.718750, 205138.718750, 2266232.750000, 2266232.750000, 1142930.625000, 450044.218750
-4.800000, 228778.218750, 228778.218750, 2300997.750000, 2300997.750000, 1162510.500000, 472626.125000
-4.750000, 204798.359375, 204798.359375, 2334093.000000, 2334093.000000, 1168378.500000, 487786.625000
-4.700000, 222369.828125, 222369.828125, 2373937.500000, 2373937.500000, 1196297.000000, 501553.968750
-4.650000, 268633.687500, 268633.687500, 2412230.500000, 2412230.500000, 1222316.875000, 525019.125000
-4.600000, 287504.437500, 287504.437500, 2448700.250000, 2448700.250000, 1242524.875000, 540468.937500
-4.550000, 321384.750000, 321384.750000, 2487347.000000, 2487347.000000, 1265111.500000, 562086.937500
-4.500000, 308035.062500, 308035.062500, 2522279.250000, 2522279.250000, 1274803.750000, 575033.062500
-4.450000, 289750.312500, 289750.312500, 2558633.000000, 2558633.000000, 1293322.875000, 586016.625000
-4.400000, 297487.562500, 297487.562500, 2596581.500000, 2596581.500000, 1317541.875000, 610927.875000
-4.350000, 286594.562500, 286594.562500, 2633856.250000, 2633856.250000, 1334723.750000, 630738.500000
-4.300000, 290041.437500, 290041.437500, 2671854.250000, 2671854.250000, 1344439.375000, 648418.250000
-4.250000, 286532.312500, 286532.312500, 2709175.500000, 2709175.500000, 1351365.125000, 664770.125000
-4.200000, 311408.843750, 311408.843750, 2747820.500000, 2747820.500000, 1377417.125000, 686046.250000
-4.150000, 335126.843750, 335126.843750, 2784373.750000, 2784373.750000, 1390915.375000, 711599.437500
-4.100000, 325892.750000, 325892.750000, 2820893.250000, 2820893.250000, 1403469.000000, 731339.875000
-4.050000, 387471.500000, 387471.500000, 2860892.000000, 2860892.000000, 1455555.000000, 755440.562500
-4.000000, 414596.937500, 414596.937500, 2898940.750000, 2898940.750000, 1478518.375000, 778353.187500
-3.950000, 384500.906250, 384500.906250, 2938546.500000, 2938546.500000, 1479318.500000, 799151.125000
-3.900000, 404394.187500, 404394.187500, 2978283.250000, 2978283.250000, 1516678.500000, 817878.937500
-3.850000, 407530.781250, 407530.781250, 3008918.750000, 3008918.750000, 1540539.125000, 827775.812500
-3.800000, 424606.312500, 424606.312500, 3037214.750000, 3037214.750000, 1549740.250000, 843056.500000
-3.750000, 461880.937500, 461880.937500, 3074753.750000, 3074753.750000, 1585699.125000, 866996.437500
-3.700000, 455974.468750, 455974.468750, 3114708.750000, 3114708.750000, 1644091.375000, 890749.562500
-3.650000, 436189.875000, 436189.875000, 3147330.000000, 3147330.000000, 1709978.875000, 903529.125000
-3.600000, 410452.562500, 410452.562500, 3178580.250000, 3178580.250000, 1746151.250000, 913297.250000
-3.550000, 427853.312500, 427853.312500, 3208899.000000, 3208899.000000, 1756016.625000, 941685.500000
-3.500000, 447285.781250, 447285.781250, 3233753.500000, 3233753.500000, 1747035.625000, 967956.812500
-3.450000, 419932.687500, 419932.687500, 3258069.500000, 3258069.500000, 1699975.250000, 981728.875000
-3.400000, 445399.343750, 445399.343750, 3284568.500000, 3284568.500000, 1661619.875000, 1003323.000000
-3.350000, 472827.687500, 472827.687500, 3308179.500000, 3308179.500000, 1631556.125000, 1023890.062500
-3.300000, 478597.406250, 478597.406250, 3325203.500000, 3325203.500000, 1588782.250000, 1039676.125000
-3.250000, 529716.062500, 529716.062500, 3348288.750000, 3348288.750000, 1595115.500000, 1060550.000000
-3.200000, 550743.937500, 550743.937500, 3374088.750000, 3374088.750000, 1630249.500000, 1079202.500000
-3.150000, 544859.125000, 544859.125000, 3379379.500000, 3379379.500000, 1647362.000000, 1090230.750000
-3.100000, 558607.500000, 558607.500000, 3390449.000000, 3390449.000000, 1715519.125000, 1098247.625000
-3.050000, 587061.375000, 587061.375000, 3433877.500000, 3433877.500000, 1870722.250000, 1114170.125000
-3.000000, 614236.500000, 614236.500000, 3473868.250000, 3473868.250000, 2003269.125000, 1136044.375000
-2.950000, 600163.812500, 600163.812500, 3493879.500000, 3493879.500000, 2046530.125000, 1154082.250000
-2.900000, 606994.750000, 606994.750000, 3514579.500000, 3514579.500000, 2089878.875000, 1175288.750000
-2.850000, 597556.562500, 597556.562500, 3537271.750000, 3537271.750000, 2133166.750000, 1191737.125000
-2.800000, 533596.250000, 533596.250000, 3557540.750000, 3557540.750000, 2116504.000000, 1198921.125000
-2.750000, 549000.000000, 549000.000000, 3578439.250000, 3578439.250000, 2082110.750000, 1219371.000000
-2.700000, 573535.687500, 573535.687500, 3595809.750000, 3595809.750000, 2038729.875000, 1248141.125000
-2.650000, 575942.875000, 575942.875000, 3610352.500000, 3610352.500000, 1979433.125000, 1272013.125000
-2.600000, 624884.437500, 624884.437500, 3616111.250000, 3616111.250000, 1878523.375000, 1295679.750000
-2.550000, 631136.125000, 631136.125000, 3596356.750000, 3596356.750000, 1723050.250000, 1313897.125000
-2.500000, 646438.687500, 646438.687500, 3568967.500000, 3568967.500000, 1598484.875000, 1328806.000000
-2.450000, 675207.500000, 675207.500000, 3565245.250000, 3565245.250000, 1553748.125000, 1349790.875000
-2.400000, 670858.312500, 670858.312500, 3587112.250000, 3587112.250000, 1623761.625000, 1376605.375000
-2.350000, 703862.500000, 703862.500000, 3610626.250000, 3610626.250000, 1729152.000000, 1402412.375000
-2.300000, 699244.625000, 699244.625000, 3611038.250000, 3611038.250000, 1750111.500000, 1413569.375000
-2.250000, 680310.812500, 680310.812500, 3610234.250000, 3610234.250000, 1785854.750000, 1412414.500000
-2.200000, 677606.687500, 677606.687500, 3620692.500000, 3620692.500000, 1817161.750000, 1417113.500000
-2.150000, 675779.312500, 675779.312500, 3633903.250000, 3633903.250000, 1807916.375000, 1430792.000000
-2.100000, 809035.500000, 809035.500000, 3688195.000000, 3688195.000000, 1873677.875000, 1452662.625000
-2.050000, 879641.812500, 879641.812500, 3748461.000000, 3748461.000000, 1897972.750000, 1478217.625000
-2.000000, 751411.312500, 751411.312500, 3741623.500000, 3741623.500000, 1813401.625000, 1487272.125000
-1.950000, 637750.625000, 637750.625000, 3726439.250000, 3726439.250000, 1723014.250000, 1486408.625000
-1.900000, 558280.375000, 558280.375000, 3749397.000000, 3749397.000000, 1657777.750000, 1495876.000000
-1.850000, 605533.187500, 605533.187500, 3765103.250000, 3765103.250000, 1640563.250000, 1519499.375000
-1.800000, 764728.500000, 764728.500000, 3756812.000000, 3756812.000000, 1608434.500000, 1555418.750000
-1.750000, 843915.000000, 843915.000000, 3752580.500000, 3752580.500000, 1587038.500000, 1579151.625000
-1.700000, 932219.625000, 932219.625000, 3782812.250000, 3782812.250000, 1672664.375000, 1596825.625000
-1.650000, 967570.375000, 967570.375000, 3849490.500000, 3849490.500000, 1837190.250000, 1616499.250000
-1.600000, 908477.000000, 908477.000000, 3937957.250000, 3937957.250000, 2071036.500000, 1605432.125000
-1.550000, 896383.250000, 896383.250000, 4021840.250000, 4021840.250000, 2230820.000000, 1601860.625000
-1.500000, 919708.812500, 919708.812500, 4080950.000000, 4080950.000000, 2241279.500000, 1639009.250000
-1.450000, 1027505.687500, 1027505.687500, 4134786.250000, 4134786.250000, 2217071.500000, 1676734.250000
-1.400000, 1064780.500000, 1064780.500000, 4184064.250000, 4184064.250000, 2095124.250000, 1691271.500000
-1.350000, 968115.312500, 968115.312500, 4218454.500000, 4218454.500000, 1906787.250000, 1686381.375000
-1.300000, 944920.000000, 944920.000000, 4243701.000000, 4243701.000000, 1749468.125000, 1686125.625000
-1.250000, 813713.437500, 813713.437500, 4259649.000000, 4259649.000000, 1576306.875000, 1685578.500000
-1.200000, 562330.562500, 562330.562500, 4295438.500000, 4295438.500000, 1457727.375000, 1699138.750000
-1.150000, 377386.406250, 377386.406250, 4342283.000000, 4342283.000000, 1422556.750000, 1746892.250000
-1.100000, 242526.828125, 242526.828125, 4362213.500000, 4362213.500000, 1434572.250000, 1767873.750000
-1.050000, 253732.000000, 253732.000000, 4394822.000000, 4394822.000000, 1521044.125000, 1773709.750000
-1.000000, 367513.906250, 367513.906250, 4447394.000000, 4447394.000000, 1651966.625000, 1780067.125000
-0.950000, 585625.812500, 585625.812500, 4483417.000000, 4483417.000000, 1791825.250000, 1746728.375000
-0.900000, 1061719.750000, 1061719.750000, 4536580.000000, 4536580.000000, 1957753.875000, 1761177.375000
-0.850000, 1781047.750000, 1781047.750000, 4633019.000000, 4633019.000000, 2210721.750000, 1881105.875000
-0.800000, 2449215.500000, 2449215.500000, 4735700.500000, 4735700.500000, 2452564.000000, 2009584.875000
-0.750000, 2576337.750000, 2576337.750000, 4812314.000000, 4812314.000000, 2476169.500000, 2061003.875000
-0.700000, 2280394.250000, 2280394.250000, 4866127.000000, 4866127.000000, 2321913.500000, 2062514.500000
-0.650000, 1756931.625000, 1756931.625000, 4896577.000000, 4896577.000000, 2076371.625000, 2036824.625000
-0.600000, 887459.000000, 887459.000000, 4915210.500000, 4915210.500000, 1759812.750000, 1963994.250000
-0.550000, 124874.179688, 124874.179688, 4962361.500000, 4962361.500000, 1494970.375000, 1944266.875000
-0.500000, -315882.156250, -315882.156250, 5007464.000000, 5007464.000000, 1396682.875000, 1972414.500000
-0.450000, -539561.750000, -539561.750000, 5007197.500000, 5007197.500000, 1490942.500000, 1924456.750000
-0.400000, -573298.562500, -573298.562500, 5013818.000000, 5013818.000000, 1719890.000000, 1855760.625000
-0.350000, -661107.625000, -661107.625000, 5066014.000000, 5066014.000000, 2023538.500000, 1783790.625000
-0.300000, -633758.937500, -633758.937500, 5123587.500000, 5123587.500000, 2243988.750000, 1710776.500000
-0.250000, -397712.937500, -397712.937500, 5156613.000000, 5156613.000000, 2235053.000000, 1704155.125000
-0.200000, 196904.500000, 196904.500000, 5212787.500000, 5212787.500000, 2209755.750000, 1758209.250000
-0.150000, 1422384.125000, 1422384.125000, 5294256.000000, 5294256.000000, 2263142.250000, 1900420.500000
-0.100000, 2839338.750000, 2839338.750000, 5397733.500000, 5397733.500000, 2347947.000000, 2132407.000000
-0.050000, 4315075.000000, 4315075.000000, 5616552.000000, 5616552.000000, 2598756.750000, 2468948.250000
0.000000, 5128453.000000, 5128453.000000, 5777722.500000, 5777722.500000, 2734141.750000, 2734141.750000
0.050000, 4315075.000000, 4315075.000000, 5616552.000000, 5616552.000000, 2468948.250000, 2598756.750000
0.100000, 2839338.750000, 2839338.750000, 5397733.500000, 5397733.500000, 2132407.000000, 2347947.000000
0.150000, 1422384.125000, 1422384.125000, 5294256.000000, 5294256.000000, 1900420.500000, 2263142.250000
0.200000, 196904.500000, 196904.500000, 5212787.500000, 5212787.500000, 1758209.250000, 2209755.750000
0.250000, -397712.937500, -397712.937500, 5156613.000000, 5156613.000000, 1704155.125000, 2235053.000000
0.300000, -633758.937500, -633758.937500, 5123587.500000, 5123587.500000, 1710776.500000, 2243988.750000
0.350000, -661107.625000, -661107.625000, 5066014.000000, 5066014.000000, 1783790.625000, 2023538.500000
0.400000, -573298.562500, -573298.562500, 5013818.000000, 5013818.000000, 1855760.625000, 1719890.000000
0.450000, -539561.750000, -539561.750000, 5007197.500000, 5007197.500000, 1924456.750000, 1490942.500000
0.500000, -315882.156250, -315882.156250, 5007464.000000, 5007464.000000, 1972414.500000, 1396682.875000
0.550000, 124874.179688, 124874.179688, 4962361.500000, 4962361.500000, 1944266.875000, 1494970.375000
0.600000, 887459.000000, 887459.000000, 4915210.500000, 4915210.500000, 1963994.250000, 1759812.750000
0.650000, 1756931.625000, 1756931.625000, 4896577.000000, 4896577.000000, 2036824.625000, 2076371.625000
0.700000, 2280394.250000, 2280394.250000, 4866127.000000, 4866127.000000, 2062514.500000, 2321913.500000
0.750000, 2576337.750000, 2576337.750000, 4812314.000000, 4812314.000000, 2061003.875000, 2476169.500000
0.800000, 2449215.500000, 2449215.500000, 4735700.500000, 4735700.500000, 2009584.875000, 2452564.000000
0.850000, 1781047.750000, 1781047.750000, 4633019.000000, 4633019.000000, 1881105.875000, 2210721.750000
0.900000, 1061719.750000, 1061719.750000, 4536580.000000, 4536580.000000, 1761177.375000, 1957753.875000
0.950000, 585625.812500, 585625.812500, 4483417.000000, 4483417.000000, 1746728.375000, 1791825.250000
1.000000, 367513.906250, 367513.906250, 4447394.000000, 4447394.000000, 1780067.125000, 1651966.625000
1.050000, 253732.000000, 253732.000000, 4394822.000000, 4394822.000000, 1773709.750000, 1521044.125000
1.100000, 242526.828125, 242526.828125, 4362213.500000, 4362213.500000, 1767873.750000, 1434572.250000
1.150000, 377386.406250, 377386.406250, 4342283.000000, 4342283.000000, 1746892.250000, 1422556.750000
1.200000, 562330.562500, 562330.562500, 4295438.500000, 4295438.500000, 1699138.750000, 1457727.375000
1.250000, 813713.437500, 813713.437500, 4259649.000000, 4259649.000000, 1685578.500000, 1576306.875000
1.300000, 944920.000000, 944920.000000, 4243701.000000, 4243701.000000, 1686125.625000, 1749468.125000
1.350000, 968115.312500, 968115.312500, 4218454.500000, 4218454.500000, 1686381.375000, 1906787.250000
1.400000, 1064780.500000, 1064780.500000, 4184064.250000, 4184064.250000, 1691271.500000, 2095124.250000
1.450000, 1027505.687500, 1027505.687500, 4134786.250000, 4134786.250000, 1676734.250000, 2217071.500000
1.500000, 919708.812500, 919708.812500, 4080950.000000, 4080950.000000, 1639009.250000, 2241279.500000
1.550000, 896383.250000, 896383.250000, 4021840.250000, 4021840.250000, 1601860.625000, 2230820.000000
1.600000, 908477.000000, 908477.000000, 3937957.250000, 3937957.250000, 1605432.125000, 2071036.500000
1.650000, 967570.375000, 967570.375000, 3849490.500000, 3849490.500000, 1616499.250000, 1837190.250000
1.700000, 932219.625000, 932219.625000, 3782812.250000, 3782812.250000, 1596825.625000, 1672664.375000
1.750000, 843915.000000, 843915.000000, 3752580.500000, 3752580.500000, 1579151.625000, 1587038.500000
1.800000, 764728.500000, 764728.500000, 3756812.000000, 3756812.000000, 1555418.750000, 1608434.500000
1.850000, 605533.187500, 605533.187500, 3765103.250000, 3765103.250000, 1519499.375000, 1640563.250000
1.900000, 558280.375000, 558280.375000, 3749397.000000, 3749397.000000, 1495876.000000, 1657777.750000
1.950000, 637750.625000, 637750.625000, 3726439.250000, 3726439.250000, 1486408.625000, 1723014.250000
2.000000, 751411.312500, 751411.312500, 3741623.500000, 3741623.500000, 1487272.125000, 1813401.625000
2.050000, 879641.812500, 879641.812500, 3748461.000000, 3748461.000000, 1478217.625000, 1897972.750000
2.100000, 809035.500000, 809035.500000, 3688195.000000, 3688195.000000, 1452662.625000, 1873677.875000
2.150000, 675779.312500, 675779.312500, 3633903.250000, 3633903.250000, 1430792.000000, 1807916.375000
2.200000, 677606.687500, 677606.687500, 3620692.500000, 3620692.500000, 1417113.500000, 1817161.750000
2.250000, 680310.812500, 680310.812500, 3610234.250000, 3610234.250000, 1412414.500000, 1785854.750000
2.300000, 699244.625000, 699244.625000, 3611038.250000, 3611038.250000, 1413569.375000, 1750111.500000
2.350000, 703862.500000, 703862.500000, 3610626.250000, 3610626.250000, 1402412.375000, 1729152.000000
2.400000, 670858.312500, 670858.312500, 3587112.250000, 3587112.250000, 1376605.375000, 1623761.625000
2.450000, 675207.500000, 675207.500000, 3565245.250000, 3565245.250000, 1349790.875000, 1553748.125000
2.500000, 646438.687500, 646438.687500, 3568967.500000, 3568967.500000, 1328806.000000, 1598484.875000
2.550000, 631136.125000, 631136.125000, 3596356.750000, 3596356.750000, 1313897.125000, 1723050.250000
2.600000, 624884.437500, 624884.437500, 3616111.250000, 3616111.250000, 1295679.750000, 1878523.375000
2.650000, 575942.875000, 575942.875000, 3610352.500000, 3610352.500000, 1272013.125000, 1979433.125000
2.700000, 573535.687500, 573535.687500, 3595809.750000, 3595809.750000, 1248141.125000, 2038729.875000
2.750000, 549000.000000, 549000.000000, 3578439.250000, 3578439.250000, 1219371.000000, 2082110.750000
2.800000, 533596.250000, 533596.250000, 3557540.750000, 3557540.750000, 1198921.125000, 2116504.000000
2.850000, 597556.562500, 597556.562500, 3537271.750000, 3537271.750000, 1191737.125000, 2133166.750000
2.900000, 606994.750000, 606994.750000, 3514579.500000, 3514579.500000, 1175288.750000, 2089878.875000
2.950000, 600163.812500, 600163.812500, 3493879.500000, 3493879.500000, 1154082.250000, 2046530.125000
3.000000, 614236.500000, 614236.500000, 3473868.250000, 3473868.250000, 1136044.375000, 2003269.125000
3.050000, 587061.375000, 587061.375000, 3433877.500000, 3433877.500000, 1114170.125000, 1870722.250000
3.100000, 558607.500000, 558607.500000, 3390449.000000, 3390449.000000, 1098247.625000, 1715519.125000
3.150000, 544859.125000, 544859.125000, 3379379.500000, 3379379.500000, 1090230.750000, 1647362.000000
3.200000, 550743.937500, 550743.937500, 3374088.750000, 3374088.750000, 1079202.500000, 1630249.500000
3.250000, 529716.062500, 529716.062500, 3348288.750000, 3348288.750000, 1060550.000000, 1595115.500000
3.300000, 478597.406250, 478597.406250, 3325203.500000, 3325203.500000, 1039676.125000, 1588782.250000
3.350000, 472827.687500, 472827.687500, 3308179.500000, 3308179.500000, 1023890.062500, 1631556.125000
3.400000, 445399.343750, 445399.343750, 3284568.500000, 3284568.500000, 1003323.000000, 1661619.875000
3.450000, 419932.687500, 419932.687500, 3258069.500000, 3258069.500000, 981728.875000, 1699975.250000
3.500000, 447285.781250, 447285.781250, 3233753.500000, 3233753.500000, 967956.812500, 1747035.625000
3.550000, 427853.312500, 427853.312500, 3208899.000000, 3208899.000000, 941685.500000, 1756016.625000
3.600000, 410452.562500, 410452.562500, 3178580.250000, 3178580.250000, 913297.250000, 1746151.250000
3.650000, 436189.875000, 436189.875000, 3147330.000000, 3147330.000000, 903529.125000, 1709978.875000
3.700000, 455974.468750, 455974.468750, 3114708.750000, 3114708.750000, 890749.562500, 1644091.375000
3.750000, 461880.937500, 461880.937500, 3074753.750000, 3074753.750000, 866996.437500, 1585699.125000
3.800000, 424606.312500, 424606.312500, 3037214.750000, 3037214.750000, 843056.500000, 1549740.250000
3.850000, 407530.781250, 407530.781250, 3008918.750000, 3008918.750000, 827775.812500, 1540539.125000
3.900000, 404394.187500, 404394.187500, 2978283.250000, 2978283.250000, 817878.937500, 1516678.500000
3.950000, 384500.906250, 384500.906250, 2938546.500000, 2938546.500000, 799151.125000, 1479318.500000
4.000000, 414596.937500, 414596.937500, 2898940.750000, 2898940.750000, 778353.187500, 1478518.375000
4.050000, 387471.500000, 387471.500000, 2860892.000000, 2860892.000000, 755440.562500, 1455555.000000
4.100000, 325892.750000, 325892.750000, 2820893.250000, 2820893.250000, 731339.875000, 1403469.000000
4.150000, 335126.843750, 335126.843750, 2784373.750000, 2784373.750000, 711599.437500, 1390915.375000
4.200000, 311408.843750, 311408.843750, 2747820.500000, 2747820.500000, 686046.250000, 1377417.125000
4.250000, 286532.312500, 286532.312500, 2709175.500000, 2709175.500000, 664770.125000, 1351365.125000
4.300000, 290041.437500, 290041.437500, 2671854.250000, 2671854.250000, 648418.250000, 1344439.375000
4.350000, 286594.562500, 286594.562500, 2633856.250000, 2633856.250000, 630738.500000, 1334723.750000
4.400000, 297487.562500, 297487.562500, 2596581.500000, 2596581.500000, 610927.875000, 1317541.875000
4.450000, 289750.312500, 289750.312500, 2558633.000000, 2558633.000000, 586016.625000, 1293322.875000
4.500000, 308035.062500, 308035.062500, 2522279.250000, 2522279.250000, 575033.062500, 1274803.750000
4.550000, 321384.750000, 321384.750000, 2487347.000000, 2487347.000000, 562086.937500, 1265111.500000
4.600000, 287504.437500, 287504.437500, 2448700.250000, 2448700.250000, 540468.937500, 1242524.875000
4.650000, 268633.687500, 268633.687500, 2412230.500000, 2412230.500000, 525019.125000, 1222316.875000
4.700000, 222369.828125, 222369.828125, 2373937.500000, 2373937.500000, 501553.968750, 1196297.000000
4.750000, 204798.359375, 204798.359375, 2334093.000000, 2334093.000000, 487786.625000, 1168378.500000
4.800000, 228778.218750, 228778.218750, 2300997.750000, 2300997.750000, 472626.125000, 1162510.500000
4.850000, 205138.718750, 205138.718750, 2266232.750000, 2266232.750000, 450044.218750, 1142930.625000
4.900000, 195952.234375, 195952.234375, 2225150.500000, 2225150.500000, 434244.812500, 1107791.000000
4.950000, 189719.937500, 189719.937500, 2181150.750000, 2181150.750000, 397064.656250, 1076428.000000
5.000000, 171415.296875, 171415.296875, 2145427.000000, 2145427.000000, 373232.781250, 1052653.625000
5.050000, 160161.046875, 160161.046875, 2117482.750000, 2117482.750000, 363164.718750, 1041623.250000
5.100000, 136785.765625, 136785.765625, 2082090.125000, 2082090.125000, 337382.687500, 1014770.375000
5.150000, 142276.906250, 142276.906250, 2047287.250000, 2047287.250000, 305314.500000, 994041.437500
5.200000, 126566.531250, 126566.531250, 2013124.375000, 2013124.375000, 231737.984375, 999300.875000
5.250000, 87853.226562, 87853.226562, 1973221.500000, 1973221.500000, 161912.593750, 987753.125000
5.300000, 75101.859375, 75101.859375, 1941506.250000, 1941506.250000, 139580.781250, 965615.062500
5.350000, 55555.265625, 55555.265625, 1915460.875000, 1915460.875000, 136656.984375, 945082.375000
5.400000, 70810.578125, 70810.578125, 1886915.750000, 1886915.750000, 162610.828125, 924531.125000
5.450000, 96522.867188, 96522.867188, 1860363.625000, 1860363.625000, 201194.140625, 909653.687500
5.500000, 101420.742188, 101420.742188, 1839306.500000, 1839306.500000, 247780.312500, 895376.687500
5.550000, 135580.625000, 135580.625000, 1822764.625000, 1822764.625000, 295595.156250, 895121.750000
5.600000, 151768.171875, 151768.171875, 1798214.750000, 1798214.750000, 312449.000000, 882383.875000
5.650000, 141717.000000, 141717.000000, 1770107.625000, 1770107.625000, 302366.562500, 850170.625000
5.700000, 144932.125000, 144932.125000, 1758823.000000, 1758823.000000, 274621.968750, 853125.875000
5.750000, 131478.203125, 131478.203125, 1747331.750000, 1747331.750000, 218174.468750, 864977.312500
5.800000, 76623.484375, 76623.484375, 1715980.125000, 1715980.125000, 106093.242188, 848521.562500
5.850000, 722.316406, 722.316406, 1678836.625000, 1678836.625000, -22409.828125, 828001.062500
5.900000, -49808.058594, -49808.058594, 1646144.500000, 1646144.500000, -112399.585938, 812375.000000
5.950000, -78551.820312, -78551.820312, 1619530.625000, 1619530.625000, -178466.078125, 798427.750000
6.000000, -101965.828125, -101965.828125, 1596875.000000, 1596875.000000, -222507.765625, 783409.562500
6.050000, -105545.843750, -105545.843750, 1572543.000000, 1572543.000000, -241297.218750, 772724.562500
6.100000, -106726.734375, -106726.734375, 1548997.125000, 1548997.125000, -227850.062500, 756995.187500
6.150000, -96640.578125, -96640.578125, 1533346.875000, 1533346.875000, -182339.703125, 736429.062500
6.200000, -65796.828125, -65796.828125, 1520107.125000, 1520107.125000, -132864.687500, 734638.250000
6.250000, -39934.734375, -39934.734375, 1506674.000000, 1506674.000000, -52246.015625, 725885.562500
6.300000, 3347.953125, 3347.953125, 1510692.500000, 1510692.500000, 65543.421875, 715872.750000
6.350000, 75356.796875, 75356.796875, 1528745.375000, 1528745.375000, 185908.265625, 736617.250000
6.400000, 128253.437500, 128253.437500, 1540310.750000, 1540310.750000, 275744.187500, 748166.125000
6.450000, 127082.921875, 127082.921875, 1532925.625000, 1532925.625000, 259614.718750, 737857.562500
6.500000, 102715.250000, 102715.250000, 1512340.500000, 1512340.500000, 189531.234375, 729938.875000
6.550000, 79328.781250, 79328.781250, 1497749.250000, 1497749.250000, 142000.218750, 720248.062500
6.600000, 40300.304688, 40300.304688, 1480243.375000, 1480243.375000, 76162.781250, 707800.437500
6.650000, 19869.750000, 19869.750000, 1468711.000000, 1468711.000000, 46990.769531, 704667.312500
6.700000, 27464.472656, 27464.472656, 1467794.250000, 1467794.250000, 69203.640625, 709046.375000
6.750000, 27148.599609, 27148.599609, 1430105.875000, 1430105.875000, 77988.585938, 691728.312500
6.800000, 35171.117188, 35171.117188, 1375698.000000, 1375698.000000, 87569.125000, 662045.437500
6.850000, 49736.304688, 49736.304688, 1358030.125000, 1358030.125000, 89903.218750, 656429.625000
6.900000, 41775.523438, 41775.523438, 1351940.625000, 1351940.625000, 67731.093750, 652688.812500
6.950000, 19198.152344, 19198.152344, 1334527.750000, 1334527.750000, 28125.841797, 639387.812500
7.000000, -682.492676, -682.492676, 1322317.750000, 1322317.750000, -3309.382812, 632746.562500
7.050000, -8737.316406, -8737.316406, 1317027.250000, 1317027.250000, 2373.687500, 624099.625000
7.100000, 4970.968750, 4970.968750, 1313110.000000, 1313110.000000, 32882.320312, 621918.125000
7.150000, 35318.250000, 35318.250000, 1306490.625000, 1306490.625000, 74035.773438, 628443.062500
7.200000, 50042.132812, 50042.132812, 1275414.250000, 1275414.250000, 86493.937500, 620030.250000
7.250000, 26393.222656, 26393.222656, 1206368.625000, 1206368.625000, 38856.390625, 587411.500000
7.300000, -5931.987305, -5931.987305, 1129396.500000, 1129396.500000, -14900.121094, 546027.750000
7.350000, -15954.694336, -15954.694336, 1077027.375000, 1077027.375000, -32903.160156, 520949.781250
7.400000, -16772.183594, -16772.183594, 1039682.750000, 1039682.750000, -33323.164062, 503621.937500
7.450000, -13350.935547, -13350.935547, 1003916.250000, 1003916.250000, -26379.947266, 482260.156250
7.500000, -8111.286133, -8111.286133, 969897.250000, 969897.250000, -21469.445312, 465718.187500
7.550000, -10841.916016, -10841.916016, 935196.687500, 935196.687500, -23304.261719, 449628.906250
7.600000, -11772.636719, -11772.636719, 900497.062500, 900497.062500, -22132.101562, 433981.343750
7.650000, -9376.887695, -9376.887695, 864315.500000, 864315.500000, -20283.132812, 414150.406250
7.700000, -7904.379883, -7904.379883, 829255.687500, 829255.687500, -16704.087891, 389853.781250
7.750000, -7153.274902, -7153.274902, 796176.312500, 796176.312500, -14185.580078, 376458.562500
7.800000, -6415.915039, -6415.915039, 760964.000000, 760964.000000, -13807.412109, 365355.812500
7.850000, -4942.471680, -4942.471680, 726722.187500, 726722.187500, -11159.542969, 346778.812500
7.900000, -6523.048828, -6523.048828, 690323.937500, 690323.937500, -12230.456055, 326941.656250
7.950000, -5321.488281, -5321.488281, 653653.687500, 653653.687500, -10660.931641, 310430.718750
8.000000, -2896.789795, -2896.789795, 619589.375000, 619589.375000, -7309.353027, 295272.343750
8.050000, -4384.384766, -4384.384766, 585103.500000, 585103.500000, -7699.338379, 278166.812500
8.100000, -2590.624023, -2590.624023, 552983.437500, 552983.437500, -5343.512695, 262921.218750
8.150000, -774.894348, -774.894348, 517469.812500, 517469.812500, -3253.581543, 246005.890625
8.200000, -1760.014648, -1760.014648, 481487.593750, 481487.593750, -1948.686035, 228514.250000
8.250000, -1784.696533, -1784.696533, 448513.656250, 448513.656250, -2017.672119, 214182.406250
8.300000, -123.247803, -123.247803, 412697.093750, 412697.093750, -638.065918, 196310.281250
8.350000, 1585.463989, 1585.463989, 379510.718750, 379510.718750, 3348.468262, 180693.875000
8.400000, 508.643433, 508.643433, 344554.437500, 344554.437500, 687.020020, 167826.156250
8.450000, 328.913940, 328.913940, 308538.906250, 308538.906250, -588.328369, 150544.921875
8.500000, 111.055908, 111.055908, 275142.125000, 275142.125000, 574.651855, 133218.859375
8.550000, -1657.470825, -1657.470825, 238175.000000, 238175.000000, -1731.199707, 117325.406250
8.600000, 528.830811, 528.830811, 202921.000000, 202921.000000, 1617.811523, 99707.890625
8.650000, 2843.536133, 2843.536133, 164558.484375, 164558.484375, 5421.064453, 79234.593750
8.700000, 1732.239502, 1732.239502, 128570.000000, 128570.000000, 3256.199219, 64917.035156
8.750000, 868.503235, 868.503235, 100971.718750, 100971.718750, 1557.783936, 55336.031250
8.800000, 487.233582, 487.233582, 58455.429688, 58455.429688, 861.903320, 33057.816406
8.850000, 61.759384, 61.759384, 15027.730469, 15027.730469, 109.292519, 8491.920898
