Time 1XX 1ZZ 2XX 2ZZ 1X2Z 1Z2X 
-9.350000, 0.000000, 0.000000, 0.000000, 0.000000, 0.000000, 0.000000
-9.300000, -419.948029, -419.948029, 204752.328125, 204752.328125, -7635.417969, 11261.378906
-9.250000, -1075.138672, -1075.138672, 799213.625000, 799213.625000, -28942.316406, 30101.156250
-9.200000, -1179.892334, -1179.892334, 1388499.750000, 1388499.750000, -46020.101562, 38570.484375
-9.150000, -1784.106934, -1784.106934, 1795224.500000, 1795224.500000, -54230.437500, 57983.671875
-9.100000, -2657.766357, -2657.766357, 2331777.500000, 2331777.500000, -72151.804688, 81142.867188
-9.050000, -2273.244873, -2273.244873, 2856785.750000, 2856785.750000, -87876.375000, 81414.117188
-9.000000, -2109.346436, -2109.346436, 3319058.500000, 3319058.500000, -93762.781250, 83740.781250
-8.950000, -2621.041016, -2621.041016, 3869200.250000, 3869200.250000, -108300.546875, 90175.281250
-8.900000, -2787.396729, -2787.396729, 4367635.500000, 4367635.500000, -129586.390625, 93661.570312
-8.850000, -2865.870117, -2865.870117, 4856724.500000, 4856724.500000, -152474.937500, 94004.804688
-8.800000, -3396.608398, -3396.608398, 5359168.000000, 5359168.000000, -175940.656250, 98149.257812
-8.750000, -4467.983887, -4467.983887, 5865873.500000, 5865873.500000, -189355.062500, 127137.921875
-8.700000, -5309.116211, -5309.116211, 6412062.500000, 6412062.500000, -197122.906250, 156024.187500
-8.650000, -5920.663574, -5920.663574, 6892452.500000, 6892452.500000, -215689.437500, 177304.859375
-8.600000, -5368.612793, -5368.612793, 7398571.500000, 7398571.500000, -233158.046875, 187232.000000
-8.550000, -4639.858887, -4639.858887, 7920973.500000, 7920973.500000, -235811.343750, 179151.921875
-8.500000, -5836.094727, -5836.094727, 8383546.500000, 8383546.500000, -250664.328125, 190962.265625
-8.450000, -5646.730957, -5646.730957, 8889399.000000, 8889399.000000, -276599.625000, 198695.281250
-8.400000, -5043.517578, -5043.517578, 9396298.000000, 9396298.000000, -289723.437500, 197118.796875
-8.350000, -7311.582520, -7311.582520, 9904223.000000, 9904223.000000, -302658.406250, 226475.031250
-8.300000, -9114.725586, -9114.725586, 10415380.000000, 10415380.000000, -321009.968750, 245692.187500
-8.250000, -8594.809570, -8594.809570, 10894056.000000, 10894056.000000, -343936.812500, 244874.640625
-8.200000, -7999.728027, -7999.728027, 11406781.000000, 11406781.000000, -368099.156250, 255173.156250
-8.150000, -8571.042969, -8571.042969, 11912576.000000, 11912576.000000, -386521.687500, 258395.500000
-8.100000, -8297.063477, -8297.063477, 12421292.000000, 12421292.000000, -406340.125000, 255660.796875
-8.050000, -8879.873047, -8879.873047, 12961297.000000, 12961297.000000, -430022.031250, 275501.906250
-8.000000, -10523.568359, -10523.568359, 13460693.000000, 13460693.000000, -455451.781250, 307601.187500
-7.950000, -9761.406250, -9761.406250, 13956659.000000, 13956659.000000, -466241.687500, 317447.593750
-7.900000, -11754.015625, -11754.015625, 14476220.000000, 14476220.000000, -482698.812500, 322239.218750
-7.850000, -13609.551758, -13609.551758, 14984270.000000, 14984270.000000, -523864.562500, 348149.031250
-7.800000, -11214.875977, -11214.875977, 15489831.000000, 15489831.000000, -542539.937500, 370767.125000
-7.750000, -12839.695312, -12839.695312, 16010561.000000, 16010561.000000, -562172.750000, 382108.781250
-7.700000, -14654.273438, -14654.273438, 16529123.000000, 16529123.000000, -599004.937500, 387446.968750
-7.650000, -13567.160156, -13567.160156, 17022658.000000, 17022658.000000, -605878.187500, 393597.687500
-7.600000, -14718.458008, -14718.458008, 17517672.000000, 17517672.000000, -615146.750000, 415080.281250
-7.550000, -16033.173828, -16033.173828, 18015878.000000, 18015878.000000, -640952.125000, 434424.218750
-7.500000, -15579.481445, -15579.481445, 18517248.000000, 18517248.000000, -667851.000000, 432077.062500
-7.450000, -14469.170898, -14469.170898, 19030762.000000, 19030762.000000, -702188.250000, 421479.750000
-7.400000, -16751.537109, -16751.537109, 19527532.000000, 19527532.000000, -729559.687500, 433613.156250
-7.350000, -18386.708984, -18386.708984, 20029578.000000, 20029578.000000, -757049.687500, 457938.500000
-7.300000, -16970.781250, -16970.781250, 20535942.000000, 20535942.000000, -783298.062500, 468211.593750
-7.250000, -19843.458984, -19843.458984, 21030496.000000, 21030496.000000, -810619.625000, 481106.500000
-7.200000, -20320.744141, -20320.744141, 21535802.000000, 21535802.000000, -838076.187500, 492191.062500
-7.150000, -18761.746094, -18761.746094, 22030450.000000, 22030450.000000, -849743.250000, 502620.062500
-7.100000, -20375.003906, -20375.003906, 22537366.000000, 22537366.000000, -882199.312500, 517308.281250
-7.050000, -18338.619141, -18338.619141, 23054262.000000, 23054262.000000, -930431.562500, 519684.625000
-7.000000, -19770.968750, -19770.968750, 23545798.000000, 23545798.000000, -967864.125000, 533424.937500
-6.950000, -24795.404297, -24795.404297, 24061344.000000, 24061344.000000, -999968.750000, 547802.062500
-6.900000, -24676.605469, -24676.605469, 24573456.000000, 24573456.000000, -1016890.687500, 554432.187500
-6.850000, -24005.156250, -24005.156250, 25063680.000000, 25063680.000000, -1042944.625000, 573053.000000
-6.800000, -25142.812500, -25142.812500, 25576924.000000, 25576924.000000, -1071365.250000, 583115.562500
-6.750000, -27135.892578, -27135.892578, 26081826.000000, 26081826.000000, -1095560.875000, 613613.875000
-6.700000, -25142.800781, -25142.800781, 26587270.000000, 26587270.000000, -1137146.875000, 638461.750000
-6.650000, -23234.039062, -23234.039062, 27088714.000000, 27088714.000000, -1156259.500000, 617524.875000
-6.600000, -27696.435547, -27696.435547, 27573994.000000, 27573994.000000, -1176728.375000, 635680.125000
-6.550000, -29242.875000, -29242.875000, 28097014.000000, 28097014.000000, -1224678.875000, 664861.875000
-6.500000, -30494.949219, -30494.949219, 28615198.000000, 28615198.000000, -1259914.375000, 669166.000000
-6.450000, -32650.861328, -32650.861328, 29111488.000000, 29111488.000000, -1286295.750000, 711118.312500
-6.400000, -31252.976562, -31252.976562, 29656616.000000, 29656616.000000, -1295561.750000, 738768.812500
-6.350000, -30269.228516, -30269.228516, 30371184.000000, 30371184.000000, -1317191.375000, 696888.312500
-6.300000, -24924.310547, -24924.310547, 31358594.000000, 31358594.000000, -1372491.750000, 587625.500000
-6.250000, -21533.410156, -21533.410156, 32323768.000000, 32323768.000000, -1408150.125000, 499152.250000
-6.200000, -26739.875000, -26739.875000, 32958168.000000, 32958168.000000, -1435020.875000, 559804.750000
-6.150000, -30664.378906, -30664.378906, 33330850.000000, 33330850.000000, -1461715.375000, 626090.812500
-6.100000, -31690.734375, -31690.734375, 33405674.000000, 33405674.000000, -1474796.875000, 623613.062500
-6.050000, -34169.929688, -34169.929688, 33309264.000000, 33309264.000000, -1484887.000000, 714197.875000
-6.000000, -36704.085938, -36704.085938, 33330910.000000, 33330910.000000, -1494319.125000, 721640.250000
-5.950000, -29128.816406, -29128.816406, 33320476.000000, 33320476.000000, -1502991.875000, 575754.187500
-5.900000, -19907.535156, -19907.535156, 33260620.000000, 33260620.000000, -1497594.625000, 533361.500000
-5.850000, -21638.160156, -21638.160156, 33403102.000000, 33403102.000000, -1518792.250000, 507624.937500
-5.800000, -22170.853516, -22170.853516, 33832608.000000, 33832608.000000, -1547350.875000, 443351.312500
-5.750000, -22754.814453, -22754.814453, 34599348.000000, 34599348.000000, -1527501.250000, 369941.843750
-5.700000, -21169.816406, -21169.816406, 35561996.000000, 35561996.000000, -1547426.375000, 217485.953125
-5.650000, -15120.160156, -15120.160156, 36532700.000000, 36532700.000000, -1595783.875000, 119366.687500
-5.600000, -19559.687500, -19559.687500, 37490908.000000, 37490908.000000, -1638870.250000, 62274.996094
-5.550000, -23580.943359, -23580.943359, 38445640.000000, 38445640.000000, -1721521.000000, 145184.562500
-5.500000, -28601.083984, -28601.083984, 39373244.000000, 39373244.000000, -1750545.750000, 563018.750000
-5.450000, -51123.812500, -51123.812500, 40107664.000000, 40107664.000000, -1768732.000000, 1135619.500000
-5.400000, -73806.656250, -73806.656250, 40574360.000000, 40574360.000000, -1862549.625000, 1746348.375000
-5.350000, -82034.460938, -82034.460938, 40805632.000000, 40805632.000000, -1899324.250000, 2215822.500000
-5.300000, -82880.390625, -82880.390625, 40924828.000000, 40924828.000000, -1893699.750000, 2457154.250000
-5.250000, -84446.367188, -84446.367188, 41052276.000000, 41052276.000000, -1927027.875000, 2645876.000000
-5.200000, -84950.242188, -84950.242188, 41100712.000000, 41100712.000000, -1957078.875000, 2708598.500000
-5.150000, -81126.851562, -81126.851562, 41226788.000000, 41226788.000000, -1996532.375000, 2653352.500000
-5.100000, -82981.781250, -82981.781250, 41448516.000000, 41448516.000000, -1960867.125000, 2522493.000000
-5.050000, -94707.687500, -94707.687500, 41603308.000000, 41603308.000000, -1867014.125000, 2202277.250000
-5.000000, -99765.742188, -99765.742188, 41908720.000000, 41908720.000000, -2078093.125000, 1777901.250000
-4.950000, -86561.265625, -86561.265625, 42364076.000000, 42364076.000000, -2544128.750000, 1362868.000000
-4.900000, -64090.218750, -64090.218750, 42874452.000000, 42874452.000000, -2780361.750000, 929432.250000
-4.850000, -51583.656250, -51583.656250, 43464784.000000, 43464784.000000, -2768768.250000, 516184.843750
-4.800000, -51789.390625, -51789.390625, 44141396.000000, 44141396.000000, -2688374.250000, 387086.343750
-4.750000, -34207.019531, -34207.019531, 44976788.000000, 44976788.000000, -2509339.000000, 606543.687500
-4.700000, -14458.431641, -14458.431641, 45727652.000000, 45727652.000000, -2251258.250000, 912231.812500
-4.650000, -31441.917969, -31441.917969, 46333876.000000, 46333876.000000, -1941100.250000, 1221744.000000
-4.600000, -29474.664062, -29474.664062, 47045848.000000, 47045848.000000, -1618514.500000, 1518248.500000
-4.550000, 2464.143066, 2464.143066, 47873672.000000, 47873672.000000, -1325291.125000, 1749310.500000
-4.500000, -10496.367188, -10496.367188, 48704504.000000, 48704504.000000, -1230672.375000, 1920124.000000
-4.450000, -55687.035156, -55687.035156, 49357688.000000, 49357688.000000, -1598695.250000, 1973736.750000
-4.400000, -97999.546875, -97999.546875, 49915436.000000, 49915436.000000, -2139258.250000, 1862898.250000
-4.350000, -135916.078125, -135916.078125, 50441672.000000, 50441672.000000, -2510237.000000, 1541180.125000
-4.300000, -144099.812500, -144099.812500, 50782452.000000, 50782452.000000, -2910040.750000, 1149024.500000
-4.250000, -129870.835938, -129870.835938, 51026172.000000, 51026172.000000, -3312567.750000, 1037315.062500
-4.200000, -115225.726562, -115225.726562, 51186248.000000, 51186248.000000, -3497958.000000, 1131346.750000
-4.150000, -87806.968750, -87806.968750, 51299488.000000, 51299488.000000, -3526404.750000, 1102875.750000
-4.100000, -58168.835938, -58168.835938, 51370036.000000, 51370036.000000, -3512363.000000, 1022085.875000
-4.050000, -44439.136719, -44439.136719, 51379096.000000, 51379096.000000, -3415364.000000, 998817.625000
-4.000000, -32162.062500, -32162.062500, 51547940.000000, 51547940.000000, -3150483.500000, 956394.250000
-3.950000, -22344.214844, -22344.214844, 51740032.000000, 51740032.000000, -2778798.250000, 933502.375000
-3.900000, -17951.353516, -17951.353516, 52007148.000000, 52007148.000000, -2242074.250000, 909428.125000
-3.850000, 2141.279541, 2141.279541, 52650832.000000, 52650832.000000, -1544986.250000, 822290.125000
-3.800000, 21410.513672, 21410.513672, 53520084.000000, 53520084.000000, -1047580.625000, 786527.937500
-3.750000, 4763.241211, 4763.241211, 54532628.000000, 54532628.000000, -888305.875000, 768723.937500
-3.700000, -28755.875000, -28755.875000, 55544876.000000, 55544876.000000, -950059.687500, 704273.625000
-3.650000, -44114.644531, -44114.644531, 56478356.000000, 56478356.000000, -1055384.250000, 713947.625000
-3.600000, -48882.539062, -48882.539062, 57475096.000000, 57475096.000000, -1130330.625000, 736073.312500
-3.550000, -67530.750000, -67530.750000, 58359884.000000, 58359884.000000, -1299178.750000, 716553.375000
-3.500000, -84265.546875, -84265.546875, 58961004.000000, 58961004.000000, -1399304.250000, 703876.125000
-3.450000, -59055.109375, -59055.109375, 59195152.000000, 59195152.000000, -1372010.875000, 631426.750000
-3.400000, -12787.227539, -12787.227539, 59149140.000000, 59149140.000000, -1391336.000000, 566407.375000
-3.350000, 12903.838867, 12903.838867, 59091404.000000, 59091404.000000, -1436791.250000, 566231.750000
-3.300000, 29608.154297, 29608.154297, 59070300.000000, 59070300.000000, -1520661.500000, 563995.937500
-3.250000, 23661.056641, 23661.056641, 59049460.000000, 59049460.000000, -1493760.625000, 561776.375000
-3.200000, -12169.346680, -12169.346680, 59012812.000000, 59012812.000000, -1393664.000000, 542706.500000
-3.150000, -20925.404297, -20925.404297, 59203876.000000, 59203876.000000, -1425122.000000, 522440.125000
-3.100000, -7466.238770, -7466.238770, 59809996.000000, 59809996.000000, -1355906.750000, 525872.875000
-3.050000, -24817.115234, -24817.115234, 60668772.000000, 60668772.000000, -1327535.250000, 506149.093750
-3.000000, -52422.433594, -52422.433594, 61728564.000000, 61728564.000000, -1519704.375000, 471412.125000
-2.950000, -44033.250000, -44033.250000, 62636528.000000, 62636528.000000, -1590622.625000, 450931.937500
-2.900000, -22559.343750, -22559.343750, 63143364.000000, 63143364.000000, -1545994.875000, 421454.843750
-2.850000, -26000.544922, -26000.544922, 63627144.000000, 63627144.000000, -1512337.750000, 352836.781250
-2.800000, -46030.851562, -46030.851562, 64152176.000000, 64152176.000000, -1496102.750000, 272022.531250
-2.750000, -63621.648438, -63621.648438, 64614332.000000, 64614332.000000, -1496656.750000, 218776.609375
-2.700000, -33591.058594, -33591.058594, 65075772.000000, 65075772.000000, -1437489.000000, 175910.406250
-2.650000, 43773.917969, 43773.917969, 65560036.000000, 65560036.000000, -1463256.750000, 150189.906250
-2.600000, 98444.164062, 98444.164062, 66128288.000000, 66128288.000000, -1553026.375000, 159739.546875
-2.550000, 110351.351562, 110351.351562, 66657008.000000, 66657008.000000, -1523020.750000, 175525.343750
-2.500000, 70807.976562, 70807.976562, 67120752.000000, 67120752.000000, -1487628.750000, 191095.312500
-2.450000, 20840.373047, 20840.373047, 67639728.000000, 67639728.000000, -1477861.625000, 196220.609375
-2.400000, 15484.980469, 15484.980469, 68134856.000000, 68134856.000000, -1406522.625000, 157680.703125
-2.350000, 9754.418945, 9754.418945, 68651760.000000, 68651760.000000, -1315061.875000, 102604.218750
-2.300000, 15658.586914, 15658.586914, 69206592.000000, 69206592.000000, -1261889.000000, 55365.363281
-2.250000, 29573.054688, 29573.054688, 69706896.000000, 69706896.000000, -1236878.000000, 11474.246094
-2.200000, 17902.917969, 17902.917969, 70234392.000000, 70234392.000000, -1200123.250000, -11532.210938
-2.150000, 31495.412109, 31495.412109, 70762208.000000, 70762208.000000, -1170782.125000, -42722.292969
-2.100000, 33057.234375, 33057.234375, 71268448.000000, 71268448.000000, -1180254.625000, -73029.671875
-2.050000, 75090.843750, 75090.843750, 71820392.000000, 71820392.000000, -1353428.250000, -97358.937500
-2.000000, 223299.281250, 223299.281250, 72305904.000000, 72305904.000000, -1733676.250000, -181896.203125
-1.950000, 250205.406250, 250205.406250, 72654208.000000, 72654208.000000, -1975406.375000, -221643.812500
-1.900000, 153489.890625, 153489.890625, 72892416.000000, 72892416.000000, -1839146.375000, -155597.031250
-1.850000, 110787.335938, 110787.335938, 73143768.000000, 73143768.000000, -1378228.750000, -109697.453125
-1.800000, -6195.190430, -6195.190430, 73594080.000000, 73594080.000000, -702015.187500, -110844.320312
-1.750000, -161971.046875, -161971.046875, 74228992.000000, 74228992.000000, -120529.250000, -151848.265625
-1.700000, -148169.390625, -148169.390625, 75077648.000000, 75077648.000000, 166711.859375, -232078.109375
-1.650000, -59296.738281, -59296.738281, 76194424.000000, 76194424.000000, 242625.484375, -358983.218750
-1.600000, -31655.039062, -31655.039062, 77422144.000000, 77422144.000000, 115255.406250, -510270.562500
-1.550000, -33671.593750, -33671.593750, 78542160.000000, 78542160.000000, -377289.906250, -565414.187500
-1.500000, 62786.800781, 62786.800781, 79251032.000000, 79251032.000000, -1467403.000000, -512326.906250
-1.450000, 263368.000000, 263368.000000, 79392064.000000, 79392064.000000, -2925650.750000, -433476.125000
-1.400000, 338069.000000, 338069.000000, 78991720.000000, 78991720.000000, -4017455.000000, -353224.000000
-1.350000, 319968.843750, 319968.843750, 78173168.000000, 78173168.000000, -4350045.500000, -216518.328125
-1.300000, 315965.875000, 315965.875000, 77396240.000000, 77396240.000000, -3971754.500000, -113902.281250
-1.250000, 70508.351562, 70508.351562, 77001496.000000, 77001496.000000, -3070073.000000, -215554.875000
-1.200000, -387571.625000, -387571.625000, 77034472.000000, 77034472.000000, -1871015.375000, -357035.968750
-1.150000, -761739.687500, -761739.687500, 77520248.000000, 77520248.000000, -415163.250000, -445084.562500
-1.100000, -960291.812500, -960291.812500, 78505712.000000, 78505712.000000, 1228439.000000, -641150.500000
-1.050000, -863141.687500, -863141.687500, 80090952.000000, 80090952.000000, 2653768.250000, -988294.250000
-1.000000, -457155.031250, -457155.031250, 82059536.000000, 82059536.000000, 3454178.500000, -1374870.375000
-0.950000, 81024.632812, 81024.632812, 84176896.000000, 84176896.000000, 3588960.750000, -1590881.625000
-0.900000, 641695.562500, 641695.562500, 86370648.000000, 86370648.000000, 3045558.000000, -1644109.875000
-0.850000, 1205233.250000, 1205233.250000, 88278824.000000, 88278824.000000, 1735922.875000, -1472005.625000
-0.800000, 1799474.125000, 1799474.125000, 89594256.000000, 89594256.000000, -152421.046875, -838345.625000
-0.750000, 2250120.750000, 2250120.750000, 90059856.000000, 90059856.000000, -2403440.750000, 32227.222656
-0.700000, 2168378.750000, 2168378.750000, 89611520.000000, 89611520.000000, -4633203.000000, 850773.187500
-0.650000, 1425526.750000, 1425526.750000, 88523600.000000, 88523600.000000, -6188163.500000, 1429825.125000
-0.600000, 384028.531250, 384028.531250, 86965816.000000, 86965816.000000, -6805640.000000, 1594203.500000
-0.550000, -684030.062500, -684030.062500, 85178160.000000, 85178160.000000, -6464145.000000, 1463749.000000
-0.500000, -1853666.750000, -1853666.750000, 83296920.000000, 83296920.000000, -5374453.000000, 1045206.250000
-0.450000, -2815284.750000, -2815284.750000, 81670464.000000, 81670464.000000, -3848067.250000, 309456.875000
-0.400000, -3257988.750000, -3257988.750000, 80959304.000000, 80959304.000000, -1756255.000000, -676828.875000
-0.350000, -3257810.500000, -3257810.500000, 81407416.000000, 81407416.000000, 621498.625000, -1933256.500000
-0.300000, -2706550.500000, -2706550.500000, 83153736.000000, 83153736.000000, 2655675.000000, -3243948.750000
-0.250000, -1688108.500000, -1688108.500000, 85958568.000000, 85958568.000000, 4079065.000000, -4322899.500000
-0.200000, -285428.093750, -285428.093750, 89450760.000000, 89450760.000000, 4663588.000000, -5008115.500000
-0.150000, 1442670.500000, 1442670.500000, 93421608.000000, 93421608.000000, 4446605.500000, -5100781.000000
-0.100000, 3181700.250000, 3181700.250000, 97311456.000000, 97311456.000000, 3406406.750000, -4390202.500000
-0.050000, 4949420.000000, 4949420.000000, 100769912.000000, 100769912.000000, 1447864.500000, -2878246.750000
0.000000, 5875410.000000, 5875410.000000, 102508640.000000, 102508640.000000, -844071.812500, -844071.812500
0.050000, 4949420.000000, 4949420.000000, 100769912.000000, 100769912.000000, -2878246.750000, 1447864.500000
0.100000, 3181700.250000, 3181700.250000, 97311456.000000, 97311456.000000, -4390202.500000, 3406406.750000
0.150000, 1442670.500000, 1442670.500000, 93421608.000000, 93421608.000000, -5100781.000000, 4446605.500000
0.200000, -285428.093750, -285428.093750, 89450760.000000, 89450760.000000, -5008115.500000, 4663588.000000
0.250000, -1688108.500000, -1688108.500000, 85958568.000000, 85958568.000000, -4322899.500000, 4079065.000000
0.300000, -2706550.500000, -2706550.500000, 83153736.000000, 83153736.000000, -3243948.750000, 2655675.000000
0.350000, -3257810.500000, -3257810.500000, 81407416.000000, 81407416.000000, -1933256.500000, 621498.625000
0.400000, -3257988.750000, -3257988.750000, 80959304.000000, 80959304.000000, -676828.875000, -1756255.000000
0.450000, -2815284.750000, -2815284.750000, 81670464.000000, 81670464.000000, 309456.875000, -3848067.250000
0.500000, -1853666.750000, -1853666.750000, 83296920.000000, 83296920.000000, 1045206.250000, -5374453.000000
0.550000, -684030.062500, -684030.062500, 85178160.000000, 85178160.000000, 1463749.000000, -6464145.000000
0.600000, 384028.531250, 384028.531250, 86965816.000000, 86965816.000000, 1594203.500000, -6805640.000000
0.650000, 1425526.750000, 1425526.750000, 88523600.000000, 88523600.000000, 1429825.125000, -6188163.500000
0.700000, 2168378.750000, 2168378.750000, 89611520.000000, 89611520.000000, 850773.187500, -4633203.000000
0.750000, 2250120.750000, 2250120.750000, 90059856.000000, 90059856.000000, 32227.222656, -2403440.750000
0.800000, 1799474.125000, 1799474.125000, 89594256.000000, 89594256.000000, -838345.625000, -152421.046875
0.850000, 1205233.250000, 1205233.250000, 88278824.000000, 88278824.000000, -1472005.625000, 1735922.875000
0.900000, 641695.562500, 641695.562500, 86370648.000000, 86370648.000000, -1644109.875000, 3045558.000000
0.950000, 81024.632812, 81024.632812, 84176896.000000, 84176896.000000, -1590881.625000, 3588960.750000
1.000000, -457155.031250, -457155.031250, 82059536.000000, 82059536.000000, -1374870.375000, 3454178.500000
1.050000, -863141.687500, -863141.687500, 80090952.000000, 80090952.000000, -988294.250000, 2653768.250000
1.100000, -960291.812500, -960291.812500, 78505712.000000, 78505712.000000, -641150.500000, 1228439.000000
1.150000, -761739.687500, -761739.687500, 77520248.000000, 77520248.000000, -445084.562500, -415163.250000
1.200000, -387571.625000, -387571.625000, 77034472.000000, 77034472.000000, -357035.968750, -1871015.375000
1.250000, 70508.351562, 70508.351562, 77001496.000000, 77001496.000000, -215554.875000, -3070073.000000
1.300000, 315965.875000, 315965.875000, 77396240.000000, 77396240.000000, -113902.281250, -3971754.500000
1.350000, 319968.843750, 319968.843750, 78173168.000000, 78173168.000000, -216518.328125, -4350045.500000
1.400000, 338069.000000, 338069.000000, 78991720.000000, 78991720.000000, -353224.000000, -4017455.000000
1.450000, 263368.000000, 263368.000000, 79392064.000000, 79392064.000000, -433476.125000, -2925650.750000
1.500000, 62786.800781, 62786.800781, 79251032.000000, 79251032.000000, -512326.906250, -1467403.000000
1.550000, -33671.593750, -33671.593750, 78542160.000000, 78542160.000000, -565414.187500, -377289.906250
1.600000, -31655.039062, -31655.039062, 77422144.000000, 77422144.000000, -510270.562500, 115255.406250
1.650000, -59296.738281, -59296.738281, 76194424.000000, 76194424.000000, -358983.218750, 242625.484375
1.700000, -148169.390625, -148169.390625, 75077648.000000, 75077648.000000, -232078.109375, 166711.859375
1.750000, -161971.046875, -161971.046875, 74228992.000000, 74228992.000000, -151848.265625, -120529.250000
1.800000, -6195.190430, -6195.190430, 73594080.000000, 73594080.000000, -110844.320312, -702015.187500
1.850000, 110787.335938, 110787.335938, 73143768.000000, 73143768.000000, -109697.453125, -1378228.750000
1.900000, 153489.890625, 153489.890625, 72892416.000000, 72892416.000000, -155597.031250, -1839146.375000
1.950000, 250205.406250, 250205.406250, 72654208.000000, 72654208.000000, -221643.812500, -1975406.375000
2.000000, 223299.281250, 223299.281250, 72305904.000000, 72305904.000000, -181896.203125, -1733676.250000
2.050000, 75090.843750, 75090.843750, 71820392.000000, 71820392.000000, -97358.937500, -1353428.250000
2.100000, 33057.234375, 33057.234375, 71268448.000000, 71268448.000000, -73029.671875, -1180254.625000
2.150000, 31495.412109, 31495.412109, 70762208.000000, 70762208.000000, -42722.292969, -1170782.125000
2.200000, 17902.917969, 17902.917969, 70234392.000000, 70234392.000000, -11532.210938, -1200123.250000
2.250000, 29573.054688, 29573.054688, 69706896.000000, 69706896.000000, 11474.246094, -1236878.000000
2.300000, 15658.586914, 15658.586914, 69206592.000000, 69206592.000000, 55365.363281, -1261889.000000
2.350000, 9754.418945, 9754.418945, 68651760.000000, 68651760.000000, 102604.218750, -1315061.875000
2.400000, 15484.980469, 15484.980469, 68134856.000000, 68134856.000000, 157680.703125, -1406522.625000
2.450000, 20840.373047, 20840.373047, 67639728.000000, 67639728.000000, 196220.609375, -1477861.625000
2.500000, 70807.976562, 70807.976562, 67120752.000000, 67120752.000000, 191095.312500, -1487628.750000
2.550000, 110351.351562, 110351.351562, 66657008.000000, 66657008.000000, 175525.343750, -1523020.750000
2.600000, 98444.164062, 98444.164062, 66128288.000000, 66128288.000000, 159739.546875, -1553026.375000
2.650000, 43773.917969, 43773.917969, 65560036.000000, 65560036.000000, 150189.906250, -1463256.750000
2.700000, -33591.058594, -33591.058594, 65075772.000000, 65075772.000000, 175910.406250, -1437489.000000
2.750000, -63621.648438, -63621.648438, 64614332.000000, 64614332.000000, 218776.609375, -1496656.750000
2.800000, -46030.851562, -46030.851562, 64152176.000000, 64152176.000000, 272022.531250, -1496102.750000
2.850000, -26000.544922, -26000.544922, 63627144.000000, 63627144.000000, 352836.781250, -1512337.750000
2.900000, -22559.343750, -22559.343750, 63143364.000000, 63143364.000000, 421454.843750, -1545994.875000
2.950000, -44033.250000, -44033.250000, 62636528.000000, 62636528.000000, 450931.937500, -1590622.625000
3.000000, -52422.433594, -52422.433594, 61728564.000000, 61728564.000000, 471412.125000, -1519704.375000
3.050000, -24817.115234, -24817.115234, 60668772.000000, 60668772.000000, 506149.093750, -1327535.250000
3.100000, -7466.238770, -7466.238770, 59809996.000000, 59809996.000000, 525872.875000, -1355906.750000
3.150000, -20925.404297, -20925.404297, 59203876.000000, 59203876.000000, 522440.125000, -1425122.000000
3.200000, -12169.346680, -12169.346680, 59012812.000000, 59012812.000000, 542706.500000, -1393664.000000
3.250000, 23661.056641, 23661.056641, 59049460.000000, 59049460.000000, 561776.375000, -1493760.625000
3.300000, 29608.154297, 29608.154297, 59070300.000000, 59070300.000000, 563995.937500, -1520661.500000
3.350000, 12903.838867, 12903.838867, 59091404.000000, 59091404.000000, 566231.750000, -1436791.250000
3.400000, -12787.227539, -12787.227539, 59149140.000000, 59149140.000000, 566407.375000, -1391336.000000
3.450000, -59055.109375, -59055.109375, 59195152.000000, 59195152.000000, 631426.750000, -1372010.875000
3.500000, -84265.546875, -84265.546875, 58961004.000000, 58961004.000000, 703876.125000, -1399304.250000
3.550000, -67530.750000, -67530.750000, 58359884.000000, 58359884.000000, 716553.375000, -1299178.750000
3.600000, -48882.539062, -48882.539062, 57475096.000000, 57475096.000000, 736073.312500, -1130330.625000
3.650000, -44114.644531, -44114.644531, 56478356.000000, 56478356.000000, 713947.625000, -1055384.250000
3.700000, -28755.875000, -28755.875000, 55544876.000000, 55544876.000000, 704273.625000, -950059.687500
3.750000, 4763.241211, 4763.241211, 54532628.000000, 54532628.000000, 768723.937500, -888305.875000
3.800000, 21410.513672, 21410.513672, 53520084.000000, 53520084.000000, 786527.937500, -1047580.625000
3.850000, 2141.279541, 2141.279541, 52650832.000000, 52650832.000000, 822290.125000, -1544986.250000
3.900000, -17951.353516, -17951.353516, 52007148.000000, 52007148.000000, 909428.125000, -2242074.250000
3.950000, -22344.214844, -22344.214844, 51740032.000000, 51740032.000000, 933502.375000, -2778798.250000
4.000000, -32162.062500, -32162.062500, 51547940.000000, 51547940.000000, 956394.250000, -3150483.500000
4.050000, -44439.136719, -44439.136719, 51379096.000000, 51379096.000000, 998817.625000, -3415364.000000
4.100000, -58168.835938, -58168.835938, 51370036.000000, 51370036.000000, 1022085.875000, -3512363.000000
4.150000, -87806.968750, -87806.968750, 51299488.000000, 51299488.000000, 1102875.750000, -3526404.750000
4.200000, -115225.726562, -115225.726562, 51186248.000000, 51186248.000000, 1131346.750000, -3497958.000000
4.250000, -129870.835938, -129870.835938, 51026172.000000, 51026172.000000, 1037315.062500, -3312567.750000
4.300000, -144099.812500, -144099.812500, 50782452.000000, 50782452.000000, 1149024.500000, -2910040.750000
4.350000, -135916.078125, -135916.078125, 50441672.000000, 50441672.000000, 1541180.125000, -2510237.000000
4.400000, -97999.546875, -97999.546875, 49915436.000000, 49915436.000000, 1862898.250000, -2139258.250000
4.450000, -55687.035156, -55687.035156, 49357688.000000, 49357688.000000, 1973736.750000, -1598695.250000
4.500000, -10496.367188, -10496.367188, 48704504.000000, 48704504.000000, 1920124.000000, -1230672.375000
4.550000, 2464.143066, 2464.143066, 47873672.000000, 47873672.000000, 1749310.500000, -1325291.125000
4.600000, -29474.664062, -29474.664062, 47045848.000000, 47045848.000000, 1518248.500000, -1618514.500000
4.650000, -31441.917969, -31441.917969, 46333876.000000, 46333876.000000, 1221744.000000, -1941100.250000
4.700000, -14458.431641, -14458.431641, 45727652.000000, 45727652.000000, 912231.812500, -2251258.250000
4.750000, -34207.019531, -34207.019531, 44976788.000000, 44976788.000000, 606543.687500, -2509339.000000
4.800000, -51789.390625, -51789.390625, 44141396.000000, 44141396.000000, 387086.343750, -2688374.250000
4.850000, -51583.656250, -51583.656250, 43464784.000000, 43464784.000000, 516184.843750, -2768768.250000
4.900000, -64090.218750, -64090.218750, 42874452.000000, 42874452.000000, 929432.250000, -2780361.750000
4.950000, -86561.265625, -86561.265625, 42364076.000000, 42364076.000000, 1362868.000000, -2544128.750000
5.000000, -99765.742188, -99765.742188, 41908720.000000, 41908720.000000, 1777901.250000, -2078093.125000
5.050000, -94707.687500, -94707.687500, 41603308.000000, 41603308.000000, 2202277.250000, -1867014.125000
5.100000, -82981.781250, -82981.781250, 41448516.000000, 41448516.000000, 2522493.000000, -1960867.125000
5.150000, -81126.851562, -81126.851562, 41226788.000000, 41226788.000000, 2653352.500000, -1996532.375000
5.200000, -84950.242188, -84950.242188, 41100712.000000, 41100712.000000, 2708598.500000, -1957078.875000
5.250000, -84446.367188, -84446.367188, 41052276.000000, 41052276.000000, 2645876.000000, -1927027.875000
5.300000, -82880.390625, -82880.390625, 40924828.000000, 40924828.000000, 2457154.250000, -1893699.750000
5.350000, -82034.460938, -82034.460938, 40805632.000000, 40805632.000000, 2215822.500000, -1899324.250000
5.400000, -73806.656250, -73806.656250, 40574360.000000, 40574360.000000, 1746348.375000, -1862549.625000
5.450000, -51123.812500, -51123.812500, 40107664.000000, 40107664.000000, 1135619.500000, -1768732.000000
5.500000, -28601.083984, -28601.083984, 39373244.000000, 39373244.000000, 563018.750000, -1750545.750000
5.550000, -23580.943359, -23580.943359, 38445640.000000, 38445640.000000, 145184.562500, -1721521.000000
5.600000, -19559.687500, -19559.687500, 37490908.000000, 37490908.000000, 62274.996094, -1638870.250000
5.650000, -15120.160156, -15120.160156, 36532700.000000, 36532700.000000, 119366.687500, -1595783.875000
5.700000, -21169.816406, -21169.816406, 35561996.000000, 35561996.000000, 217485.953125, -1547426.375000
5.750000, -22754.814453, -22754.814453, 34599348.000000, 34599348.000000, 369941.843750, -1527501.250000
5.800000, -22170.853516, -22170.853516, 33832608.000000, 33832608.000000, 443351.312500, -1547350.875000
5.850000, -21638.160156, -21638.160156, 33403102.000000, 33403102.000000, 507624.937500, -1518792.250000
5.900000, -19907.535156, -19907.535156, 33260620.000000, 33260620.000000, 533361.500000, -1497594.625000
5.950000, -29128.816406, -29128.816406, 33320476.000000, 33320476.000000, 575754.187500, -1502991.875000
6.000000, -36704.085938, -36704.085938, 33330910.000000, 33330910.000000, 721640.250000, -1494319.125000
6.050000, -34169.929688, -34169.929688, 33309264.000000, 33309264.000000, 714197.875000, -1484887.000000
6.100000, -31690.734375, -31690.734375, 33405674.000000, 33405674.000000, 623613.062500, -1474796.875000
6.150000, -30664.378906, -30664.378906, 33330850.000000, 33330850.000000, 626090.812500, -1461715.375000
6.200000, -26739.875000, -26739.875000, 32958168.000000, 32958168.000000, 559804.750000, -1435020.875000
6.250000, -21533.410156, -21533.410156, 32323768.000000, 32323768.000000, 499152.250000, -1408150.125000
6.300000, -24924.310547, -24924.310547, 31358594.000000, 31358594.000000, 587625.500000, -1372491.750000
6.350000, -30269.228516, -30269.228516, 30371184.000000, 30371184.000000, 696888.312500, -1317191.375000
6.400000, -31252.976562, -31252.976562, 29656616.000000, 29656616.000000, 738768.812500, -1295561.750000
6.450000, -32650.861328, -32650.861328, 29111488.000000, 29111488.000000, 711118.312500, -1286295.750000
6.500000, -30494.949219, -30494.949219, 28615198.000000, 28615198.000000, 669166.000000, -1259914.375000
6.550000, -29242.875000, -29242.875000, 28097014.000000, 28097014.000000, 664861.875000, -1224678.875000
6.600000, -27696.435547, -27696.435547, 27573994.000000, 27573994.000000, 635680.125000, -1176728.375000
6.650000, -23234.039062, -23234.039062, 27088714.000000, 27088714.000000, 617524.875000, -1156259.500000
6.700000, -25142.800781, -25142.800781, 26587270.000000, 26587270.000000, 638461.750000, -1137146.875000
6.750000, -27135.892578, -27135.892578, 26081826.000000, 26081826.000000, 613613.875000, -1095560.875000
6.800000, -25142.812500, -25142.812500, 25576924.000000, 25576924.000000, 583115.562500, -1071365.250000
6.850000, -24005.156250, -24005.156250, 25063680.000000, 25063680.000000, 573053.000000, -1042944.625000
6.900000, -24676.605469, -24676.605469, 24573456.000000, 24573456.000000, 554432.187500, -1016890.687500
6.950000, -24795.404297, -24795.404297, 24061344.000000, 24061344.000000, 547802.062500, -999968.750000
7.000000, -19770.968750, -19770.968750, 23545798.000000, 23545798.000000, 533424.937500, -967864.125000
7.050000, -18338.619141, -18338.619141, 23054262.000000, 23054262.000000, 519684.625000, -930431.562500
7.100000, -20375.003906, -20375.003906, 22537366.000000, 22537366.000000, 517308.281250, -882199.312500
7.150000, -18761.746094, -18761.746094, 22030450.000000, 22030450.000000, 502620.062500, -849743.250000
7.200000, -20320.744141, -20320.744141, 21535802.000000, 21535802.000000, 492191.062500, -838076.187500
7.250000, -19843.458984, -19843.458984, 21030496.000000, 21030496.000000, 481106.500000, -810619.625000
7.300000, -16970.781250, -16970.781250, 20535942.000000, 20535942.000000, 468211.593750, -783298.062500
7.350000, -18386.708984, -18386.708984, 20029578.000000, 20029578.000000, 457938.500000, -757049.687500
7.400000, -16751.537109, -16751.537109, 19527532.000000, 19527532.000000, 433613.156250, -729559.687500
7.450000, -14469.170898, -14469.170898, 19030762.000000, 19030762.000000, 421479.750000, -702188.250000
7.500000, -15579.481445, -15579.481445, 18517248.000000, 18517248.000000, 432077.062500, -667851.000000
7.550000, -16033.173828, -16033.173828, 18015878.000000, 18015878.000000, 434424.218750, -640952.125000
7.600000, -14718.458008, -14718.458008, 17517672.000000, 17517672.000000, 415080.281250, -615146.750000
7.650000, -13567.160156, -13567.160156, 17022658.000000, 17022658.000000, 393597.687500, -605878.187500
7.700000, -14654.273438, -14654.273438, 16529123.000000, 16529123.000000, 387446.968750, -599004.937500
7.750000, -12839.695312, -12839.695312, 16010561.000000, 16010561.000000, 382108.781250, -562172.750000
7.800000, -11214.875977, -11214.875977, 15489831.000000, 15489831.000000, 370767.125000, -542539.937500
7.850000, -13609.551758, -13609.551758, 14984270.000000, 14984270.000000, 348149.031250, -523864.562500
7.900000, -11754.015625, -11754.015625, 14476220.000000, 14476220.000000, 322239.218750, -482698.812500
7.950000, -9761.406250, -9761.406250, 13956659.000000, 13956659.000000, 317447.593750, -466241.687500
8.000000, -10523.568359, -10523.568359, 13460693.000000, 13460693.000000, 307601.187500, -455451.781250
8.050000, -8879.873047, -8879.873047, 12961297.000000, 12961297.000000, 275501.906250, -430022.031250
8.100000, -8297.063477, -8297.063477, 12421292.000000, 12421292.000000, 255660.796875, -406340.125000
8.150000, -8571.042969, -8571.042969, 11912576.000000, 11912576.000000, 258395.500000, -386521.687500
8.200000, -7999.728027, -7999.728027, 11406781.000000, 11406781.000000, 255173.156250, -368099.156250
8.250000, -8594.809570, -8594.809570, 10894056.000000, 10894056.000000, 244874.640625, -343936.812500
8.300000, -9114.725586, -9114.725586, 10415380.000000, 10415380.000000, 245692.187500, -321009.968750
8.350000, -7311.582520, -7311.582520, 9904223.000000, 9904223.000000, 226475.031250, -302658.406250
8.400000, -5043.517578, -5043.517578, 9396298.000000, 9396298.000000, 197118.796875, -289723.437500
8.450000, -5646.730957, -5646.730957, 8889399.000000, 8889399.000000, 198695.281250, -276599.625000
8.500000, -5836.094727, -5836.094727, 8383546.500000, 8383546.500000, 190962.265625, -250664.328125
8.550000, -4639.858887, -4639.858887, 7920973.500000, 7920973.500000, 179151.921875, -235811.343750
8.600000, -5368.612793, -5368.612793, 7398571.500000, 7398571.500000, 187232.000000, -233158.046875
8.650000, -5920.663574, -5920.663574, 6892452.500000, 6892452.500000, 177304.859375, -215689.437500
8.700000, -5309.116211, -5309.116211, 6412062.500000, 6412062.500000, 156024.187500, -197122.906250
8.750000, -4467.983887, -4467.983887, 5865873.500000, 5865873.500000, 127137.921875, -189355.062500
8.800000, -3396.608398, -3396.608398, 5359168.000000, 5359168.000000, 98149.257812, -175940.656250
8.850000, -2865.870117, -2865.870117, 4856724.500000, 4856724.500000, 94004.804688, -152474.937500
8.900000, -2787.396729, -2787.396729, 4367635.500000, 4367635.500000, 93661.570312, -129586.390625
8.950000, -2621.041016, -2621.041016, 3869200.250000, 3869200.250000, 90175.281250, -108300.546875
9.000000, -2109.346436, -2109.346436, 3319058.500000, 3319058.500000, 83740.781250, -93762.781250
9.050000, -2273.244873, -2273.244873, 2856785.750000, 2856785.750000, 81414.117188, -87876.375000
9.100000, -2657.766357, -2657.766357, 2331777.500000, 2331777.500000, 81142.867188, -72151.804688
9.150000, -1784.106934, -1784.106934, 1795224.500000, 1795224.500000, 57983.671875, -54230.437500
9.200000, -1179.892334, -1179.892334, 1388499.750000, 1388499.750000, 38570.484375, -46020.101562
9.250000, -1075.138672, -1075.138672, 799213.625000, 799213.625000, 30101.156250, -28942.316406
9.300000, -419.948029, -419.948029, 204752.328125, 204752.328125, 11261.378906, -7635.417969
