Time 1XX 1YY 2XX 2YY 1X2Y 1Y2X 
-9.250000, 0.000000, 0.000000, 0.000000, 0.000000, 0.000000, 0.000000
-9.200000, 141.980103, 141.980103, 10629.414062, 10629.414062, 3249.766113, 464.391968
-9.150000, 730.222107, 730.222107, 41935.976562, 41935.976562, 12884.014648, 2379.455566
-9.100000, 1031.475342, 1031.475342, 72746.046875, 72746.046875, 21779.031250, 3429.200195
-9.050000, 91.762634, 91.762634, 92163.890625, 92163.890625, 25699.441406, 768.917480
-9.000000, -714.451660, -714.451660, 118653.070312, 118653.070312, 32777.820312, -1700.936279
-8.950000, 28.692291, 28.692291, 146688.406250, 146688.406250, 42860.640625, -401.133911
-8.900000, 830.929871, 830.929871, 170012.890625, 170012.890625, 48761.617188, 1717.504395
-8.850000, -843.424561, -843.424561, 196049.921875, 196049.921875, 53146.406250, -1929.324097
-8.800000, -2744.674561, -2744.674561, 220504.234375, 220504.234375, 61668.835938, -7596.490234
-8.750000, -1072.351318, -1072.351318, 245752.609375, 245752.609375, 72206.351562, -5276.952148
-8.700000, -73.263916, -73.263916, 271236.531250, 271236.531250, 80407.015625, -4016.323730
-8.650000, -2159.438721, -2159.438721, 294243.750000, 294243.750000, 87964.828125, -6933.178711
-8.600000, -2731.037598, -2731.037598, 319071.062500, 319071.062500, 95973.000000, -6108.909180
-8.550000, -1588.442993, -1588.442993, 343514.468750, 343514.468750, 103532.507812, -7007.240723
-8.500000, -1077.525635, -1077.525635, 368821.562500, 368821.562500, 112761.554688, -6553.504395
-8.450000, -1394.083984, -1394.083984, 394278.750000, 394278.750000, 122370.593750, -3876.543945
-8.400000, -1841.463135, -1841.463135, 418386.062500, 418386.062500, 128797.148438, -5016.898926
-8.350000, -2967.916504, -2967.916504, 443311.093750, 443311.093750, 134771.906250, -7653.243164
-8.300000, -4436.269531, -4436.269531, 467460.718750, 467460.718750, 144592.859375, -13071.703125
-8.250000, -3738.940674, -3738.940674, 493041.437500, 493041.437500, 153379.062500, -14798.347656
-8.200000, -3766.640869, -3766.640869, 517748.875000, 517748.875000, 158401.812500, -13790.791992
-8.150000, -6239.351562, -6239.351562, 541164.875000, 541164.875000, 166494.375000, -17913.302734
-8.100000, -6060.405762, -6060.405762, 567296.000000, 567296.000000, 176285.609375, -17910.238281
-8.050000, -3884.037109, -3884.037109, 590999.687500, 590999.687500, 184450.671875, -17553.818359
-8.000000, -5106.309570, -5106.309570, 613745.187500, 613745.187500, 193282.906250, -21436.943359
-7.950000, -7557.075684, -7557.075684, 638639.875000, 638639.875000, 201407.578125, -21339.279297
-7.900000, -7158.708984, -7158.708984, 662579.625000, 662579.625000, 209707.187500, -22979.060547
-7.850000, -6934.303711, -6934.303711, 686704.875000, 686704.875000, 217690.734375, -24566.029297
-7.800000, -7431.772461, -7431.772461, 711212.687500, 711212.687500, 222596.296875, -21432.066406
-7.750000, -7677.648438, -7677.648438, 735405.562500, 735405.562500, 228588.718750, -24588.687500
-7.700000, -9016.467773, -9016.467773, 759173.625000, 759173.625000, 239140.046875, -28582.417969
-7.650000, -8562.302734, -8562.302734, 782774.000000, 782774.000000, 248763.500000, -26377.757812
-7.600000, -9076.723633, -9076.723633, 806313.000000, 806313.000000, 253182.437500, -30675.769531
-7.550000, -10907.805664, -10907.805664, 830854.750000, 830854.750000, 261831.406250, -32464.351562
-7.500000, -3879.338379, -3879.338379, 867075.437500, 867075.437500, 279090.656250, -11097.087891
-7.450000, 11073.833984, 11073.833984, 918589.875000, 918589.875000, 296600.687500, 31015.642578
-7.400000, 24391.316406, 24391.316406, 966194.625000, 966194.625000, 310868.875000, 81978.273438
-7.350000, 25635.363281, 25635.363281, 994684.437500, 994684.437500, 320328.562500, 101033.125000
-7.300000, 14820.174805, 14820.174805, 1009238.625000, 1009238.625000, 326327.281250, 66630.179688
-7.250000, 7816.715820, 7816.715820, 1013987.187500, 1013987.187500, 329386.312500, 33967.667969
-7.200000, 4774.745605, 4774.745605, 1006120.812500, 1006120.812500, 328088.437500, 21196.150391
-7.150000, 1307.654541, 1307.654541, 994695.187500, 994695.187500, 328799.968750, 14288.791016
-7.100000, 3351.885254, 3351.885254, 983640.625000, 983640.625000, 329307.187500, 25229.779297
-7.050000, 15407.806641, 15407.806641, 960036.875000, 960036.875000, 325954.906250, 52595.636719
-7.000000, 63551.167969, 63551.167969, 939092.000000, 939092.000000, 324643.906250, 185879.953125
-6.950000, 117422.375000, 117422.375000, 913220.250000, 913220.250000, 318620.125000, 357489.531250
-6.900000, 84551.679688, 84551.679688, 847618.937500, 847618.937500, 302265.937500, 289936.250000
-6.850000, 20637.906250, 20637.906250, 798942.562500, 798942.562500, 290177.187500, 137897.953125
-6.800000, 21938.507812, 21938.507812, 787867.125000, 787867.125000, 289096.750000, 92396.890625
-6.750000, 4693.117188, 4693.117188, 761515.500000, 761515.500000, 284664.031250, -44334.656250
-6.700000, -73524.703125, -73524.703125, 749275.312500, 749275.312500, 274312.437500, -213977.281250
-6.650000, -113476.687500, -113476.687500, 758500.812500, 758500.812500, 277062.781250, -317863.218750
-6.600000, -98523.570312, -98523.570312, 759101.750000, 759101.750000, 286579.062500, -420108.656250
-6.550000, -101795.304688, -101795.304688, 751065.312500, 751065.312500, 277490.343750, -469759.750000
-6.500000, -117461.945312, -117461.945312, 736491.062500, 736491.062500, 266311.625000, -469398.218750
-6.450000, -95975.125000, -95975.125000, 740231.687500, 740231.687500, 272092.031250, -386277.968750
-6.400000, -62719.214844, -62719.214844, 742704.250000, 742704.250000, 273195.031250, -245798.937500
-6.350000, -39301.843750, -39301.843750, 729563.937500, 729563.937500, 265960.218750, -134468.906250
-6.300000, -265.628906, -265.628906, 733726.750000, 733726.750000, 271016.218750, 2515.906250
-6.250000, 30064.378906, 30064.378906, 737743.937500, 737743.937500, 280801.187500, 119197.242188
-6.200000, 6902.506836, 6902.506836, 729534.312500, 729534.312500, 273782.843750, 157395.750000
-6.150000, -18428.195312, -18428.195312, 724266.687500, 724266.687500, 267221.531250, 134488.296875
-6.100000, -2030.762695, -2030.762695, 736903.437500, 736903.437500, 277246.500000, 82170.812500
-6.050000, -20812.382812, -20812.382812, 763345.187500, 763345.187500, 280013.250000, 39641.265625
-6.000000, -52641.910156, -52641.910156, 778745.000000, 778745.000000, 282620.093750, -39510.687500
-5.950000, -23196.876953, -23196.876953, 800252.375000, 800252.375000, 297506.906250, -102488.453125
-5.900000, -3333.736572, -3333.736572, 827207.250000, 827207.250000, 304355.875000, -109432.851562
-5.850000, 1225.908203, 1225.908203, 844213.937500, 844213.937500, 312128.718750, -109835.226562
-5.800000, 26616.203125, 26616.203125, 869974.062500, 869974.062500, 327847.750000, -52275.792969
-5.750000, 41964.406250, 41964.406250, 897034.562500, 897034.562500, 337774.656250, 37254.007812
-5.700000, 45541.765625, 45541.765625, 921156.500000, 921156.500000, 343443.656250, 92911.843750
-5.650000, 19507.177734, 19507.177734, 950815.562500, 950815.562500, 353804.093750, 116996.726562
-5.600000, -10678.292969, -10678.292969, 981111.062500, 981111.062500, 372469.531250, 127678.406250
-5.550000, 11715.382812, 11715.382812, 1012063.437500, 1012063.437500, 386286.468750, 149583.437500
-5.500000, 46060.101562, 46060.101562, 1043766.875000, 1043766.875000, 392852.562500, 164103.546875
-5.450000, 35619.246094, 35619.246094, 1078845.625000, 1078845.625000, 399717.031250, 183103.953125
-5.400000, 31921.820312, 31921.820312, 1112018.875000, 1112018.875000, 407538.375000, 196287.328125
-5.350000, 95909.031250, 95909.031250, 1143712.875000, 1143712.875000, 420410.062500, 192085.828125
-5.300000, 127081.531250, 127081.531250, 1178774.625000, 1178774.625000, 426516.656250, 213371.250000
-5.250000, 89249.000000, 89249.000000, 1207935.625000, 1207935.625000, 427924.750000, 224570.781250
-5.200000, 84450.250000, 84450.250000, 1237890.000000, 1237890.000000, 440211.406250, 230964.406250
-5.150000, 103044.679688, 103044.679688, 1270782.375000, 1270782.375000, 458262.406250, 260545.203125
-5.100000, 86658.507812, 86658.507812, 1299999.375000, 1299999.375000, 469548.000000, 268708.125000
-5.050000, 38700.453125, 38700.453125, 1332731.250000, 1332731.250000, 472068.781250, 276161.406250
-5.000000, 48152.625000, 48152.625000, 1365170.750000, 1365170.750000, 491883.812500, 301087.375000
-4.950000, 87267.000000, 87267.000000, 1393521.375000, 1393521.375000, 510697.250000, 314316.562500
-4.900000, 45698.457031, 45698.457031, 1424589.125000, 1424589.125000, 506769.937500, 319835.093750
-4.850000, 51690.343750, 51690.343750, 1459371.500000, 1459371.500000, 526460.062500, 335317.187500
-4.800000, 102176.960938, 102176.960938, 1492621.500000, 1492621.500000, 551145.000000, 353898.937500
-4.750000, 100071.406250, 100071.406250, 1522986.000000, 1522986.000000, 554186.500000, 361523.187500
-4.700000, 135280.140625, 135280.140625, 1554508.500000, 1554508.500000, 561544.125000, 374659.437500
-4.650000, 152155.796875, 152155.796875, 1586492.000000, 1586492.000000, 570618.250000, 391892.687500
-4.600000, 138400.609375, 138400.609375, 1618520.750000, 1618520.750000, 587375.062500, 404913.281250
-4.550000, 140631.437500, 140631.437500, 1648943.000000, 1648943.000000, 599232.500000, 422076.000000
-4.500000, 128066.359375, 128066.359375, 1678030.500000, 1678030.500000, 609113.562500, 435801.562500
-4.450000, 153708.078125, 153708.078125, 1709493.000000, 1709493.000000, 634333.562500, 451192.375000
-4.400000, 144037.953125, 144037.953125, 1739188.000000, 1739188.000000, 641852.500000, 464233.687500
-4.350000, 110594.960938, 110594.960938, 1769778.750000, 1769778.750000, 651247.062500, 476936.843750
-4.300000, 154835.046875, 154835.046875, 1802724.625000, 1802724.625000, 674490.375000, 498444.468750
-4.250000, 162769.171875, 162769.171875, 1831606.000000, 1831606.000000, 681196.312500, 506827.250000
-4.200000, 133061.171875, 133061.171875, 1858688.000000, 1858688.000000, 689142.687500, 509945.343750
-4.150000, 152328.296875, 152328.296875, 1888329.750000, 1888329.750000, 709850.312500, 519476.312500
-4.100000, 205262.765625, 205262.765625, 1921392.125000, 1921392.125000, 733920.500000, 535238.625000
-4.050000, 220695.484375, 220695.484375, 1950165.625000, 1950165.625000, 743677.562500, 552723.812500
-4.000000, 171828.937500, 171828.937500, 1974852.875000, 1974852.875000, 747961.062500, 547830.875000
-3.950000, 172316.984375, 172316.984375, 2005431.625000, 2005431.625000, 768176.062500, 553847.125000
-3.900000, 210145.171875, 210145.171875, 2037335.375000, 2037335.375000, 786896.000000, 584988.437500
-3.850000, 209750.359375, 209750.359375, 2068769.750000, 2068769.750000, 796496.375000, 597545.125000
-3.800000, 206475.953125, 206475.953125, 2100232.000000, 2100232.000000, 796355.250000, 604217.812500
-3.750000, 211635.890625, 211635.890625, 2130973.250000, 2130973.250000, 808486.500000, 617706.937500
-3.700000, 234883.093750, 234883.093750, 2164726.000000, 2164726.000000, 829512.812500, 626050.062500
-3.650000, 256121.406250, 256121.406250, 2196396.750000, 2196396.750000, 828660.000000, 641958.312500
-3.600000, 256835.031250, 256835.031250, 2224693.500000, 2224693.500000, 835427.062500, 661917.875000
-3.550000, 232398.234375, 232398.234375, 2249214.500000, 2249214.500000, 841489.125000, 664992.437500
-3.500000, 204344.328125, 204344.328125, 2270354.500000, 2270354.500000, 862837.687500, 658095.937500
-3.450000, 236672.968750, 236672.968750, 2292191.500000, 2292191.500000, 938482.250000, 666111.875000
-3.400000, 255073.656250, 255073.656250, 2313689.250000, 2313689.250000, 1005535.937500, 691084.562500
-3.350000, 203251.578125, 203251.578125, 2336668.500000, 2336668.500000, 1027824.875000, 717300.625000
-3.300000, 148062.718750, 148062.718750, 2354850.000000, 2354850.000000, 1012555.125000, 724554.187500
-3.250000, 159147.984375, 159147.984375, 2375571.500000, 2375571.500000, 988116.562500, 730548.500000
-3.200000, 216108.812500, 216108.812500, 2402344.500000, 2402344.500000, 944406.937500, 764051.937500
-3.150000, 221999.265625, 221999.265625, 2417432.750000, 2417432.750000, 872944.625000, 776833.625000
-3.100000, 255722.031250, 255722.031250, 2436647.000000, 2436647.000000, 854651.000000, 759096.562500
-3.050000, 299310.281250, 299310.281250, 2450744.500000, 2450744.500000, 830035.750000, 749301.375000
-3.000000, 275042.906250, 275042.906250, 2442563.250000, 2442563.250000, 799099.187500, 739930.875000
-2.950000, 320363.906250, 320363.906250, 2447262.250000, 2447262.250000, 881981.125000, 751336.875000
-2.900000, 360830.281250, 360830.281250, 2462999.000000, 2462999.000000, 1001042.812500, 785503.312500
-2.850000, 345425.375000, 345425.375000, 2468112.000000, 2468112.000000, 1105008.125000, 810414.562500
-2.800000, 322175.875000, 322175.875000, 2461143.250000, 2461143.250000, 1199902.125000, 810679.375000
-2.750000, 275703.281250, 275703.281250, 2461338.000000, 2461338.000000, 1291110.250000, 814291.875000
-2.700000, 324116.968750, 324116.968750, 2475121.500000, 2475121.500000, 1358432.250000, 882160.937500
-2.650000, 314088.531250, 314088.531250, 2460159.500000, 2460159.500000, 1295968.750000, 930334.687500
-2.600000, 207676.296875, 207676.296875, 2446125.250000, 2446125.250000, 1202507.000000, 905946.625000
-2.550000, 205139.843750, 205139.843750, 2464760.000000, 2464760.000000, 1130498.625000, 907925.312500
-2.500000, 208653.375000, 208653.375000, 2466952.500000, 2466952.500000, 998816.875000, 923402.687500
-2.450000, 246629.546875, 246629.546875, 2449579.500000, 2449579.500000, 875210.937500, 922252.875000
-2.400000, 297768.531250, 297768.531250, 2428358.250000, 2428358.250000, 785732.062500, 911426.625000
-2.350000, 326114.281250, 326114.281250, 2409190.000000, 2409190.000000, 727194.437500, 901866.125000
-2.300000, 406147.812500, 406147.812500, 2370030.750000, 2370030.750000, 641650.875000, 922258.937500
-2.250000, 389817.468750, 389817.468750, 2313468.500000, 2313468.500000, 632097.437500, 924675.750000
-2.200000, 409059.531250, 409059.531250, 2308313.750000, 2308313.750000, 855203.062500, 938216.687500
-2.150000, 463302.937500, 463302.937500, 2306712.500000, 2306712.500000, 959605.187500, 976043.750000
-2.100000, 363822.687500, 363822.687500, 2276398.250000, 2276398.250000, 880938.125000, 980284.437500
-2.050000, 285745.125000, 285745.125000, 2275388.500000, 2275388.500000, 899652.625000, 994089.812500
-2.000000, 294781.875000, 294781.875000, 2274432.000000, 2274432.000000, 913487.062500, 1016804.125000
-1.950000, 381072.312500, 381072.312500, 2275654.000000, 2275654.000000, 894255.125000, 1050683.375000
-1.900000, 340575.093750, 340575.093750, 2288329.000000, 2288329.000000, 849527.937500, 1059012.875000
-1.850000, 247621.890625, 247621.890625, 2301206.500000, 2301206.500000, 816195.250000, 1019931.750000
-1.800000, 428717.031250, 428717.031250, 2342998.250000, 2342998.250000, 902514.062500, 1045830.062500
-1.750000, 553519.687500, 553519.687500, 2383023.750000, 2383023.750000, 980925.250000, 1058499.750000
-1.700000, 647761.250000, 647761.250000, 2419470.000000, 2419470.000000, 1047559.937500, 1046750.562500
-1.650000, 664222.937500, 664222.937500, 2448004.250000, 2448004.250000, 1045315.625000, 1071829.500000
-1.600000, 402667.406250, 402667.406250, 2454556.000000, 2454556.000000, 939631.312500, 1047202.875000
-1.550000, 327149.093750, 327149.093750, 2492843.250000, 2492843.250000, 879534.500000, 1079599.875000
-1.500000, 195062.453125, 195062.453125, 2527565.750000, 2527565.750000, 754106.687500, 1136369.625000
-1.450000, 16994.468750, 16994.468750, 2547926.250000, 2547926.250000, 646510.625000, 1114872.250000
-1.400000, 77544.523438, 77544.523438, 2587873.750000, 2587873.750000, 651500.000000, 1105052.000000
-1.350000, 136464.937500, 136464.937500, 2611396.500000, 2611396.500000, 667324.500000, 1068080.250000
-1.300000, 626184.000000, 626184.000000, 2632274.000000, 2632274.000000, 789470.687500, 1034443.062500
-1.250000, 1193580.000000, 1193580.000000, 2658876.000000, 2658876.000000, 928220.687500, 1009462.937500
-1.200000, 1243927.500000, 1243927.500000, 2708650.750000, 2708650.750000, 1062076.625000, 1004270.875000
-1.150000, 971071.062500, 971071.062500, 2776987.750000, 2776987.750000, 1198525.875000, 1079096.500000
-1.100000, 388862.750000, 388862.750000, 2824096.750000, 2824096.750000, 1257511.250000, 1126476.875000
-1.050000, -114097.421875, -114097.421875, 2898406.500000, 2898406.500000, 1351656.125000, 1197182.875000
-1.000000, -634298.437500, -634298.437500, 2961328.250000, 2961328.250000, 1318837.500000, 1223245.500000
-0.950000, -901772.562500, -901772.562500, 3005296.750000, 3005296.750000, 1198943.500000, 1194782.750000
-0.900000, -533786.687500, -533786.687500, 3090074.250000, 3090074.250000, 1088016.500000, 1246984.000000
-0.850000, -264611.031250, -264611.031250, 3160514.750000, 3160514.750000, 798848.875000, 1149532.500000
-0.800000, 543653.750000, 543653.750000, 3248041.750000, 3248041.750000, 570476.937500, 1072233.750000
-0.750000, 1990552.875000, 1990552.875000, 3347599.750000, 3347599.750000, 413839.843750, 1216184.375000
-0.700000, 2839342.500000, 2839342.500000, 3406041.000000, 3406041.000000, 246678.125000, 1284724.250000
-0.650000, 2875501.250000, 2875501.250000, 3448105.250000, 3448105.250000, 189343.062500, 1219016.500000
-0.600000, 2365411.750000, 2365411.750000, 3467910.750000, 3467910.750000, 213744.390625, 1172815.500000
-0.550000, 1756937.500000, 1756937.500000, 3533934.500000, 3533934.500000, 530877.750000, 1332931.250000
-0.500000, 376701.062500, 376701.062500, 3617150.000000, 3617150.000000, 954879.562500, 1418358.250000
-0.450000, -1545578.500000, -1545578.500000, 3694869.750000, 3694869.750000, 1306151.000000, 1370764.625000
-0.400000, -2726704.250000, -2726704.250000, 3853997.000000, 3853997.000000, 1716006.750000, 1649299.000000
-0.350000, -3783726.750000, -3783726.750000, 3977409.750000, 3977409.750000, 1939209.250000, 1798759.750000
-0.300000, -4147641.250000, -4147641.250000, 4040477.750000, 4040477.750000, 2036005.000000, 1563164.625000
-0.250000, -3031632.500000, -3031632.500000, 4126317.500000, 4126317.500000, 2082396.500000, 1340615.375000
-0.200000, -797667.187500, -797667.187500, 4255526.500000, 4255526.500000, 2120705.250000, 1254825.750000
-0.150000, 1669508.375000, 1669508.375000, 4396301.500000, 4396301.500000, 2078054.000000, 1232678.125000
-0.100000, 3369793.000000, 3369793.000000, 4455743.000000, 4455743.000000, 1780550.000000, 986479.125000
-0.050000, 6397812.000000, 6397812.000000, 4604762.500000, 4604762.500000, 1841237.875000, 1149341.000000
0.000000, 8764289.000000, 8764289.000000, 4757679.000000, 4757679.000000, 1812557.000000, 1812557.000000
0.050000, 6397812.000000, 6397812.000000, 4604762.500000, 4604762.500000, 1149341.000000, 1841237.875000
0.100000, 3369793.000000, 3369793.000000, 4455743.000000, 4455743.000000, 986479.125000, 1780550.000000
0.150000, 1669508.375000, 1669508.375000, 4396301.500000, 4396301.500000, 1232678.125000, 2078054.000000
0.200000, -797667.187500, -797667.187500, 4255526.500000, 4255526.500000, 1254825.750000, 2120705.250000
0.250000, -3031632.500000, -3031632.500000, 4126317.500000, 4126317.500000, 1340615.375000, 2082396.500000
0.300000, -4147641.250000, -4147641.250000, 4040477.750000, 4040477.750000, 1563164.625000, 2036005.000000
0.350000, -3783726.750000, -3783726.750000, 3977409.750000, 3977409.750000, 1798759.750000, 1939209.250000
0.400000, -2726704.250000, -2726704.250000, 3853997.000000, 3853997.000000, 1649299.000000, 1716006.750000
0.450000, -1545578.500000, -1545578.500000, 3694869.750000, 3694869.750000, 1370764.625000, 1306151.000000
0.500000, 376701.062500, 376701.062500, 3617150.000000, 3617150.000000, 1418358.250000, 954879.562500
0.550000, 1756937.500000, 1756937.500000, 3533934.500000, 3533934.500000, 1332931.250000, 530877.750000
0.600000, 2365411.750000, 2365411.750000, 3467910.750000, 3467910.750000, 1172815.500000, 213744.390625
0.650000, 2875501.250000, 2875501.250000, 3448105.250000, 3448105.250000, 1219016.500000, 189343.062500
0.700000, 2839342.500000, 2839342.500000, 3406041.000000, 3406041.000000, 1284724.250000, 246678.125000
0.750000, 1990552.875000, 1990552.875000, 3347599.750000, 3347599.750000, 1216184.375000, 413839.843750
0.800000, 543653.750000, 543653.750000, 3248041.750000, 3248041.750000, 1072233.750000, 570476.937500
0.850000, -264611.031250, -264611.031250, 3160514.750000, 3160514.750000, 1149532.500000, 798848.875000
0.900000, -533786.687500, -533786.687500, 3090074.250000, 3090074.250000, 1246984.000000, 1088016.500000
0.950000, -901772.562500, -901772.562500, 3005296.750000, 3005296.750000, 1194782.750000, 1198943.500000
1.000000, -634298.437500, -634298.437500, 2961328.250000, 2961328.250000, 1223245.500000, 1318837.500000
1.050000, -114097.421875, -114097.421875, 2898406.500000, 2898406.500000, 1197182.875000, 1351656.125000
1.100000, 388862.750000, 388862.750000, 2824096.750000, 2824096.750000, 1126476.875000, 1257511.250000
1.150000, 971071.062500, 971071.062500, 2776987.750000, 2776987.750000, 1079096.500000, 1198525.875000
1.200000, 1243927.500000, 1243927.500000, 2708650.750000, 2708650.750000, 1004270.875000, 1062076.625000
1.250000, 1193580.000000, 1193580.000000, 2658876.000000, 2658876.000000, 1009462.937500, 928220.687500
1.300000, 626184.000000, 626184.000000, 2632274.000000, 2632274.000000, 1034443.062500, 789470.687500
1.350000, 136464.937500, 136464.937500, 2611396.500000, 2611396.500000, 1068080.250000, 667324.500000
1.400000, 77544.523438, 77544.523438, 2587873.750000, 2587873.750000, 1105052.000000, 651500.000000
1.450000, 16994.468750, 16994.468750, 2547926.250000, 2547926.250000, 1114872.250000, 646510.625000
1.500000, 195062.453125, 195062.453125, 2527565.750000, 2527565.750000, 1136369.625000, 754106.687500
1.550000, 327149.093750, 327149.093750, 2492843.250000, 2492843.250000, 1079599.875000, 879534.500000
1.600000, 402667.406250, 402667.406250, 2454556.000000, 2454556.000000, 1047202.875000, 939631.312500
1.650000, 664222.937500, 664222.937500, 2448004.250000, 2448004.250000, 1071829.500000, 1045315.625000
1.700000, 647761.250000, 647761.250000, 2419470.000000, 2419470.000000, 1046750.562500, 1047559.937500
1.750000, 553519.687500, 553519.687500, 2383023.750000, 2383023.750000, 1058499.750000, 980925.250000
1.800000, 428717.031250, 428717.031250, 2342998.250000, 2342998.250000, 1045830.062500, 902514.062500
1.850000, 247621.890625, 247621.890625, 2301206.500000, 2301206.500000, 1019931.750000, 816195.250000
1.900000, 340575.093750, 340575.093750, 2288329.000000, 2288329.000000, 1059012.875000, 849527.937500
1.950000, 381072.312500, 381072.312500, 2275654.000000, 2275654.000000, 1050683.375000, 894255.125000
2.000000, 294781.875000, 294781.875000, 2274432.000000, 2274432.000000, 1016804.125000, 913487.062500
2.050000, 285745.125000, 285745.125000, 2275388.500000, 2275388.500000, 994089.812500, 899652.625000
2.100000, 363822.687500, 363822.687500, 2276398.250000, 2276398.250000, 980284.437500, 880938.125000
2.150000, 463302.937500, 463302.937500, 2306712.500000, 2306712.500000, 976043.750000, 959605.187500
2.200000, 409059.531250, 409059.531250, 2308313.750000, 2308313.750000, 938216.687500, 855203.062500
2.250000, 389817.468750, 389817.468750, 2313468.500000, 2313468.500000, 924675.750000, 632097.437500
2.300000, 406147.812500, 406147.812500, 2370030.750000, 2370030.750000, 922258.937500, 641650.875000
2.350000, 326114.281250, 326114.281250, 2409190.000000, 2409190.000000, 901866.125000, 727194.437500
2.400000, 297768.531250, 297768.531250, 2428358.250000, 2428358.250000, 911426.625000, 785732.062500
2.450000, 246629.546875, 246629.546875, 2449579.500000, 2449579.500000, 922252.875000, 875210.937500
2.500000, 208653.375000, 208653.375000, 2466952.500000, 2466952.500000, 923402.687500, 998816.875000
2.550000, 205139.843750, 205139.843750, 2464760.000000, 2464760.000000, 907925.312500, 1130498.625000
2.600000, 207676.296875, 207676.296875, 2446125.250000, 2446125.250000, 905946.625000, 1202507.000000
2.650000, 314088.531250, 314088.531250, 2460159.500000, 2460159.500000, 930334.687500, 1295968.750000
2.700000, 324116.968750, 324116.968750, 2475121.500000, 2475121.500000, 882160.937500, 1358432.250000
2.750000, 275703.281250, 275703.281250, 2461338.000000, 2461338.000000, 814291.875000, 1291110.250000
2.800000, 322175.875000, 322175.875000, 2461143.250000, 2461143.250000, 810679.375000, 1199902.125000
2.850000, 345425.375000, 345425.375000, 2468112.000000, 2468112.000000, 810414.562500, 1105008.125000
2.900000, 360830.281250, 360830.281250, 2462999.000000, 2462999.000000, 785503.312500, 1001042.812500
2.950000, 320363.906250, 320363.906250, 2447262.250000, 2447262.250000, 751336.875000, 881981.125000
3.000000, 275042.906250, 275042.906250, 2442563.250000, 2442563.250000, 739930.875000, 799099.187500
3.050000, 299310.281250, 299310.281250, 2450744.500000, 2450744.500000, 749301.375000, 830035.750000
3.100000, 255722.031250, 255722.031250, 2436647.000000, 2436647.000000, 759096.562500, 854651.000000
3.150000, 221999.265625, 221999.265625, 2417432.750000, 2417432.750000, 776833.625000, 872944.625000
3.200000, 216108.812500, 216108.812500, 2402344.500000, 2402344.500000, 764051.937500, 944406.937500
3.250000, 159147.984375, 159147.984375, 2375571.500000, 2375571.500000, 730548.500000, 988116.562500
3.300000, 148062.718750, 148062.718750, 2354850.000000, 2354850.000000, 724554.187500, 1012555.125000
3.350000, 203251.578125, 203251.578125, 2336668.500000, 2336668.500000, 717300.625000, 1027824.875000
3.400000, 255073.656250, 255073.656250, 2313689.250000, 2313689.250000, 691084.562500, 1005535.937500
3.450000, 236672.968750, 236672.968750, 2292191.500000, 2292191.500000, 666111.875000, 938482.250000
3.500000, 204344.328125, 204344.328125, 2270354.500000, 2270354.500000, 658095.937500, 862837.687500
3.550000, 232398.234375, 232398.234375, 2249214.500000, 2249214.500000, 664992.437500, 841489.125000
3.600000, 256835.031250, 256835.031250, 2224693.500000, 2224693.500000, 661917.875000, 835427.062500
3.650000, 256121.406250, 256121.406250, 2196396.750000, 2196396.750000, 641958.312500, 828660.000000
3.700000, 234883.093750, 234883.093750, 2164726.000000, 2164726.000000, 626050.062500, 829512.812500
3.750000, 211635.890625, 211635.890625, 2130973.250000, 2130973.250000, 617706.937500, 808486.500000
3.800000, 206475.953125, 206475.953125, 2100232.000000, 2100232.000000, 604217.812500, 796355.250000
3.850000, 209750.359375, 209750.359375, 2068769.750000, 2068769.750000, 597545.125000, 796496.375000
3.900000, 210145.171875, 210145.171875, 2037335.375000, 2037335.375000, 584988.437500, 786896.000000
3.950000, 172316.984375, 172316.984375, 2005431.625000, 2005431.625000, 553847.125000, 768176.062500
4.000000, 171828.937500, 171828.937500, 1974852.875000, 1974852.875000, 547830.875000, 747961.062500
4.050000, 220695.484375, 220695.484375, 1950165.625000, 1950165.625000, 552723.812500, 743677.562500
4.100000, 205262.765625, 205262.765625, 1921392.125000, 1921392.125000, 535238.625000, 733920.500000
4.150000, 152328.296875, 152328.296875, 1888329.750000, 1888329.750000, 519476.312500, 709850.312500
4.200000, 133061.171875, 133061.171875, 1858688.000000, 1858688.000000, 509945.343750, 689142.687500
4.250000, 162769.171875, 162769.171875, 1831606.000000, 1831606.000000, 506827.250000, 681196.312500
4.300000, 154835.046875, 154835.046875, 1802724.625000, 1802724.625000, 498444.468750, 674490.375000
4.350000, 110594.960938, 110594.960938, 1769778.750000, 1769778.750000, 476936.843750, 651247.062500
4.400000, 144037.953125, 144037.953125, 1739188.000000, 1739188.000000, 464233.687500, 641852.500000
4.450000, 153708.078125, 153708.078125, 1709493.000000, 1709493.000000, 451192.375000, 634333.562500
4.500000, 128066.359375, 128066.359375, 1678030.500000, 1678030.500000, 435801.562500, 609113.562500
4.550000, 140631.437500, 140631.437500, 1648943.000000, 1648943.000000, 422076.000000, 599232.500000
4.600000, 138400.609375, 138400.609375, 1618520.750000, 1618520.750000, 404913.281250, 587375.062500
4.650000, 152155.796875, 152155.796875, 1586492.000000, 1586492.000000, 391892.687500, 570618.250000
4.700000, 135280.140625, 135280.140625, 1554508.500000, 1554508.500000, 374659.437500, 561544.125000
4.750000, 100071.406250, 100071.406250, 1522986.000000, 1522986.000000, 361523.187500, 554186.500000
4.800000, 102176.960938, 102176.960938, 1492621.500000, 1492621.500000, 353898.937500, 551145.000000
4.850000, 51690.343750, 51690.343750, 1459371.500000, 1459371.500000, 335317.187500, 526460.062500
4.900000, 45698.457031, 45698.457031, 1424589.125000, 1424589.125000, 319835.093750, 506769.937500
4.950000, 87267.000000, 87267.000000, 1393521.375000, 1393521.375000, 314316.562500, 510697.250000
5.000000, 48152.625000, 48152.625000, 1365170.750000, 1365170.750000, 301087.375000, 491883.812500
5.050000, 38700.453125, 38700.453125, 1332731.250000, 1332731.250000, 276161.406250, 472068.781250
5.100000, 86658.507812, 86658.507812, 1299999.375000, 1299999.375000, 268708.125000, 469548.000000
5.150000, 103044.679688, 103044.679688, 1270782.375000, 1270782.375000, 260545.203125, 458262.406250
5.200000, 84450.250000, 84450.250000, 1237890.000000, 1237890.000000, 230964.406250, 440211.406250
5.250000, 89249.000000, 89249.000000, 1207935.625000, 1207935.625000, 224570.781250, 427924.750000
5.300000, 127081.531250, 127081.531250, 1178774.625000, 1178774.625000, 213371.250000, 426516.656250
5.350000, 95909.031250, 95909.031250, 1143712.875000, 1143712.875000, 192085.828125, 420410.062500
5.400000, 31921.820312, 31921.820312, 1112018.875000, 1112018.875000, 196287.328125, 407538.375000
5.450000, 35619.246094, 35619.246094, 1078845.625000, 1078845.625000, 183103.953125, 399717.031250
5.500000, 46060.101562, 46060.101562, 1043766.875000, 1043766.875000, 164103.546875, 392852.562500
5.550000, 11715.382812, 11715.382812, 1012063.437500, 1012063.437500, 149583.437500, 386286.468750
5.600000, -10678.292969, -10678.292969, 981111.062500, 981111.062500, 127678.406250, 372469.531250
5.650000, 19507.177734, 19507.177734, 950815.562500, 950815.562500, 116996.726562, 353804.093750
5.700000, 45541.765625, 45541.765625, 921156.500000, 921156.500000, 92911.843750, 343443.656250
5.750000, 41964.406250, 41964.406250, 897034.562500, 897034.562500, 37254.007812, 337774.656250
5.800000, 26616.203125, 26616.203125, 869974.062500, 869974.062500, -52275.792969, 327847.750000
5.850000, 1225.908203, 1225.908203, 844213.937500, 844213.937500, -109835.226562, 312128.718750
5.900000, -3333.736572, -3333.736572, 827207.250000, 827207.250000, -109432.851562, 304355.875000
5.950000, -23196.876953, -23196.876953, 800252.375000, 800252.375000, -102488.453125, 297506.906250
6.000000, -52641.910156, -52641.910156, 778745.000000, 778745.000000, -39510.687500, 282620.093750
6.050000, -20812.382812, -20812.382812, 763345.187500, 763345.187500, 39641.265625, 280013.250000
6.100000, -2030.762695, -2030.762695, 736903.437500, 736903.437500, 82170.812500, 277246.500000
6.150000, -18428.195312, -18428.195312, 724266.687500, 724266.687500, 134488.296875, 267221.531250
6.200000, 6902.506836, 6902.506836, 729534.312500, 729534.312500, 157395.750000, 273782.843750
6.250000, 30064.378906, 30064.378906, 737743.937500, 737743.937500, 119197.242188, 280801.187500
6.300000, -265.628906, -265.628906, 733726.750000, 733726.750000, 2515.906250, 271016.218750
6.350000, -39301.843750, -39301.843750, 729563.937500, 729563.937500, -134468.906250, 265960.218750
6.400000, -62719.214844, -62719.214844, 742704.250000, 742704.250000, -245798.937500, 273195.031250
6.450000, -95975.125000, -95975.125000, 740231.687500, 740231.687500, -386277.968750, 272092.031250
6.500000, -117461.945312, -117461.945312, 736491.062500, 736491.062500, -469398.218750, 266311.625000
6.550000, -101795.304688, -101795.304688, 751065.312500, 751065.312500, -469759.750000, 277490.343750
6.600000, -98523.570312, -98523.570312, 759101.750000, 759101.750000, -420108.656250, 286579.062500
6.650000, -113476.687500, -113476.687500, 758500.812500, 758500.812500, -317863.218750, 277062.781250
6.700000, -73524.703125, -73524.703125, 749275.312500, 749275.312500, -213977.281250, 274312.437500
6.750000, 4693.117188, 4693.117188, 761515.500000, 761515.500000, -44334.656250, 284664.031250
6.800000, 21938.507812, 21938.507812, 787867.125000, 787867.125000, 92396.890625, 289096.750000
6.850000, 20637.906250, 20637.906250, 798942.562500, 798942.562500, 137897.953125, 290177.187500
6.900000, 84551.679688, 84551.679688, 847618.937500, 847618.937500, 289936.250000, 302265.937500
6.950000, 117422.375000, 117422.375000, 913220.250000, 913220.250000, 357489.531250, 318620.125000
7.000000, 63551.167969, 63551.167969, 939092.000000, 939092.000000, 185879.953125, 324643.906250
7.050000, 15407.806641, 15407.806641, 960036.875000, 960036.875000, 52595.636719, 325954.906250
7.100000, 3351.885254, 3351.885254, 983640.625000, 983640.625000, 25229.779297, 329307.187500
7.150000, 1307.654541, 1307.654541, 994695.187500, 994695.187500, 14288.791016, 328799.968750
7.200000, 4774.745605, 4774.745605, 1006120.812500, 1006120.812500, 21196.150391, 328088.437500
7.250000, 7816.715820, 7816.715820, 1013987.187500, 1013987.187500, 33967.667969, 329386.312500
7.300000, 14820.174805, 14820.174805, 1009238.625000, 1009238.625000, 66630.179688, 326327.281250
7.350000, 25635.363281, 25635.363281, 994684.437500, 994684.437500, 101033.125000, 320328.562500
7.400000, 24391.316406, 24391.316406, 966194.625000, 966194.625000, 81978.273438, 310868.875000
7.450000, 11073.833984, 11073.833984, 918589.875000, 918589.875000, 31015.642578, 296600.687500
7.500000, -3879.338379, -3879.338379, 867075.437500, 867075.437500, -11097.087891, 279090.656250
7.550000, -10907.805664, -10907.805664, 830854.750000, 830854.750000, -32464.351562, 261831.406250
7.600000, -9076.723633, -9076.723633, 806313.000000, 806313.000000, -30675.769531, 253182.437500
7.650000, -8562.302734, -8562.302734, 782774.000000, 782774.000000, -26377.757812, 248763.500000
7.700000, -9016.467773, -9016.467773, 759173.625000, 759173.625000, -28582.417969, 239140.046875
7.750000, -7677.648438, -7677.648438, 735405.562500, 735405.562500, -24588.687500, 228588.718750
7.800000, -7431.772461, -7431.772461, 711212.687500, 711212.687500, -21432.066406, 222596.296875
7.850000, -6934.303711, -6934.303711, 686704.875000, 686704.875000, -24566.029297, 217690.734375
7.900000, -7158.708984, -7158.708984, 662579.625000, 662579.625000, -22979.060547, 209707.187500
7.950000, -7557.075684, -7557.075684, 638639.875000, 638639.875000, -21339.279297, 201407.578125
8.000000, -5106.309570, -5106.309570, 613745.187500, 613745.187500, -21436.943359, 193282.906250
8.050000, -3884.037109, -3884.037109, 590999.687500, 590999.687500, -17553.818359, 184450.671875
8.100000, -6060.405762, -6060.405762, 567296.000000, 567296.000000, -17910.238281, 176285.609375
8.150000, -6239.351562, -6239.351562, 541164.875000, 541164.875000, -17913.302734, 166494.375000
8.200000, -3766.640869, -3766.640869, 517748.875000, 517748.875000, -13790.791992, 158401.812500
8.250000, -3738.940674, -3738.940674, 493041.437500, 493041.437500, -14798.347656, 153379.062500
8.300000, -4436.269531, -4436.269531, 467460.718750, 467460.718750, -13071.703125, 144592.859375
8.350000, -2967.916504, -2967.916504, 443311.093750, 443311.093750, -7653.243164, 134771.906250
8.400000, -1841.463135, -1841.463135, 418386.062500, 418386.062500, -5016.898926, 128797.148438
8.450000, -1394.083984, -1394.083984, 394278.750000, 394278.750000, -3876.543945, 122370.593750
8.500000, -1077.525635, -1077.525635, 368821.562500, 368821.562500, -6553.504395, 112761.554688
8.550000, -1588.442993, -1588.442993, 343514.468750, 343514.468750, -7007.240723, 103532.507812
8.600000, -2731.037598, -2731.037598, 319071.062500, 319071.062500, -6108.909180, 95973.000000
8.650000, -2159.438721, -2159.438721, 294243.750000, 294243.750000, -6933.178711, 87964.828125
8.700000, -73.263916, -73.263916, 271236.531250, 271236.531250, -4016.323730, 80407.015625
8.750000, -1072.351318, -1072.351318, 245752.609375, 245752.609375, -5276.952148, 72206.351562
8.800000, -2744.674561, -2744.674561, 220504.234375, 220504.234375, -7596.490234, 61668.835938
8.850000, -843.424561, -843.424561, 196049.921875, 196049.921875, -1929.324097, 53146.406250
8.900000, 830.929871, 830.929871, 170012.890625, 170012.890625, 1717.504395, 48761.617188
8.950000, 28.692291, 28.692291, 146688.406250, 146688.406250, -401.133911, 42860.640625
9.000000, -714.451660, -714.451660, 118653.070312, 118653.070312, -1700.936279, 32777.820312
9.050000, 91.762634, 91.762634, 92163.890625, 92163.890625, 768.917480, 25699.441406
9.100000, 1031.475342, 1031.475342, 72746.046875, 72746.046875, 3429.200195, 21779.031250
9.150000, 730.222107, 730.222107, 41935.976562, 41935.976562, 2379.455566, 12884.014648
9.200000, 141.980103, 141.980103, 10629.414062, 10629.414062, 464.391968, 3249.766113
