Sample Time, Accel_x, Accel_y, Accel_z, Gyro_x, Gyro_y, Gyro_z, Magneto_x, Magneto_y, Magneto_z
0.000000, -5.577682, -100.104706, 279.177612, 18.000000, -31.000000, -14.000000, 13.000000, -496.000000
0.050000, -12.060925, -288.168274, 815.262024, 114.000000, -130.000000, 8.000000, 13.000000, -499.000000
0.100000, -38.909290, -280.119568, 813.861633, 11.000000, 2.000000, 22.000000, 16.000000, -495.000000
0.150000, -50.861034, -181.803604, 545.785034, -7.000000, -21.000000, -40.000000, 12.000000, -492.000000
0.200000, 8.944267, -241.312881, 709.443359, 14.000000, 14.000000, 25.000000, 7.000000, -492.000000
0.250000, 3.140617, -250.108810, 721.976624, 18.000000, -16.000000, -19.000000, 12.000000, -499.000000
0.300000, -46.406219, -218.415588, 634.504883, 13.000000, -26.000000, -21.000000, 9.000000, -505.000000
0.350000, 2.500468, -239.779617, 726.120544, -16.000000, 17.000000, 11.000000, 7.000000, -499.000000
0.400000, 21.241592, -224.051636, 671.439209, -2.000000, 13.000000, -4.000000, 6.000000, -496.000000
0.450000, 9.941313, -236.503998, 696.288025, 9.000000, 3.000000, -11.000000, 18.000000, -495.000000
0.500000, 0.357338, -237.408447, 709.926392, 12.000000, -46.000000, -9.000000, 9.000000, -492.000000
0.550000, -30.119856, -224.114380, 647.631714, 0.000000, 12.000000, 18.000000, 13.000000, -493.000000
0.600000, 22.599714, -234.375504, 714.278931, 17.000000, -15.000000, -4.000000, 7.000000, -501.000000
0.650000, 19.850597, -225.328766, 701.390015, 0.000000, 4.000000, 4.000000, 6.000000, -499.000000
0.700000, -42.960747, -242.782593, 691.398804, -9.000000, -2.000000, -4.000000, 7.000000, -493.000000
0.750000, 4.636941, -232.150558, 687.843506, 8.000000, 14.000000, -27.000000, 7.000000, -493.000000
0.800000, 12.476042, -221.122482, 665.070862, 40.000000, -11.000000, -9.000000, 12.000000, -496.000000
0.850000, -20.511932, -243.071960, 721.311279, 4.000000, -3.000000, -15.000000, 12.000000, -504.000000
0.900000, 4.418467, -220.685028, 683.971497, 6.000000, 16.000000, 3.000000, 12.000000, -495.000000
0.950000, -13.223431, -226.122910, 672.362854, 17.000000, -18.000000, 7.000000, 0.000000, -502.000000
1.000000, -19.084164, -233.746948, 708.793701, 13.000000, 2.000000, -22.000000, 4.000000, -502.000000
1.050000, 9.161901, -222.039398, 676.660522, -9.000000, 9.000000, 23.000000, 6.000000, -495.000000
1.100000, -10.988026, -236.524323, 691.324463, 3.000000, -20.000000, -15.000000, 3.000000, -498.000000
1.150000, -8.119031, -222.864746, 689.020447, -28.000000, 20.000000, 22.000000, 10.000000, -492.000000
1.200000, -1.555605, -227.674850, 682.208496, 3.000000, -7.000000, -7.000000, 10.000000, -493.000000
1.250000, -6.351303, -238.458771, 695.563965, 7.000000, 7.000000, -44.000000, 13.000000, -495.000000
1.300000, 14.730859, -225.169373, 696.529236, 21.000000, -3.000000, -5.000000, 13.000000, -490.000000
1.350000, -15.585991, -235.020370, 714.342590, 8.000000, -4.000000, -32.000000, 13.000000, -495.000000
1.400000, -20.456495, -225.969238, 676.878174, 28.000000, -16.000000, -8.000000, 10.000000, -493.000000
1.450000, 15.451021, -222.876404, 681.405945, 5.000000, -8.000000, 3.000000, 12.000000, -490.000000
1.500000, 0.286397, -231.274658, 716.282471, 13.000000, -16.000000, 7.000000, 10.000000, -493.000000
1.550000, -8.362745, -223.589600, 675.191650, 0.000000, 7.000000, 17.000000, 6.000000, -496.000000
1.600000, -11.190649, -231.377853, 680.865356, -1.000000, 2.000000, 6.000000, 1.000000, -496.000000
1.650000, 1.631441, -223.470261, 692.743408, 3.000000, 0.000000, 0.000000, 4.000000, -487.000000
1.700000, 9.956490, -220.166656, 669.623230, -5.000000, 2.000000, 16.000000, 7.000000, -490.000000
1.750000, -7.311211, -230.230591, 678.151184, 25.000000, -10.000000, 7.000000, 6.000000, -495.000000
1.800000, 9.398571, -216.380371, 685.630493, 51.000000, -19.000000, 9.000000, 10.000000, -493.000000
1.850000, 13.985256, -205.378387, 651.364929, 65.000000, 32.000000, 77.000000, 3.000000, -492.000000
1.900000, 52.100044, -252.673721, 675.893677, 354.000000, 179.000000, 411.000000, 3.000000, -487.000000
1.950000, -96.859856, -472.133972, 1093.197998, 773.000000, -318.000000, 326.000000, -18.000000, -475.000000
2.000000, -532.182617, -591.145264, 1586.946045, -1536.000000, 465.000000, -186.000000, 6.000000, -447.000000
2.050000, -388.938385, -213.205231, 1249.244629, -2014.000000, 2.000000, -497.000000, 46.000000, -448.000000
2.100000, 285.927551, 195.052750, 181.127945, -1451.000000, -256.000000, -431.000000, 64.000000, -489.000000
2.150000, 293.407257, 220.691055, -561.917114, -877.000000, 69.000000, -25.000000, 69.000000, -502.000000
2.200000, -108.018051, 179.148804, -581.136841, -59.000000, 39.000000, 209.000000, 66.000000, -508.000000
2.250000, -201.077682, 134.945084, -628.620178, 712.000000, -57.000000, 107.000000, 73.000000, -499.000000
2.300000, -77.770447, 119.794563, -680.149231, 1654.000000, 56.000000, -305.000000, 61.000000, -492.000000
2.350000, 260.633331, 213.263580, 108.167938, 2660.000000, 260.000000, 162.000000, 49.000000, -465.000000
2.400000, 143.242706, 60.952789, 1218.852051, 2340.000000, -604.000000, -207.000000, 18.000000, -456.000000
2.450000, -249.382401, -178.915359, 1654.940186, 950.000000, -469.000000, -275.000000, -45.000000, -514.000000
2.500000, 98.261078, -83.473282, 1404.809082, 167.000000, -498.000000, -254.000000, -87.000000, -577.000000
2.550000, -4.371613, 21.175236, 1045.804565, -282.000000, -575.000000, -532.000000, -81.000000, -615.000000
2.600000, -765.518250, -39.836266, 805.420776, 42.000000, -49.000000, -834.000000, -82.000000, -654.000000
2.650000, -684.755188, -79.177933, 916.607422, -37.000000, 156.000000, -1449.000000, -102.000000, -718.000000
2.700000, 5.126419, -12.556587, 1496.812500, -599.000000, 296.000000, -1696.000000, -177.000000, -826.000000
2.750000, 890.344971, 244.816727, 1537.826416, -1232.000000, 183.000000, -1782.000000, -364.000000, -921.000000
2.800000, 1439.014404, 354.372986, 1060.979980, -1407.000000, -53.000000, -214.000000, -384.000000, -874.000000
2.850000, 1116.798462, 130.696472, 535.391174, -1819.000000, 54.000000, 388.000000, -217.000000, -810.000000
2.900000, 677.888672, -0.408083, -59.669872, -1258.000000, -208.000000, 921.000000, -79.000000, -741.000000
2.950000, 349.900330, 16.876869, -9.997421, -708.000000, -181.000000, 1210.000000, -7.000000, -670.000000
3.000000, 78.532867, 8.646344, -44.989319, -199.000000, -240.000000, 1514.000000, 30.000000, -612.000000
3.050000, -166.039627, 25.553886, -321.620056, 445.000000, -287.000000, 1325.000000, 60.000000, -544.000000
3.100000, -513.590698, 62.785931, 66.128845, 770.000000, -205.000000, 1155.000000, 69.000000, -490.000000
3.150000, -638.444580, 55.764957, 414.525177, 1195.000000, -422.000000, 936.000000, 61.000000, -442.000000
3.200000, -684.208435, -27.429996, 690.381409, 1272.000000, -144.000000, 323.000000, 54.000000, -424.000000
3.250000, -734.657349, -102.883263, 924.495239, 1169.000000, -408.000000, -210.000000, 24.000000, -429.000000
3.300000, -711.023010, -102.526047, 1052.147095, 879.000000, -277.000000, -778.000000, 7.000000, -460.000000
3.350000, -442.227539, -73.743141, 1353.015869, 476.000000, 53.000000, -1106.000000, -27.000000, -517.000000
3.400000, 134.049713, -68.165932, 1315.558228, 160.000000, -2.000000, -1085.000000, -46.000000, -580.000000
3.450000, 327.819916, -96.897194, 1236.532837, -355.000000, 286.000000, -978.000000, -60.000000, -643.000000
3.500000, 462.098816, -83.714722, 1078.698364, -531.000000, 39.000000, -701.000000, -79.000000, -699.000000
3.550000, 671.435974, -62.243435, 708.553284, -779.000000, 196.000000, -4.000000, -45.000000, -705.000000
3.600000, 337.011993, -120.678413, 633.897278, -661.000000, -35.000000, 295.000000, -19.000000, -682.000000
3.650000, 153.573380, -138.156342, 440.909180, -424.000000, -161.000000, 524.000000, 24.000000, -636.000000
3.700000, 78.507568, -102.634949, 332.062714, -62.000000, -311.000000, 848.000000, 60.000000, -588.000000
3.750000, -345.128998, -157.747589, 557.693359, 154.000000, -398.000000, 591.000000, 58.000000, -540.000000
3.800000, -496.464722, -205.039001, 723.558594, -45.000000, -261.000000, 360.000000, 69.000000, -519.000000
3.850000, -372.942291, -170.169113, 742.090820, 16.000000, -150.000000, 109.000000, 73.000000, -511.000000
3.900000, -151.950775, -186.426178, 585.283813, 61.000000, 24.000000, -67.000000, 75.000000, -508.000000
3.950000, 5.392258, -203.206482, 673.415222, 51.000000, 93.000000, 6.000000, 78.000000, -510.000000
4.000000, -87.983841, -178.894836, 810.819824, 21.000000, 49.000000, -1.000000, 78.000000, -502.000000
4.050000, -41.694916, -196.570496, 670.421021, 31.000000, -40.000000, -18.000000, 78.000000, -499.000000
4.100000, 11.465057, -212.482681, 682.342285, 32.000000, 9.000000, 0.000000, 79.000000, -498.000000
4.150000, -73.626289, -213.523575, 715.234863, 7.000000, -52.000000, 10.000000, 79.000000, -502.000000
4.200000, -59.593872, -208.998077, 708.318604, 10.000000, -37.000000, 31.000000, 78.000000, -502.000000
4.250000, -72.344772, -205.307007, 717.302917, -23.000000, 0.000000, -41.000000, 78.000000, -501.000000
4.300000, -52.333755, -214.175659, 675.487366, 21.000000, -52.000000, 2.000000, 67.000000, -499.000000
4.350000, -55.503521, -202.083435, 704.237915, 7.000000, -11.000000, 29.000000, 70.000000, -499.000000
4.400000, -115.919174, -205.742004, 661.923340, 45.000000, -56.000000, -23.000000, 72.000000, -499.000000
4.450000, -53.193741, -211.416626, 683.360779, 8.000000, -7.000000, 2.000000, 73.000000, -499.000000
4.500000, -59.975681, -200.626282, 747.591736, 2.000000, -32.000000, -28.000000, 82.000000, -499.000000
4.550000, -57.549427, -208.553619, 666.963257, 21.000000, -51.000000, 42.000000, 82.000000, -505.000000
4.600000, -22.145763, -206.458038, 685.949951, 24.000000, -55.000000, -9.000000, 78.000000, -502.000000
4.650000, -69.260437, -207.017426, 704.871704, 16.000000, -19.000000, -8.000000, 78.000000, -508.000000
4.700000, -9.183593, -202.172424, 680.214355, -2.000000, -16.000000, 10.000000, 84.000000, -507.000000
4.750000, -16.810814, -195.492828, 701.596924, -7.000000, 41.000000, 13.000000, 82.000000, -498.000000
4.800000, -81.946045, -218.251190, 680.356567, 30.000000, -46.000000, 17.000000, 75.000000, -504.000000
4.850000, -42.872704, -209.728317, 692.987305, 9.000000, 17.000000, 10.000000, 78.000000, -505.000000
4.900000, -47.950157, -196.053391, 681.536804, 3.000000, 1.000000, -17.000000, 70.000000, -495.000000
4.950000, -37.810932, -206.782196, 678.552368, 18.000000, 2.000000, -18.000000, 72.000000, -501.000000
5.000000, -50.444302, -200.804535, 710.268188, 18.000000, 2.000000, 6.000000, 75.000000, -499.000000
5.050000, -66.486885, -203.140076, 672.881958, -2.000000, 27.000000, -72.000000, 72.000000, -504.000000
5.100000, -32.981831, -203.183884, 689.853577, 42.000000, -62.000000, 18.000000, 73.000000, -502.000000
5.150000, -58.421684, -198.128784, 712.140686, -3.000000, 14.000000, -37.000000, 75.000000, -495.000000
5.200000, -30.150551, -205.094147, 692.336121, 4.000000, -2.000000, 26.000000, 81.000000, -496.000000
5.250000, -33.085300, -202.876709, 703.913147, 5.000000, -12.000000, -11.000000, 88.000000, -499.000000
5.300000, -105.629448, -208.998764, 677.630554, -21.000000, 32.000000, -25.000000, 76.000000, -498.000000
5.350000, -69.674202, -206.669815, 668.155762, 21.000000, -12.000000, -23.000000, 79.000000, -496.000000
5.400000, -35.490807, -190.873108, 706.301270, 23.000000, -1.000000, 6.000000, 79.000000, -495.000000
5.450000, -58.121277, -203.747375, 711.659912, -4.000000, 11.000000, 3.000000, 82.000000, -495.000000
5.500000, -63.824333, -210.126862, 698.356140, -4.000000, 4.000000, 14.000000, 81.000000, -501.000000
5.550000, -47.916935, -200.530884, 703.437988, 5.000000, -30.000000, 11.000000, 78.000000, -499.000000
5.600000, -43.562325, -204.418701, 698.895874, -18.000000, 14.000000, -25.000000, 73.000000, -495.000000
5.650000, -73.487137, -208.153839, 676.679871, 16.000000, -22.000000, -32.000000, 84.000000, -504.000000
5.700000, -64.053619, -203.659180, 687.692993, -1.000000, -10.000000, -18.000000, 78.000000, -501.000000
5.750000, -30.996286, -194.446075, 691.238220, 0.000000, 4.000000, -8.000000, 76.000000, -501.000000
5.800000, -39.974304, -199.864365, 689.205261, 14.000000, -25.000000, -11.000000, 90.000000, -504.000000
5.850000, -47.807373, -206.273621, 712.010498, -16.000000, 25.000000, 16.000000, 81.000000, -501.000000
5.900000, -55.002716, -203.465347, 693.873169, 11.000000, -16.000000, -16.000000, 78.000000, -496.000000
5.950000, -70.879875, -210.615799, 688.589722, -1.000000, 13.000000, 0.000000, 81.000000, -505.000000
6.000000, -57.571461, -202.079254, 692.589966, 14.000000, -42.000000, 4.000000, 75.000000, -502.000000
6.050000, -61.313164, -201.418457, 675.946350, 0.000000, 16.000000, -5.000000, 75.000000, -501.000000
6.100000, -75.827942, -211.049881, 706.040527, 35.000000, -45.000000, -2.000000, 82.000000, -501.000000
6.150000, -47.572212, -196.532501, 713.961548, 17.000000, 7.000000, -2.000000, 73.000000, -502.000000
6.200000, -45.389816, -203.603333, 715.700439, 16.000000, -20.000000, -21.000000, 73.000000, -493.000000
6.250000, -63.252029, -210.646317, 715.426331, 3.000000, -14.000000, 2.000000, 75.000000, -508.000000
6.300000, -61.412483, -195.899658, 669.514893, 18.000000, -25.000000, 0.000000, 81.000000, -495.000000
6.350000, -48.988571, -194.591537, 695.389709, 21.000000, -18.000000, 1.000000, 73.000000, -495.000000
6.400000, -27.360661, -195.101624, 715.862732, 0.000000, -23.000000, 1.000000, 76.000000, -510.000000
6.450000, -50.176617, -204.322678, 688.128418, 21.000000, -6.000000, -18.000000, 72.000000, -504.000000
6.500000, -55.085209, -202.680527, 710.328308, 18.000000, -14.000000, 8.000000, 84.000000, -498.000000
6.550000, -15.683960, -187.812912, 711.163452, -1.000000, 7.000000, -6.000000, 78.000000, -505.000000
6.600000, -31.871227, -196.751450, 704.441650, 1.000000, -19.000000, 14.000000, 78.000000, -501.000000
6.650000, -57.922333, -202.333572, 703.425964, -10.000000, 37.000000, 32.000000, 78.000000, -499.000000
6.700000, -56.839432, -200.306076, 682.244690, 14.000000, -2.000000, -16.000000, 72.000000, -495.000000
6.750000, -53.381680, -199.470062, 691.782104, 30.000000, 2.000000, 8.000000, 81.000000, -502.000000
6.800000, -49.681709, -197.421509, 709.154968, 18.000000, -8.000000, -25.000000, 79.000000, -499.000000
6.850000, -51.239349, -201.900940, 721.639160, 13.000000, -21.000000, 6.000000, 76.000000, -493.000000
6.900000, -40.942719, -197.870056, 707.018616, 3.000000, -14.000000, -7.000000, 79.000000, -501.000000
6.950000, -38.622715, -197.219666, 698.752686, 9.000000, -16.000000, 18.000000, 72.000000, -498.000000
7.000000, -37.166454, -197.917267, 729.076782, -1.000000, 5.000000, -2.000000, 72.000000, -501.000000
7.050000, -40.012581, -193.089233, 699.422852, 0.000000, -13.000000, -2.000000, 81.000000, -501.000000
7.100000, -66.675354, -199.225571, 683.695068, 16.000000, -10.000000, 15.000000, 70.000000, -493.000000
7.150000, -55.220882, -196.520828, 721.512329, 20.000000, -9.000000, -18.000000, 76.000000, -501.000000
7.200000, -34.501366, -193.650345, 704.974976, 2.000000, 0.000000, -9.000000, 79.000000, -495.000000
7.250000, -44.756218, -200.891617, 691.581726, 15.000000, 0.000000, -9.000000, 75.000000, -499.000000
7.300000, -47.458549, -197.353271, 703.151123, 15.000000, -42.000000, -24.000000, 78.000000, -496.000000
7.350000, -45.794048, -193.246536, 695.960388, 16.000000, -20.000000, -19.000000, 73.000000, -499.000000
7.400000, -45.390526, -193.420776, 686.353821, -7.000000, -14.000000, 12.000000, 78.000000, -508.000000
7.450000, -53.913479, -195.150162, 684.137451, 5.000000, 0.000000, 5.000000, 82.000000, -502.000000
7.500000, -43.109779, -195.744476, 702.964600, 9.000000, 2.000000, -4.000000, 81.000000, -496.000000
7.550000, -32.249405, -192.876953, 703.856506, 4.000000, -16.000000, -7.000000, 70.000000, -495.000000
7.600000, -59.129143, -194.374039, 688.645630, 5.000000, -18.000000, 31.000000, 72.000000, -499.000000
7.650000, -43.007702, -193.147247, 704.385376, -8.000000, -11.000000, -46.000000, 76.000000, -493.000000
7.700000, -37.739166, -193.078735, 704.578613, 23.000000, -42.000000, 0.000000, 73.000000, -499.000000
7.750000, -75.500648, -197.810913, 693.030762, 19.000000, -2.000000, -9.000000, 76.000000, -501.000000
7.800000, -49.642113, -193.927933, 704.083008, 8.000000, -23.000000, -15.000000, 81.000000, -495.000000
7.850000, -36.371197, -192.040894, 704.452515, 7.000000, -7.000000, -10.000000, 87.000000, -496.000000
7.900000, -46.989719, -194.245651, 708.137268, 4.000000, -15.000000, 2.000000, 87.000000, -495.000000
7.950000, -22.549393, -189.428604, 708.266602, 7.000000, -14.000000, -9.000000, 82.000000, -492.000000
8.000000, -41.680195, -194.453339, 686.777710, 4.000000, -21.000000, -12.000000, 76.000000, -504.000000
8.050000, -60.839306, -199.902145, 698.429932, 14.000000, -18.000000, -9.000000, 82.000000, -498.000000
8.100000, -46.530899, -189.677322, 718.468018, 21.000000, -25.000000, 10.000000, 78.000000, -496.000000
8.150000, -50.721012, -190.182281, 708.072510, 3.000000, -1.000000, -14.000000, 76.000000, -495.000000
8.200000, -39.920765, -193.995361, 707.736328, 14.000000, -10.000000, 8.000000, 79.000000, -492.000000
8.250000, -28.770596, -189.494644, 712.534790, 12.000000, -7.000000, -2.000000, 75.000000, -495.000000
8.300000, -44.280327, -193.354462, 704.498596, 6.000000, -19.000000, 0.000000, 84.000000, -496.000000
8.350000, -54.212025, -193.156723, 694.599365, 16.000000, -14.000000, -15.000000, 85.000000, -496.000000
8.400000, -52.000877, -191.595444, 697.975891, 3.000000, -17.000000, 3.000000, 76.000000, -492.000000
8.450000, -51.626060, -194.997070, 708.136414, 23.000000, -26.000000, -23.000000, 79.000000, -501.000000
8.500000, -38.052570, -188.339081, 704.383301, 20.000000, -35.000000, -29.000000, 82.000000, -502.000000
8.550000, -18.807234, -185.365219, 705.976318, 24.000000, -9.000000, -1.000000, 85.000000, -498.000000
8.600000, -38.808895, -191.505615, 705.016724, 11.000000, -32.000000, -11.000000, 76.000000, -499.000000
8.650000, -50.026802, -190.056854, 703.642700, 9.000000, -5.000000, 9.000000, 81.000000, -502.000000
8.700000, -35.494122, -185.014801, 710.408936, -2.000000, -11.000000, -2.000000, 67.000000, -499.000000
8.750000, -47.216385, -187.997040, 685.728455, 2.000000, 0.000000, 12.000000, 72.000000, -502.000000
8.800000, -45.719322, -190.716858, 695.399536, 0.000000, 11.000000, -28.000000, 78.000000, -496.000000
8.850000, -26.257790, -184.610962, 728.923096, 2.000000, -13.000000, -4.000000, 73.000000, -504.000000
8.900000, -38.476433, -186.987549, 692.365906, 0.000000, -6.000000, -7.000000, 73.000000, -501.000000
8.950000, -56.520218, -195.382797, 687.120911, 11.000000, -13.000000, -5.000000, 72.000000, -504.000000
9.000000, -40.938877, -190.094467, 715.715698, 12.000000, -3.000000, -25.000000, 79.000000, -498.000000
9.050000, -34.041401, -186.681168, 702.325378, 9.000000, -19.000000, -12.000000, 73.000000, -507.000000
9.100000, -48.695374, -194.563721, 707.094177, 21.000000, -22.000000, -18.000000, 70.000000, -502.000000
9.150000, -26.558622, -194.985657, 709.933472, 7.000000, -23.000000, -2.000000, 79.000000, -502.000000
9.200000, -11.479713, -186.232849, 698.608887, 12.000000, -7.000000, -7.000000, 78.000000, -498.000000
