Time 1XX 1YY 2XX 2YY 1X2Y 1Y2X 
-9.500000, 0.000000, 0.000000, 0.000000, 0.000000, 0.000000, 0.000000
-9.450000, 168.433670, 168.433670, 12177.026367, 12177.026367, 992.115479, 2067.321045
-9.400000, 785.048401, 785.048401, 49024.625000, 49024.625000, 5450.739258, 6600.565430
-9.350000, 1696.131104, 1696.131104, 89299.078125, 89299.078125, 14518.615234, 8253.981445
-9.300000, 1227.434937, 1227.434937, 118576.132812, 118576.132812, 18871.878906, 8405.673828
-9.250000, -812.948608, -812.948608, 149583.656250, 149583.656250, 8617.475586, 12082.695312
-9.200000, 237.903183, 237.903183, 178257.093750, 178257.093750, 2702.737549, 15212.639648
-9.150000, 2974.096436, 2974.096436, 205964.968750, 205964.968750, 12919.160156, 16653.251953
-9.100000, 187.715363, 187.715363, 237102.625000, 237102.625000, 11079.015625, 18076.843750
-9.050000, -2749.486816, -2749.486816, 263344.625000, 263344.625000, -3068.018311, 19031.998047
-9.000000, -42.868164, -42.868164, 292187.968750, 292187.968750, -5193.960449, 22604.001953
-8.950000, 1804.997070, 1804.997070, 322786.156250, 322786.156250, -2679.619141, 28752.253906
-8.900000, 1197.346802, 1197.346802, 349642.718750, 349642.718750, -1389.212646, 33044.750000
-8.850000, 79.551025, 79.551025, 377696.531250, 377696.531250, -2628.552246, 34092.644531
-8.800000, -2012.791626, -2012.791626, 404386.875000, 404386.875000, -9774.413086, 35406.554688
-8.750000, -1676.099854, -1676.099854, 432431.218750, 432431.218750, -10149.841797, 36000.890625
-8.700000, 24.710075, 24.710075, 461307.593750, 461307.593750, -9441.480469, 35632.164062
-8.650000, -2142.511719, -2142.511719, 488803.812500, 488803.812500, -17440.998047, 39269.371094
-8.600000, -3706.969971, -3706.969971, 518405.906250, 518405.906250, -22073.417969, 40841.628906
-8.550000, -1594.188110, -1594.188110, 545776.250000, 545776.250000, -23709.572266, 41856.300781
-8.500000, -2429.358643, -2429.358643, 573276.125000, 573276.125000, -27436.720703, 46854.218750
-8.450000, -2816.148193, -2816.148193, 602657.000000, 602657.000000, -29689.121094, 47023.484375
-8.400000, -711.316223, -711.316223, 629580.562500, 629580.562500, -31919.974609, 47411.296875
-8.350000, -4544.782715, -4544.782715, 656066.250000, 656066.250000, -38612.234375, 49132.265625
-8.300000, -5644.912109, -5644.912109, 683636.750000, 683636.750000, -46359.816406, 48750.550781
-8.250000, -1409.993286, -1409.993286, 713409.687500, 713409.687500, -45342.359375, 52173.507812
-8.200000, -4676.015625, -4676.015625, 741476.000000, 741476.000000, -46426.371094, 52631.625000
-8.150000, -6727.669922, -6727.669922, 767917.625000, 767917.625000, -55513.761719, 52449.562500
-8.100000, -4346.121582, -4346.121582, 796264.312500, 796264.312500, -57980.679688, 54773.714844
-8.050000, -5735.618164, -5735.618164, 821319.687500, 821319.687500, -62653.964844, 54784.648438
-8.000000, -4212.006836, -4212.006836, 848501.000000, 848501.000000, -68469.312500, 59076.484375
-7.950000, -3763.759521, -3763.759521, 877316.375000, 877316.375000, -68952.289062, 59517.011719
-7.900000, -7917.657227, -7917.657227, 901137.812500, 901137.812500, -78322.312500, 55517.023438
-7.850000, -8300.916016, -8300.916016, 930319.812500, 930319.812500, -83061.375000, 58202.460938
-7.800000, -6566.477051, -6566.477051, 960907.687500, 960907.687500, -82705.335938, 59482.906250
-7.750000, -4455.740723, -4455.740723, 985936.062500, 985936.062500, -88134.187500, 61594.207031
-7.700000, -5375.351074, -5375.351074, 1013634.187500, 1013634.187500, -86910.078125, 66567.585938
-7.650000, -7831.204590, -7831.204590, 1041436.687500, 1041436.687500, -91835.226562, 67979.164062
-7.600000, -6100.143066, -6100.143066, 1066153.375000, 1066153.375000, -98089.429688, 69314.679688
-7.550000, -6289.463867, -6289.463867, 1087841.500000, 1087841.500000, -92461.890625, 65196.093750
-7.500000, -9940.126953, -9940.126953, 1096966.000000, 1096966.000000, -98266.914062, 27531.644531
-7.450000, -23326.222656, -23326.222656, 1095762.625000, 1095762.625000, -110157.585938, -51664.730469
-7.400000, -39612.015625, -39612.015625, 1106702.500000, 1106702.500000, -111022.046875, -95365.507812
-7.350000, -24840.984375, -24840.984375, 1131358.750000, 1131358.750000, -106417.234375, -58031.335938
-7.300000, 19168.851562, 19168.851562, 1153829.125000, 1153829.125000, -106371.929688, 21177.730469
-7.250000, 45089.082031, 45089.082031, 1176676.000000, 1176676.000000, -112454.164062, 141239.359375
-7.200000, 32313.140625, 32313.140625, 1192533.500000, 1192533.500000, -115362.773438, 267663.468750
-7.150000, 30797.726562, 30797.726562, 1192450.625000, 1192450.625000, -122296.609375, 357402.093750
-7.100000, 51159.789062, 51159.789062, 1185988.375000, 1185988.375000, -124380.578125, 426753.218750
-7.050000, 32743.947266, 32743.947266, 1172059.125000, 1172059.125000, -114969.234375, 453658.593750
-7.000000, -8041.179688, -8041.179688, 1155988.750000, 1155988.750000, -123234.671875, 445063.656250
-6.950000, -34259.675781, -34259.675781, 1148578.750000, 1148578.750000, -132604.812500, 423818.937500
-6.900000, -52704.597656, -52704.597656, 1146510.125000, 1146510.125000, -125738.796875, 376065.125000
-6.850000, -54867.285156, -54867.285156, 1147382.250000, 1147382.250000, -125824.929688, 306501.812500
-6.800000, -61322.996094, -61322.996094, 1154294.750000, 1154294.750000, -125002.312500, 222143.218750
-6.750000, -66328.921875, -66328.921875, 1169240.875000, 1169240.875000, -119798.875000, 148150.718750
-6.700000, -41039.003906, -41039.003906, 1184394.000000, 1184394.000000, -117791.156250, 96058.718750
-6.650000, -22345.947266, -22345.947266, 1202759.750000, 1202759.750000, -114316.281250, 60889.484375
-6.600000, -20313.953125, -20313.953125, 1227442.000000, 1227442.000000, -118822.007812, 53764.843750
-6.550000, -20528.941406, -20528.941406, 1233894.125000, 1233894.125000, -128521.562500, 52735.859375
-6.500000, -23269.382812, -23269.382812, 1223648.000000, 1223648.000000, -131365.062500, 45355.132812
-6.450000, -17210.269531, -17210.269531, 1227626.125000, 1227626.125000, -135528.109375, 90395.515625
-6.400000, -4850.942871, -4850.942871, 1246230.750000, 1246230.750000, -138191.312500, 187410.421875
-6.350000, 20030.515625, 20030.515625, 1257928.750000, 1257928.750000, -124107.960938, 222866.875000
-6.300000, 2959.357910, 2959.357910, 1257475.625000, 1257475.625000, -122549.265625, 205905.000000
-6.250000, -67037.695312, -67037.695312, 1258939.625000, 1258939.625000, -147474.937500, 203279.906250
-6.200000, -51113.957031, -51113.957031, 1269413.250000, 1269413.250000, -144138.781250, 191494.062500
-6.150000, 3015.424561, 3015.424561, 1281187.250000, 1281187.250000, -119722.296875, 196471.750000
-6.100000, -24581.558594, -24581.558594, 1287231.250000, 1287231.250000, -121684.523438, 195761.046875
-6.050000, -52718.269531, -52718.269531, 1290090.875000, 1290090.875000, -138965.015625, 171615.953125
-6.000000, -44755.871094, -44755.871094, 1296645.750000, 1296645.750000, -152484.421875, 180342.546875
-5.950000, -13597.609375, -13597.609375, 1305116.125000, 1305116.125000, -138731.187500, 180695.890625
-5.900000, 6538.280762, 6538.280762, 1311272.500000, 1311272.500000, -123227.039062, 164383.031250
-5.850000, -34755.839844, -34755.839844, 1314977.625000, 1314977.625000, -148866.328125, 155758.171875
-5.800000, -56434.285156, -56434.285156, 1320770.500000, 1320770.500000, -161184.781250, 149620.921875
-5.750000, -29958.660156, -29958.660156, 1331955.750000, 1331955.750000, -141186.921875, 159463.984375
-5.700000, -22984.931641, -22984.931641, 1338840.125000, 1338840.125000, -133988.578125, 155125.796875
-5.650000, -40111.078125, -40111.078125, 1343076.750000, 1343076.750000, -146439.875000, 154457.343750
-5.600000, -48974.402344, -48974.402344, 1351325.625000, 1351325.625000, -162018.843750, 163543.015625
-5.550000, -25194.968750, -25194.968750, 1357397.125000, 1357397.125000, -154476.906250, 150332.156250
-5.500000, -1138.910400, -1138.910400, 1366528.500000, 1366528.500000, -142730.875000, 152796.765625
-5.450000, -4943.601562, -4943.601562, 1375136.750000, 1375136.750000, -151109.750000, 151307.750000
-5.400000, -344.896515, -344.896515, 1377419.750000, 1377419.750000, -159170.171875, 134369.031250
-5.350000, 14281.169922, 14281.169922, 1385730.250000, 1385730.250000, -167460.093750, 135831.906250
-5.300000, 14317.730469, 14317.730469, 1394635.750000, 1394635.750000, -170433.046875, 136368.796875
-5.250000, 14867.135742, 14867.135742, 1399082.500000, 1399082.500000, -170945.656250, 134687.031250
-5.200000, 13862.095703, 13862.095703, 1407811.000000, 1407811.000000, -179183.171875, 130428.757812
-5.150000, -19765.271484, -19765.271484, 1416312.750000, 1416312.750000, -182138.484375, 128009.765625
-5.100000, -64187.925781, -64187.925781, 1418519.750000, 1418519.750000, -192193.468750, 122227.929688
-5.050000, -64396.402344, -64396.402344, 1422194.750000, 1422194.750000, -204764.000000, 111196.281250
-5.000000, -31273.279297, -31273.279297, 1431730.375000, 1431730.375000, -208859.656250, 127726.742188
-4.950000, -17236.744141, -17236.744141, 1436186.500000, 1436186.500000, -200532.109375, 128108.937500
-4.900000, -7869.105469, -7869.105469, 1439347.250000, 1439347.250000, -188783.031250, 117432.062500
-4.850000, 10563.671875, 10563.671875, 1448159.875000, 1448159.875000, -211169.921875, 132955.703125
-4.800000, 3748.637695, 3748.637695, 1453327.250000, 1453327.250000, -221364.921875, 126862.226562
-4.750000, 10034.866211, 10034.866211, 1458150.375000, 1458150.375000, -209692.218750, 121232.101562
-4.700000, 16197.169922, 16197.169922, 1464189.875000, 1464189.875000, -229335.718750, 123439.054688
-4.650000, -26268.156250, -26268.156250, 1471843.250000, 1471843.250000, -239164.906250, 115099.140625
-4.600000, -22649.892578, -22649.892578, 1482207.125000, 1482207.125000, -232270.625000, 119428.085938
-4.550000, -3217.318115, -3217.318115, 1486864.250000, 1486864.250000, -227765.125000, 111960.906250
-4.500000, -51936.105469, -51936.105469, 1491430.625000, 1491430.625000, -233794.921875, 97908.828125
-4.450000, -66236.515625, -66236.515625, 1496505.250000, 1496505.250000, -251305.953125, 88866.093750
-4.400000, -42254.429688, -42254.429688, 1503534.125000, 1503534.125000, -244070.437500, 87169.406250
-4.350000, -40796.156250, -40796.156250, 1514494.375000, 1514494.375000, -252160.468750, 98595.046875
-4.300000, -41271.949219, -41271.949219, 1518152.250000, 1518152.250000, -259836.625000, 93502.265625
-4.250000, -32881.167969, -32881.167969, 1525496.875000, 1525496.875000, -247164.500000, 94151.375000
-4.200000, -22223.494141, -22223.494141, 1533774.000000, 1533774.000000, -276657.562500, 101367.359375
-4.150000, -41891.015625, -41891.015625, 1535090.250000, 1535090.250000, -288634.781250, 96418.031250
-4.100000, -15590.456055, -15590.456055, 1543865.750000, 1543865.750000, -271746.375000, 104067.484375
-4.050000, 48534.332031, 48534.332031, 1551091.500000, 1551091.500000, -276010.031250, 109804.593750
-4.000000, -3162.317383, -3162.317383, 1557239.500000, 1557239.500000, -294107.500000, 105156.898438
-3.950000, -43798.460938, -43798.460938, 1564646.250000, 1564646.250000, -317205.812500, 93245.835938
-3.900000, -17819.267578, -17819.267578, 1564243.000000, 1564243.000000, -316238.218750, 85382.882812
-3.850000, -37977.496094, -37977.496094, 1570185.250000, 1570185.250000, -330093.000000, 88213.273438
-3.800000, -32070.449219, -32070.449219, 1578987.125000, 1578987.125000, -333473.968750, 81124.789062
-3.750000, -48811.558594, -48811.558594, 1584734.000000, 1584734.000000, -308357.843750, 76667.648438
-3.700000, -62350.734375, -62350.734375, 1594517.000000, 1594517.000000, -323562.843750, 74915.226562
-3.650000, 4693.304688, 4693.304688, 1601741.625000, 1601741.625000, -326190.875000, 79980.812500
-3.600000, -18273.589844, -18273.589844, 1605802.375000, 1605802.375000, -340959.000000, 79685.914062
-3.550000, -61451.519531, -61451.519531, 1608088.750000, 1608088.750000, -370547.062500, 62107.367188
-3.500000, -27774.832031, -27774.832031, 1612494.500000, 1612494.500000, -373566.968750, 75387.546875
-3.450000, -7724.355469, -7724.355469, 1621912.875000, 1621912.875000, -384672.500000, 87155.914062
-3.400000, 4530.930664, 4530.930664, 1630712.125000, 1630712.125000, -362279.843750, 84756.601562
-3.350000, -16943.339844, -16943.339844, 1631694.625000, 1631694.625000, -405574.218750, 88069.312500
-3.300000, -24451.527344, -24451.527344, 1626228.000000, 1626228.000000, -464044.343750, 71890.773438
-3.250000, -19523.458984, -19523.458984, 1640948.625000, 1640948.625000, -419736.343750, 82158.742188
-3.200000, -54294.625000, -54294.625000, 1664179.500000, 1664179.500000, -419156.937500, 93373.968750
-3.150000, -47556.980469, -47556.980469, 1651055.250000, 1651055.250000, -417031.218750, 78086.484375
-3.100000, -13493.266602, -13493.266602, 1631536.500000, 1631536.500000, -406369.843750, 83652.070312
-3.050000, 27976.933594, 27976.933594, 1668847.250000, 1668847.250000, -250261.687500, 84401.101562
-3.000000, 4119.933105, 4119.933105, 1722839.625000, 1722839.625000, 117357.054688, 74480.562500
-2.950000, -47916.898438, -47916.898438, 1684742.750000, 1684742.750000, 160125.750000, 51623.179688
-2.900000, -22995.451172, -22995.451172, 1616025.000000, 1616025.000000, -13313.103516, 37319.929688
-2.850000, -64278.722656, -64278.722656, 1667892.625000, 1667892.625000, -14048.147461, 51821.855469
-2.800000, -66466.773438, -66466.773438, 1757474.500000, 1757474.500000, -86952.335938, 50598.375000
-2.750000, -22401.550781, -22401.550781, 1778179.875000, 1778179.875000, -250142.593750, 47408.804688
-2.700000, -60849.132812, -60849.132812, 1804131.875000, 1804131.875000, -435585.718750, 39966.847656
-2.650000, -75641.187500, -75641.187500, 1831148.500000, 1831148.500000, -697795.000000, 41017.261719
-2.600000, -123262.031250, -123262.031250, 1804984.500000, 1804984.500000, -965070.375000, 57715.589844
-2.550000, -41478.437500, -41478.437500, 1771238.625000, 1771238.625000, -1137619.375000, 57709.304688
-2.500000, 56021.097656, 56021.097656, 1746201.625000, 1746201.625000, -1167763.375000, 72796.679688
-2.450000, -50592.042969, -50592.042969, 1692024.125000, 1692024.125000, -1166459.125000, 60079.843750
-2.400000, -30033.314453, -30033.314453, 1612644.750000, 1612644.750000, -1103526.250000, 45847.503906
-2.350000, -50217.074219, -50217.074219, 1556542.750000, 1556542.750000, -901093.750000, 78495.679688
-2.300000, -76074.460938, -76074.460938, 1544419.000000, 1544419.000000, -602407.437500, 69396.828125
-2.250000, 23598.667969, 23598.667969, 1561649.375000, 1561649.375000, -201966.015625, 61447.531250
-2.200000, -76536.890625, -76536.890625, 1614849.000000, 1614849.000000, 199976.781250, 62833.542969
-2.150000, -57513.324219, -57513.324219, 1689614.625000, 1689614.625000, 532544.250000, 44647.421875
-2.100000, 37137.078125, 37137.078125, 1758551.750000, 1758551.750000, 750383.875000, 54793.988281
-2.050000, -39087.589844, -39087.589844, 1816606.875000, 1816606.875000, 741889.937500, 36232.859375
-2.000000, -27988.298828, -27988.298828, 1827691.625000, 1827691.625000, 500789.156250, 17670.234375
-1.950000, 27948.960938, 27948.960938, 1814489.375000, 1814489.375000, 220519.515625, 39832.312500
-1.900000, 88809.921875, 88809.921875, 1861719.375000, 1861719.375000, 182112.609375, 53201.078125
-1.850000, 19733.341797, 19733.341797, 1955287.750000, 1955287.750000, 249613.843750, 65495.585938
-1.800000, -70802.726562, -70802.726562, 2039858.375000, 2039858.375000, 226914.156250, 60257.140625
-1.750000, 7992.083008, 7992.083008, 2118395.000000, 2118395.000000, 255311.000000, 53980.132812
-1.700000, 40662.078125, 40662.078125, 2211052.500000, 2211052.500000, 299202.375000, 75144.101562
-1.650000, 113613.195312, 113613.195312, 2306744.000000, 2306744.000000, 313473.812500, 100625.742188
-1.600000, 135380.687500, 135380.687500, 2390369.250000, 2390369.250000, 339538.500000, 107380.804688
-1.550000, 65982.601562, 65982.601562, 2476412.750000, 2476412.750000, 336167.718750, 83560.718750
-1.500000, -8215.790039, -8215.790039, 2562536.250000, 2562536.250000, 333093.218750, 75774.437500
-1.450000, -78830.265625, -78830.265625, 2650099.000000, 2650099.000000, 351879.531250, 97183.296875
-1.400000, 87030.648438, 87030.648438, 2744730.500000, 2744730.500000, 396692.187500, 126273.187500
-1.350000, 130292.890625, 130292.890625, 2828418.250000, 2828418.250000, 418967.187500, 142257.546875
-1.300000, 31938.167969, 31938.167969, 2912173.500000, 2912173.500000, 409511.531250, 121294.570312
-1.250000, -54510.925781, -54510.925781, 3003391.000000, 3003391.000000, 402588.593750, 110270.953125
-1.200000, -230039.093750, -230039.093750, 3106042.500000, 3106042.500000, 372885.875000, 149184.484375
-1.150000, -173031.890625, -173031.890625, 3206710.000000, 3206710.000000, 351698.687500, 199534.203125
-1.100000, -609414.250000, -609414.250000, 3264248.750000, 3264248.750000, 218187.609375, 118187.882812
-1.050000, -1257203.000000, -1257203.000000, 3344762.250000, 3344762.250000, 71972.546875, 3367.000977
-1.000000, -619192.937500, -619192.937500, 3491440.750000, 3491440.750000, 236052.125000, 177710.328125
-0.950000, 569367.250000, 569367.250000, 3599736.750000, 3599736.750000, 448993.093750, 359518.250000
-0.900000, 1344159.250000, 1344159.250000, 3631127.500000, 3631127.500000, 487391.937500, 182288.734375
-0.850000, 1941403.875000, 1941403.875000, 3667068.750000, 3667068.750000, 508487.968750, -20931.263672
-0.800000, 2432445.250000, 2432445.250000, 3756101.500000, 3756101.500000, 521089.312500, -41881.058594
-0.750000, 2414100.750000, 2414100.750000, 3862973.500000, 3862973.500000, 526665.375000, -20895.904297
-0.700000, 1852549.375000, 1852549.375000, 3975791.750000, 3975791.750000, 472208.093750, 94250.054688
-0.650000, 1098347.625000, 1098347.625000, 4107914.750000, 4107914.750000, 374529.562500, 358802.968750
-0.600000, -131921.390625, -131921.390625, 4235611.000000, 4235611.000000, 394145.343750, 603018.312500
-0.550000, -1585546.750000, -1585546.750000, 4351839.500000, 4351839.500000, 451526.812500, 717275.312500
-0.500000, -3007580.750000, -3007580.750000, 4432760.500000, 4432760.500000, 482550.593750, 748570.000000
-0.450000, -4264278.000000, -4264278.000000, 4488657.000000, 4488657.000000, 581978.125000, 681753.375000
-0.400000, -4830234.000000, -4830234.000000, 4565314.000000, 4565314.000000, 735175.625000, 461326.500000
-0.350000, -4982052.000000, -4982052.000000, 4619402.500000, 4619402.500000, 862528.625000, 82030.335938
-0.300000, -4281996.000000, -4281996.000000, 4652363.500000, 4652363.500000, 901290.250000, -377986.156250
-0.250000, -2653001.500000, -2653001.500000, 4745295.000000, 4745295.000000, 989054.312500, -774075.000000
-0.200000, -449042.500000, -449042.500000, 4905624.000000, 4905624.000000, 1176869.625000, -1016503.375000
-0.150000, 2253673.750000, 2253673.750000, 5018239.000000, 5018239.000000, 1014935.562500, -1096640.375000
-0.100000, 4647545.000000, 4647545.000000, 5115496.000000, 5115496.000000, 652874.437500, -877443.187500
-0.050000, 7790170.500000, 7790170.500000, 5416738.000000, 5416738.000000, 747864.875000, -104043.632812
0.000000, 9906450.000000, 9906450.000000, 5644546.000000, 5644546.000000, 700925.625000, 700925.625000
0.050000, 7790170.500000, 7790170.500000, 5416738.000000, 5416738.000000, -104043.632812, 747864.875000
0.100000, 4647545.000000, 4647545.000000, 5115496.000000, 5115496.000000, -877443.187500, 652874.437500
0.150000, 2253673.750000, 2253673.750000, 5018239.000000, 5018239.000000, -1096640.375000, 1014935.562500
0.200000, -449042.500000, -449042.500000, 4905624.000000, 4905624.000000, -1016503.375000, 1176869.625000
0.250000, -2653001.500000, -2653001.500000, 4745295.000000, 4745295.000000, -774075.000000, 989054.312500
0.300000, -4281996.000000, -4281996.000000, 4652363.500000, 4652363.500000, -377986.156250, 901290.250000
0.350000, -4982052.000000, -4982052.000000, 4619402.500000, 4619402.500000, 82030.335938, 862528.625000
0.400000, -4830234.000000, -4830234.000000, 4565314.000000, 4565314.000000, 461326.500000, 735175.625000
0.450000, -4264278.000000, -4264278.000000, 4488657.000000, 4488657.000000, 681753.375000, 581978.125000
0.500000, -3007580.750000, -3007580.750000, 4432760.500000, 4432760.500000, 748570.000000, 482550.593750
0.550000, -1585546.750000, -1585546.750000, 4351839.500000, 4351839.500000, 717275.312500, 451526.812500
0.600000, -131921.390625, -131921.390625, 4235611.000000, 4235611.000000, 603018.312500, 394145.343750
0.650000, 1098347.625000, 1098347.625000, 4107914.750000, 4107914.750000, 358802.968750, 374529.562500
0.700000, 1852549.375000, 1852549.375000, 3975791.750000, 3975791.750000, 94250.054688, 472208.093750
0.750000, 2414100.750000, 2414100.750000, 3862973.500000, 3862973.500000, -20895.904297, 526665.375000
0.800000, 2432445.250000, 2432445.250000, 3756101.500000, 3756101.500000, -41881.058594, 521089.312500
0.850000, 1941403.875000, 1941403.875000, 3667068.750000, 3667068.750000, -20931.263672, 508487.968750
0.900000, 1344159.250000, 1344159.250000, 3631127.500000, 3631127.500000, 182288.734375, 487391.937500
0.950000, 569367.250000, 569367.250000, 3599736.750000, 3599736.750000, 359518.250000, 448993.093750
1.000000, -619192.937500, -619192.937500, 3491440.750000, 3491440.750000, 177710.328125, 236052.125000
1.050000, -1257203.000000, -1257203.000000, 3344762.250000, 3344762.250000, 3367.000977, 71972.546875
1.100000, -609414.250000, -609414.250000, 3264248.750000, 3264248.750000, 118187.882812, 218187.609375
1.150000, -173031.890625, -173031.890625, 3206710.000000, 3206710.000000, 199534.203125, 351698.687500
1.200000, -230039.093750, -230039.093750, 3106042.500000, 3106042.500000, 149184.484375, 372885.875000
1.250000, -54510.925781, -54510.925781, 3003391.000000, 3003391.000000, 110270.953125, 402588.593750
1.300000, 31938.167969, 31938.167969, 2912173.500000, 2912173.500000, 121294.570312, 409511.531250
1.350000, 130292.890625, 130292.890625, 2828418.250000, 2828418.250000, 142257.546875, 418967.187500
1.400000, 87030.648438, 87030.648438, 2744730.500000, 2744730.500000, 126273.187500, 396692.187500
1.450000, -78830.265625, -78830.265625, 2650099.000000, 2650099.000000, 97183.296875, 351879.531250
1.500000, -8215.790039, -8215.790039, 2562536.250000, 2562536.250000, 75774.437500, 333093.218750
1.550000, 65982.601562, 65982.601562, 2476412.750000, 2476412.750000, 83560.718750, 336167.718750
1.600000, 135380.687500, 135380.687500, 2390369.250000, 2390369.250000, 107380.804688, 339538.500000
1.650000, 113613.195312, 113613.195312, 2306744.000000, 2306744.000000, 100625.742188, 313473.812500
1.700000, 40662.078125, 40662.078125, 2211052.500000, 2211052.500000, 75144.101562, 299202.375000
1.750000, 7992.083008, 7992.083008, 2118395.000000, 2118395.000000, 53980.132812, 255311.000000
1.800000, -70802.726562, -70802.726562, 2039858.375000, 2039858.375000, 60257.140625, 226914.156250
1.850000, 19733.341797, 19733.341797, 1955287.750000, 1955287.750000, 65495.585938, 249613.843750
1.900000, 88809.921875, 88809.921875, 1861719.375000, 1861719.375000, 53201.078125, 182112.609375
1.950000, 27948.960938, 27948.960938, 1814489.375000, 1814489.375000, 39832.312500, 220519.515625
2.000000, -27988.298828, -27988.298828, 1827691.625000, 1827691.625000, 17670.234375, 500789.156250
2.050000, -39087.589844, -39087.589844, 1816606.875000, 1816606.875000, 36232.859375, 741889.937500
2.100000, 37137.078125, 37137.078125, 1758551.750000, 1758551.750000, 54793.988281, 750383.875000
2.150000, -57513.324219, -57513.324219, 1689614.625000, 1689614.625000, 44647.421875, 532544.250000
2.200000, -76536.890625, -76536.890625, 1614849.000000, 1614849.000000, 62833.542969, 199976.781250
2.250000, 23598.667969, 23598.667969, 1561649.375000, 1561649.375000, 61447.531250, -201966.015625
2.300000, -76074.460938, -76074.460938, 1544419.000000, 1544419.000000, 69396.828125, -602407.437500
2.350000, -50217.074219, -50217.074219, 1556542.750000, 1556542.750000, 78495.679688, -901093.750000
2.400000, -30033.314453, -30033.314453, 1612644.750000, 1612644.750000, 45847.503906, -1103526.250000
2.450000, -50592.042969, -50592.042969, 1692024.125000, 1692024.125000, 60079.843750, -1166459.125000
2.500000, 56021.097656, 56021.097656, 1746201.625000, 1746201.625000, 72796.679688, -1167763.375000
2.550000, -41478.437500, -41478.437500, 1771238.625000, 1771238.625000, 57709.304688, -1137619.375000
2.600000, -123262.031250, -123262.031250, 1804984.500000, 1804984.500000, 57715.589844, -965070.375000
2.650000, -75641.187500, -75641.187500, 1831148.500000, 1831148.500000, 41017.261719, -697795.000000
2.700000, -60849.132812, -60849.132812, 1804131.875000, 1804131.875000, 39966.847656, -435585.718750
2.750000, -22401.550781, -22401.550781, 1778179.875000, 1778179.875000, 47408.804688, -250142.593750
2.800000, -66466.773438, -66466.773438, 1757474.500000, 1757474.500000, 50598.375000, -86952.335938
2.850000, -64278.722656, -64278.722656, 1667892.625000, 1667892.625000, 51821.855469, -14048.147461
2.900000, -22995.451172, -22995.451172, 1616025.000000, 1616025.000000, 37319.929688, -13313.103516
2.950000, -47916.898438, -47916.898438, 1684742.750000, 1684742.750000, 51623.179688, 160125.750000
3.000000, 4119.933105, 4119.933105, 1722839.625000, 1722839.625000, 74480.562500, 117357.054688
3.050000, 27976.933594, 27976.933594, 1668847.250000, 1668847.250000, 84401.101562, -250261.687500
3.100000, -13493.266602, -13493.266602, 1631536.500000, 1631536.500000, 83652.070312, -406369.843750
3.150000, -47556.980469, -47556.980469, 1651055.250000, 1651055.250000, 78086.484375, -417031.218750
3.200000, -54294.625000, -54294.625000, 1664179.500000, 1664179.500000, 93373.968750, -419156.937500
3.250000, -19523.458984, -19523.458984, 1640948.625000, 1640948.625000, 82158.742188, -419736.343750
3.300000, -24451.527344, -24451.527344, 1626228.000000, 1626228.000000, 71890.773438, -464044.343750
3.350000, -16943.339844, -16943.339844, 1631694.625000, 1631694.625000, 88069.312500, -405574.218750
3.400000, 4530.930664, 4530.930664, 1630712.125000, 1630712.125000, 84756.601562, -362279.843750
3.450000, -7724.355469, -7724.355469, 1621912.875000, 1621912.875000, 87155.914062, -384672.500000
3.500000, -27774.832031, -27774.832031, 1612494.500000, 1612494.500000, 75387.546875, -373566.968750
3.550000, -61451.519531, -61451.519531, 1608088.750000, 1608088.750000, 62107.367188, -370547.062500
3.600000, -18273.589844, -18273.589844, 1605802.375000, 1605802.375000, 79685.914062, -340959.000000
3.650000, 4693.304688, 4693.304688, 1601741.625000, 1601741.625000, 79980.812500, -326190.875000
3.700000, -62350.734375, -62350.734375, 1594517.000000, 1594517.000000, 74915.226562, -323562.843750
3.750000, -48811.558594, -48811.558594, 1584734.000000, 1584734.000000, 76667.648438, -308357.843750
3.800000, -32070.449219, -32070.449219, 1578987.125000, 1578987.125000, 81124.789062, -333473.968750
3.850000, -37977.496094, -37977.496094, 1570185.250000, 1570185.250000, 88213.273438, -330093.000000
3.900000, -17819.267578, -17819.267578, 1564243.000000, 1564243.000000, 85382.882812, -316238.218750
3.950000, -43798.460938, -43798.460938, 1564646.250000, 1564646.250000, 93245.835938, -317205.812500
4.000000, -3162.317383, -3162.317383, 1557239.500000, 1557239.500000, 105156.898438, -294107.500000
4.050000, 48534.332031, 48534.332031, 1551091.500000, 1551091.500000, 109804.593750, -276010.031250
4.100000, -15590.456055, -15590.456055, 1543865.750000, 1543865.750000, 104067.484375, -271746.375000
4.150000, -41891.015625, -41891.015625, 1535090.250000, 1535090.250000, 96418.031250, -288634.781250
4.200000, -22223.494141, -22223.494141, 1533774.000000, 1533774.000000, 101367.359375, -276657.562500
4.250000, -32881.167969, -32881.167969, 1525496.875000, 1525496.875000, 94151.375000, -247164.500000
4.300000, -41271.949219, -41271.949219, 1518152.250000, 1518152.250000, 93502.265625, -259836.625000
4.350000, -40796.156250, -40796.156250, 1514494.375000, 1514494.375000, 98595.046875, -252160.468750
4.400000, -42254.429688, -42254.429688, 1503534.125000, 1503534.125000, 87169.406250, -244070.437500
4.450000, -66236.515625, -66236.515625, 1496505.250000, 1496505.250000, 88866.093750, -251305.953125
4.500000, -51936.105469, -51936.105469, 1491430.625000, 1491430.625000, 97908.828125, -233794.921875
4.550000, -3217.318115, -3217.318115, 1486864.250000, 1486864.250000, 111960.906250, -227765.125000
4.600000, -22649.892578, -22649.892578, 1482207.125000, 1482207.125000, 119428.085938, -232270.625000
4.650000, -26268.156250, -26268.156250, 1471843.250000, 1471843.250000, 115099.140625, -239164.906250
4.700000, 16197.169922, 16197.169922, 1464189.875000, 1464189.875000, 123439.054688, -229335.718750
4.750000, 10034.866211, 10034.866211, 1458150.375000, 1458150.375000, 121232.101562, -209692.218750
4.800000, 3748.637695, 3748.637695, 1453327.250000, 1453327.250000, 126862.226562, -221364.921875
4.850000, 10563.671875, 10563.671875, 1448159.875000, 1448159.875000, 132955.703125, -211169.921875
4.900000, -7869.105469, -7869.105469, 1439347.250000, 1439347.250000, 117432.062500, -188783.031250
4.950000, -17236.744141, -17236.744141, 1436186.500000, 1436186.500000, 128108.937500, -200532.109375
5.000000, -31273.279297, -31273.279297, 1431730.375000, 1431730.375000, 127726.742188, -208859.656250
5.050000, -64396.402344, -64396.402344, 1422194.750000, 1422194.750000, 111196.281250, -204764.000000
5.100000, -64187.925781, -64187.925781, 1418519.750000, 1418519.750000, 122227.929688, -192193.468750
5.150000, -19765.271484, -19765.271484, 1416312.750000, 1416312.750000, 128009.765625, -182138.484375
5.200000, 13862.095703, 13862.095703, 1407811.000000, 1407811.000000, 130428.757812, -179183.171875
5.250000, 14867.135742, 14867.135742, 1399082.500000, 1399082.500000, 134687.031250, -170945.656250
5.300000, 14317.730469, 14317.730469, 1394635.750000, 1394635.750000, 136368.796875, -170433.046875
5.350000, 14281.169922, 14281.169922, 1385730.250000, 1385730.250000, 135831.906250, -167460.093750
5.400000, -344.896515, -344.896515, 1377419.750000, 1377419.750000, 134369.031250, -159170.171875
5.450000, -4943.601562, -4943.601562, 1375136.750000, 1375136.750000, 151307.750000, -151109.750000
5.500000, -1138.910400, -1138.910400, 1366528.500000, 1366528.500000, 152796.765625, -142730.875000
5.550000, -25194.968750, -25194.968750, 1357397.125000, 1357397.125000, 150332.156250, -154476.906250
5.600000, -48974.402344, -48974.402344, 1351325.625000, 1351325.625000, 163543.015625, -162018.843750
5.650000, -40111.078125, -40111.078125, 1343076.750000, 1343076.750000, 154457.343750, -146439.875000
5.700000, -22984.931641, -22984.931641, 1338840.125000, 1338840.125000, 155125.796875, -133988.578125
5.750000, -29958.660156, -29958.660156, 1331955.750000, 1331955.750000, 159463.984375, -141186.921875
5.800000, -56434.285156, -56434.285156, 1320770.500000, 1320770.500000, 149620.921875, -161184.781250
5.850000, -34755.839844, -34755.839844, 1314977.625000, 1314977.625000, 155758.171875, -148866.328125
5.900000, 6538.280762, 6538.280762, 1311272.500000, 1311272.500000, 164383.031250, -123227.039062
5.950000, -13597.609375, -13597.609375, 1305116.125000, 1305116.125000, 180695.890625, -138731.187500
6.000000, -44755.871094, -44755.871094, 1296645.750000, 1296645.750000, 180342.546875, -152484.421875
6.050000, -52718.269531, -52718.269531, 1290090.875000, 1290090.875000, 171615.953125, -138965.015625
6.100000, -24581.558594, -24581.558594, 1287231.250000, 1287231.250000, 195761.046875, -121684.523438
6.150000, 3015.424561, 3015.424561, 1281187.250000, 1281187.250000, 196471.750000, -119722.296875
6.200000, -51113.957031, -51113.957031, 1269413.250000, 1269413.250000, 191494.062500, -144138.781250
6.250000, -67037.695312, -67037.695312, 1258939.625000, 1258939.625000, 203279.906250, -147474.937500
6.300000, 2959.357910, 2959.357910, 1257475.625000, 1257475.625000, 205905.000000, -122549.265625
6.350000, 20030.515625, 20030.515625, 1257928.750000, 1257928.750000, 222866.875000, -124107.960938
6.400000, -4850.942871, -4850.942871, 1246230.750000, 1246230.750000, 187410.421875, -138191.312500
6.450000, -17210.269531, -17210.269531, 1227626.125000, 1227626.125000, 90395.515625, -135528.109375
6.500000, -23269.382812, -23269.382812, 1223648.000000, 1223648.000000, 45355.132812, -131365.062500
6.550000, -20528.941406, -20528.941406, 1233894.125000, 1233894.125000, 52735.859375, -128521.562500
6.600000, -20313.953125, -20313.953125, 1227442.000000, 1227442.000000, 53764.843750, -118822.007812
6.650000, -22345.947266, -22345.947266, 1202759.750000, 1202759.750000, 60889.484375, -114316.281250
6.700000, -41039.003906, -41039.003906, 1184394.000000, 1184394.000000, 96058.718750, -117791.156250
6.750000, -66328.921875, -66328.921875, 1169240.875000, 1169240.875000, 148150.718750, -119798.875000
6.800000, -61322.996094, -61322.996094, 1154294.750000, 1154294.750000, 222143.218750, -125002.312500
6.850000, -54867.285156, -54867.285156, 1147382.250000, 1147382.250000, 306501.812500, -125824.929688
6.900000, -52704.597656, -52704.597656, 1146510.125000, 1146510.125000, 376065.125000, -125738.796875
6.950000, -34259.675781, -34259.675781, 1148578.750000, 1148578.750000, 423818.937500, -132604.812500
7.000000, -8041.179688, -8041.179688, 1155988.750000, 1155988.750000, 445063.656250, -123234.671875
7.050000, 32743.947266, 32743.947266, 1172059.125000, 1172059.125000, 453658.593750, -114969.234375
7.100000, 51159.789062, 51159.789062, 1185988.375000, 1185988.375000, 426753.218750, -124380.578125
7.150000, 30797.726562, 30797.726562, 1192450.625000, 1192450.625000, 357402.093750, -122296.609375
7.200000, 32313.140625, 32313.140625, 1192533.500000, 1192533.500000, 267663.468750, -115362.773438
7.250000, 45089.082031, 45089.082031, 1176676.000000, 1176676.000000, 141239.359375, -112454.164062
7.300000, 19168.851562, 19168.851562, 1153829.125000, 1153829.125000, 21177.730469, -106371.929688
7.350000, -24840.984375, -24840.984375, 1131358.750000, 1131358.750000, -58031.335938, -106417.234375
7.400000, -39612.015625, -39612.015625, 1106702.500000, 1106702.500000, -95365.507812, -111022.046875
7.450000, -23326.222656, -23326.222656, 1095762.625000, 1095762.625000, -51664.730469, -110157.585938
7.500000, -9940.126953, -9940.126953, 1096966.000000, 1096966.000000, 27531.644531, -98266.914062
7.550000, -6289.463867, -6289.463867, 1087841.500000, 1087841.500000, 65196.093750, -92461.890625
7.600000, -6100.143066, -6100.143066, 1066153.375000, 1066153.375000, 69314.679688, -98089.429688
7.650000, -7831.204590, -7831.204590, 1041436.687500, 1041436.687500, 67979.164062, -91835.226562
7.700000, -5375.351074, -5375.351074, 1013634.187500, 1013634.187500, 66567.585938, -86910.078125
7.750000, -4455.740723, -4455.740723, 985936.062500, 985936.062500, 61594.207031, -88134.187500
7.800000, -6566.477051, -6566.477051, 960907.687500, 960907.687500, 59482.906250, -82705.335938
7.850000, -8300.916016, -8300.916016, 930319.812500, 930319.812500, 58202.460938, -83061.375000
7.900000, -7917.657227, -7917.657227, 901137.812500, 901137.812500, 55517.023438, -78322.312500
7.950000, -3763.759521, -3763.759521, 877316.375000, 877316.375000, 59517.011719, -68952.289062
8.000000, -4212.006836, -4212.006836, 848501.000000, 848501.000000, 59076.484375, -68469.312500
8.050000, -5735.618164, -5735.618164, 821319.687500, 821319.687500, 54784.648438, -62653.964844
8.100000, -4346.121582, -4346.121582, 796264.312500, 796264.312500, 54773.714844, -57980.679688
8.150000, -6727.669922, -6727.669922, 767917.625000, 767917.625000, 52449.562500, -55513.761719
8.200000, -4676.015625, -4676.015625, 741476.000000, 741476.000000, 52631.625000, -46426.371094
8.250000, -1409.993286, -1409.993286, 713409.687500, 713409.687500, 52173.507812, -45342.359375
8.300000, -5644.912109, -5644.912109, 683636.750000, 683636.750000, 48750.550781, -46359.816406
8.350000, -4544.782715, -4544.782715, 656066.250000, 656066.250000, 49132.265625, -38612.234375
8.400000, -711.316223, -711.316223, 629580.562500, 629580.562500, 47411.296875, -31919.974609
8.450000, -2816.148193, -2816.148193, 602657.000000, 602657.000000, 47023.484375, -29689.121094
8.500000, -2429.358643, -2429.358643, 573276.125000, 573276.125000, 46854.218750, -27436.720703
8.550000, -1594.188110, -1594.188110, 545776.250000, 545776.250000, 41856.300781, -23709.572266
8.600000, -3706.969971, -3706.969971, 518405.906250, 518405.906250, 40841.628906, -22073.417969
8.650000, -2142.511719, -2142.511719, 488803.812500, 488803.812500, 39269.371094, -17440.998047
8.700000, 24.710075, 24.710075, 461307.593750, 461307.593750, 35632.164062, -9441.480469
8.750000, -1676.099854, -1676.099854, 432431.218750, 432431.218750, 36000.890625, -10149.841797
8.800000, -2012.791626, -2012.791626, 404386.875000, 404386.875000, 35406.554688, -9774.413086
8.850000, 79.551025, 79.551025, 377696.531250, 377696.531250, 34092.644531, -2628.552246
8.900000, 1197.346802, 1197.346802, 349642.718750, 349642.718750, 33044.750000, -1389.212646
8.950000, 1804.997070, 1804.997070, 322786.156250, 322786.156250, 28752.253906, -2679.619141
9.000000, -42.868164, -42.868164, 292187.968750, 292187.968750, 22604.001953, -5193.960449
9.050000, -2749.486816, -2749.486816, 263344.625000, 263344.625000, 19031.998047, -3068.018311
9.100000, 187.715363, 187.715363, 237102.625000, 237102.625000, 18076.843750, 11079.015625
9.150000, 2974.096436, 2974.096436, 205964.968750, 205964.968750, 16653.251953, 12919.160156
9.200000, 237.903183, 237.903183, 178257.093750, 178257.093750, 15212.639648, 2702.737549
9.250000, -812.948608, -812.948608, 149583.656250, 149583.656250, 12082.695312, 8617.475586
9.300000, 1227.434937, 1227.434937, 118576.132812, 118576.132812, 8405.673828, 18871.878906
9.350000, 1696.131104, 1696.131104, 89299.078125, 89299.078125, 8253.981445, 14518.615234
9.400000, 785.048401, 785.048401, 49024.625000, 49024.625000, 6600.565430, 5450.739258
9.450000, 168.433670, 168.433670, 12177.026367, 12177.026367, 2067.321045, 992.115479
