Time 1XX 1YY 2XX 2YY 1X2Y 1Y2X 
-8.900000, 0.000000, 0.000000, 0.000000, 0.000000, 0.000000, 0.000000
-8.850000, -8.959241, -8.959241, 7537.339355, 7537.339355, 531.581360, -127.033875
-8.800000, -38.373917, -38.373917, 29329.052734, 29329.052734, 1751.243896, -619.916382
-8.750000, -18.529800, -18.529800, 50527.585938, 50527.585938, 3094.842285, -449.696594
-8.700000, -127.169785, -127.169785, 63957.347656, 63957.347656, 5159.232422, -1227.403931
-8.650000, -113.077194, -113.077194, 82159.726562, 82159.726562, 6149.718262, -2234.804932
-8.600000, 284.359344, 284.359344, 101899.203125, 101899.203125, 5628.279297, 3217.059082
-8.550000, 294.351318, 294.351318, 119021.726562, 119021.726562, 7831.708008, 9550.887695
-8.500000, 1039.717041, 1039.717041, 137271.765625, 137271.765625, 7697.140137, 11722.933594
-8.450000, 1642.490845, 1642.490845, 154514.875000, 154514.875000, 4523.569824, 14412.236328
-8.400000, 422.236115, 422.236115, 173187.312500, 173187.312500, 7777.132324, 15539.535156
-8.350000, 1385.689819, 1385.689819, 191236.500000, 191236.500000, 8551.145508, 17100.185547
-8.300000, 1673.824951, 1673.824951, 207306.171875, 207306.171875, 4672.016602, 18875.634766
-8.250000, -688.353088, -688.353088, 226286.375000, 226286.375000, 9180.275391, 19005.144531
-8.200000, 673.640808, 673.640808, 244070.687500, 244070.687500, 13467.878906, 19796.435547
-8.150000, 1070.506958, 1070.506958, 260599.625000, 260599.625000, 12571.231445, 19062.291016
-8.100000, -719.785278, -719.785278, 279459.375000, 279459.375000, 14603.117188, 22816.871094
-8.050000, 573.235107, 573.235107, 298175.968750, 298175.968750, 16527.111328, 27418.167969
-8.000000, 1794.797852, 1794.797852, 315584.187500, 315584.187500, 17531.656250, 25287.697266
-7.950000, 2102.669434, 2102.669434, 332523.125000, 332523.125000, 19440.433594, 24549.814453
-7.900000, 1341.335571, 1341.335571, 350906.500000, 350906.500000, 20133.654297, 24568.632812
-7.850000, 1571.694458, 1571.694458, 367648.562500, 367648.562500, 19506.007812, 22390.046875
-7.800000, 2089.538330, 2089.538330, 382096.093750, 382096.093750, 20290.953125, 18980.880859
-7.750000, -99.397957, -99.397957, 401720.218750, 401720.218750, 22739.638672, 17534.222656
-7.700000, 2040.914062, 2040.914062, 432287.718750, 432287.718750, 22419.515625, 28870.597656
-7.650000, 4943.524414, 4943.524414, 480127.343750, 480127.343750, 23351.697266, 63248.953125
-7.600000, 4536.350098, 4536.350098, 519666.625000, 519666.625000, 25976.054688, 102921.164062
-7.550000, 6504.368164, 6504.368164, 513460.406250, 513460.406250, 24179.357422, 86832.500000
-7.500000, 6759.842773, 6759.842773, 486974.250000, 486974.250000, 22367.759766, 34159.855469
-7.450000, 2632.723145, 2632.723145, 442735.750000, 442735.750000, 15472.485352, 52406.601562
-7.400000, 482.435059, 482.435059, 362176.218750, 362176.218750, 6358.390625, 122244.453125
-7.350000, 9254.002930, 9254.002930, 299160.031250, 299160.031250, 3883.456055, 171683.812500
-7.300000, 12968.660156, 12968.660156, 243810.250000, 243810.250000, -5829.844727, 220975.140625
-7.250000, 5479.846191, 5479.846191, 183860.234375, 183860.234375, -5071.451172, 257804.000000
-7.200000, 16436.662109, 16436.662109, 173370.984375, 173370.984375, 6380.957031, 224880.218750
-7.150000, 9848.143555, 9848.143555, 137607.203125, 137607.203125, -2963.326904, 77642.031250
-7.100000, -27448.859375, -27448.859375, 41685.304688, 41685.304688, 7044.629883, -144852.234375
-7.050000, -28586.238281, -28586.238281, -35344.968750, -35344.968750, 20885.515625, -324694.437500
-7.000000, -27793.779297, -27793.779297, -95085.539062, -95085.539062, -3922.980225, -430311.125000
-6.950000, -52016.753906, -52016.753906, -136178.781250, -136178.781250, 2367.693115, -442915.812500
-6.900000, -39784.335938, -39784.335938, -161407.281250, -161407.281250, 12051.922852, -320937.562500
-6.850000, -290.431641, -290.431641, -193563.375000, -193563.375000, -17680.796875, -143625.109375
-6.800000, 36879.359375, 36879.359375, -212724.046875, -212724.046875, -9053.728516, -8690.765625
-6.750000, 62115.851562, 62115.851562, -220041.734375, -220041.734375, 918.054504, 131490.328125
-6.700000, 64282.382812, 64282.382812, -228470.234375, -228470.234375, -23707.783203, 260808.968750
-6.650000, 59464.507812, 59464.507812, -247891.171875, -247891.171875, -15861.749023, 170368.187500
-6.600000, 39730.410156, 39730.410156, -257781.109375, -257781.109375, 181.500854, -60610.093750
-6.550000, -26924.177734, -26924.177734, -252152.625000, -252152.625000, -17407.873047, -185934.156250
-6.500000, -87834.031250, -87834.031250, -254922.546875, -254922.546875, -28349.091797, -242331.531250
-6.450000, -79166.476562, -79166.476562, -235697.468750, -235697.468750, -15560.702148, -217866.109375
-6.400000, -84443.632812, -84443.632812, -215251.843750, -215251.843750, -19809.248047, -112772.484375
-6.350000, -77973.820312, -77973.820312, -205883.609375, -205883.609375, -17720.302734, -34901.562500
-6.300000, 13872.014648, 13872.014648, -175069.468750, -175069.468750, 8600.125000, -12868.777344
-6.250000, 24126.017578, 24126.017578, -162232.718750, -162232.718750, -3106.412598, -60142.789062
-6.200000, -2.473408, -2.473408, -145724.593750, -145724.593750, 1185.866211, -63466.820312
-6.150000, 68995.523438, 68995.523438, -108146.828125, -108146.828125, 40432.148438, -19934.121094
-6.100000, 64353.851562, 64353.851562, -86887.195312, -86887.195312, 28974.978516, -19721.355469
-6.050000, -2835.993164, -2835.993164, -58917.726562, -58917.726562, 21675.513672, -10658.042969
-6.000000, -15143.591797, -15143.591797, -33284.042969, -33284.042969, 34992.046875, -21194.203125
-5.950000, -162.177826, -162.177826, -12978.156250, -12978.156250, 23350.244141, -26413.396484
-5.900000, 2227.352539, 2227.352539, 14528.390625, 14528.390625, 18341.470703, -24358.566406
-5.850000, 5648.752930, 5648.752930, 34032.992188, 34032.992188, 18401.771484, -47814.894531
-5.800000, 48307.007812, 48307.007812, 60899.062500, 60899.062500, 19474.015625, -27600.205078
-5.750000, 44098.957031, 44098.957031, 86281.359375, 86281.359375, 23834.791016, -35850.937500
-5.700000, 21557.707031, 21557.707031, 109241.570312, 109241.570312, 37069.988281, -45023.890625
-5.650000, 19485.982422, 19485.982422, 136847.796875, 136847.796875, 44129.984375, -12968.398438
-5.600000, -58354.441406, -58354.441406, 157016.171875, 157016.171875, 19269.669922, -24485.031250
-5.550000, -72286.687500, -72286.687500, 186719.203125, 186719.203125, 22085.367188, -14537.269531
-5.500000, -34257.140625, -34257.140625, 210211.031250, 210211.031250, 26555.074219, -5449.765625
-5.450000, -53705.175781, -53705.175781, 226149.890625, 226149.890625, -4462.386230, -18582.826172
-5.400000, -4460.912598, -4460.912598, 252811.625000, 252811.625000, -2542.937500, -13548.393555
-5.350000, 53074.781250, 53074.781250, 271976.593750, 271976.593750, 7651.780273, -30849.296875
-5.300000, 65599.421875, 65599.421875, 295843.812500, 295843.812500, 13352.963867, -18853.292969
-5.250000, 64833.742188, 64833.742188, 321346.312500, 321346.312500, 28154.695312, -6092.450195
-5.200000, 23565.449219, 23565.449219, 340546.187500, 340546.187500, 18532.000000, -17085.939453
-5.150000, -30183.099609, -30183.099609, 364014.906250, 364014.906250, 3842.559570, -6859.595703
-5.100000, -85201.421875, -85201.421875, 381089.343750, 381089.343750, -3155.940674, -16592.882812
-5.050000, -64929.320312, -64929.320312, 405138.906250, 405138.906250, -1218.645142, -7001.537109
-5.000000, -35135.695312, -35135.695312, 428150.250000, 428150.250000, -5816.138184, 3365.971191
-4.950000, -45107.187500, -45107.187500, 444065.250000, 444065.250000, -16817.742188, -9447.214844
-4.900000, 36594.976562, 36594.976562, 472427.187500, 472427.187500, -312.826294, 10739.406250
-4.850000, 82010.406250, 82010.406250, 494075.156250, 494075.156250, 11292.616211, 17448.076172
-4.800000, 61496.593750, 61496.593750, 517733.000000, 517733.000000, 18292.800781, 26900.160156
-4.750000, 39889.722656, 39889.722656, 545293.125000, 545293.125000, 23215.070312, 36588.152344
-4.700000, -53523.042969, -53523.042969, 561079.937500, 561079.937500, 11217.833984, 13632.611328
-4.650000, -96614.203125, -96614.203125, 587141.375000, 587141.375000, 23941.121094, 15397.367188
-4.600000, -69966.242188, -69966.242188, 611477.937500, 611477.937500, 37315.917969, 17000.507812
-4.550000, -38019.011719, -38019.011719, 632721.437500, 632721.437500, 42921.835938, 18811.285156
-4.500000, 2085.272217, 2085.272217, 661365.687500, 661365.687500, 53259.726562, 32902.554688
-4.450000, 25092.660156, 25092.660156, 681275.625000, 681275.625000, 50215.523438, 33970.984375
-4.400000, 75593.507812, 75593.507812, 706836.687500, 706836.687500, 62534.332031, 51952.085938
-4.350000, 82356.828125, 82356.828125, 734075.250000, 734075.250000, 61724.785156, 54573.804688
-4.300000, 53410.695312, 53410.695312, 755505.375000, 755505.375000, 49744.734375, 47087.699219
-4.250000, 57574.273438, 57574.273438, 780345.000000, 780345.000000, 57346.597656, 54703.558594
-4.200000, 5836.076660, 5836.076660, 799237.937500, 799237.937500, 43783.632812, 40678.910156
-4.150000, -30031.031250, -30031.031250, 823393.125000, 823393.125000, 43691.320312, 38378.601562
-4.100000, -6988.330078, -6988.330078, 847874.312500, 847874.312500, 55896.105469, 47477.222656
-4.050000, -2024.244141, -2024.244141, 866525.125000, 866525.125000, 47164.300781, 50722.703125
-4.000000, -13928.916016, -13928.916016, 895933.437500, 895933.437500, 60846.800781, 61048.328125
-3.950000, -42304.105469, -42304.105469, 922859.875000, 922859.875000, 67483.781250, 57178.949219
-3.900000, -62958.683594, -62958.683594, 946689.750000, 946689.750000, 50197.476562, 58610.531250
-3.850000, -64645.636719, -64645.636719, 970812.687500, 970812.687500, 48940.597656, 59113.425781
-3.800000, -24624.513672, -24624.513672, 991499.187500, 991499.187500, 54670.890625, 46874.187500
-3.750000, 30417.234375, 30417.234375, 1018192.187500, 1018192.187500, 60565.320312, 52069.078125
-3.700000, 42150.933594, 42150.933594, 1041083.812500, 1041083.812500, 73267.132812, 60161.703125
-3.650000, 63543.414062, 63543.414062, 1065965.625000, 1065965.625000, 87111.468750, 71548.156250
-3.600000, 60358.324219, 60358.324219, 1093380.375000, 1093380.375000, 86096.351562, 81518.484375
-3.550000, 7192.255371, 7192.255371, 1109951.250000, 1109951.250000, 76896.218750, 78367.968750
-3.500000, -11756.748047, -11756.748047, 1132963.250000, 1132963.250000, 71282.296875, 88127.359375
-3.450000, -3260.028809, -3260.028809, 1154418.250000, 1154418.250000, 59560.082031, 92290.687500
-3.400000, -3003.312256, -3003.312256, 1173684.250000, 1173684.250000, 69802.804688, 84306.101562
-3.350000, -11864.508789, -11864.508789, 1205622.375000, 1205622.375000, 94015.781250, 85340.273438
-3.300000, -21398.585938, -21398.585938, 1226704.250000, 1226704.250000, 91010.585938, 75318.632812
-3.250000, -5925.689453, -5925.689453, 1247362.750000, 1247362.750000, 95284.398438, 63375.265625
-3.200000, 24225.919922, 24225.919922, 1275090.125000, 1275090.125000, 104420.296875, 69796.757812
-3.150000, 8638.339844, 8638.339844, 1291655.750000, 1291655.750000, 93011.929688, 78788.578125
-3.100000, -4818.050781, -4818.050781, 1315388.375000, 1315388.375000, 90773.328125, 90587.117188
-3.050000, 7912.603027, 7912.603027, 1338013.500000, 1338013.500000, 79992.804688, 95158.109375
-3.000000, -30903.771484, -30903.771484, 1355333.750000, 1355333.750000, 69257.843750, 88208.226562
-2.950000, -9124.282227, -9124.282227, 1380897.625000, 1380897.625000, 76496.742188, 96594.671875
-2.900000, 64015.824219, 64015.824219, 1399349.750000, 1399349.750000, 63904.562500, 106367.234375
-2.850000, 80626.234375, 80626.234375, 1423674.000000, 1423674.000000, 74578.476562, 111967.976562
-2.800000, 82348.046875, 82348.046875, 1445290.250000, 1445290.250000, 85279.773438, 113923.265625
-2.750000, 9336.663086, 9336.663086, 1459329.500000, 1459329.500000, 59795.675781, 99072.632812
-2.700000, -55698.105469, -55698.105469, 1494276.875000, 1494276.875000, 76500.734375, 92942.414062
-2.650000, -81069.640625, -81069.640625, 1516656.250000, 1516656.250000, 73597.164062, 81373.406250
-2.600000, -77099.679688, -77099.679688, 1530972.125000, 1530972.125000, 44716.667969, 80225.414062
-2.550000, 27931.447266, 27931.447266, 1555991.000000, 1555991.000000, 46802.457031, 102071.070312
-2.500000, 12045.609375, 12045.609375, 1567044.000000, 1567044.000000, 67626.476562, 91744.390625
-2.450000, -4212.797852, -4212.797852, 1588588.375000, 1588588.375000, 184053.296875, 99475.703125
-2.400000, 70041.562500, 70041.562500, 1604084.375000, 1604084.375000, 254126.390625, 122718.515625
-2.350000, 13393.291992, 13393.291992, 1602180.875000, 1602180.875000, 186315.453125, 116452.203125
-2.300000, -27329.166016, -27329.166016, 1608750.125000, 1608750.125000, 82694.843750, 113159.054688
-2.250000, -32738.501953, -32738.501953, 1600587.250000, 1600587.250000, -119250.226562, 106809.195312
-2.200000, 52163.894531, 52163.894531, 1591705.625000, 1591705.625000, -253665.296875, 130928.187500
-2.150000, 99513.945312, 99513.945312, 1584698.750000, 1584698.750000, -188136.468750, 133636.468750
-2.100000, -38428.679688, -38428.679688, 1576229.000000, 1576229.000000, -30603.833984, 100226.140625
-2.050000, -47388.000000, -47388.000000, 1566721.000000, 1566721.000000, 118282.367188, 108676.828125
-2.000000, -142927.859375, -142927.859375, 1527256.750000, 1527256.750000, 185999.375000, 82181.351562
-1.950000, -175637.843750, -175637.843750, 1506657.000000, 1506657.000000, 361557.000000, 83220.210938
-1.900000, 8266.123047, 8266.123047, 1481461.000000, 1481461.000000, 453533.781250, 117687.187500
-1.850000, -24550.498047, -24550.498047, 1421612.125000, 1421612.125000, 291731.812500, 97927.406250
-1.800000, 30826.166016, 30826.166016, 1376131.875000, 1376131.875000, 207730.546875, 110353.429688
-1.750000, 136566.718750, 136566.718750, 1293015.000000, 1293015.000000, 77833.695312, 90828.906250
-1.700000, 211412.765625, 211412.765625, 1231110.875000, 1231110.875000, -53836.867188, 87670.062500
-1.650000, 207425.953125, 207425.953125, 1235449.000000, 1235449.000000, -104476.789062, 105346.765625
-1.600000, -106675.000000, -106675.000000, 1204494.250000, 1204494.250000, -148734.000000, 31651.369141
-1.550000, -82999.742188, -82999.742188, 1158744.750000, 1158744.750000, 20420.992188, 42270.316406
-1.500000, -83477.171875, -83477.171875, 1104497.375000, 1104497.375000, 37384.824219, 55595.281250
-1.450000, -286996.281250, -286996.281250, 1038665.250000, 1038665.250000, -20673.896484, 26403.568359
-1.400000, -125764.296875, -125764.296875, 974104.125000, 974104.125000, 76896.203125, 54385.804688
-1.350000, 62402.000000, 62402.000000, 922767.437500, 922767.437500, 54788.714844, 54295.800781
-1.300000, 586230.750000, 586230.750000, 934072.000000, 934072.000000, 268330.718750, 117699.070312
-1.250000, 857545.062500, 857545.062500, 945695.875000, 945695.875000, 373633.218750, 100563.507812
-1.200000, 264250.281250, 264250.281250, 994012.875000, 994012.875000, 78454.421875, 16558.474609
-1.150000, -386126.531250, -386126.531250, 1065205.625000, 1065205.625000, -241792.296875, 34658.945312
-1.100000, -900880.250000, -900880.250000, 1082018.375000, 1082018.375000, -806421.062500, -59284.656250
-1.050000, -747195.937500, -747195.937500, 1151422.500000, 1151422.500000, -1120127.375000, -113149.664062
-1.000000, -142535.546875, -142535.546875, 1189981.375000, 1189981.375000, -785484.250000, -128691.460938
-0.950000, 706192.875000, 706192.875000, 1272293.875000, 1272293.875000, 20275.443359, -148444.000000
-0.900000, 1456802.750000, 1456802.750000, 1486302.625000, 1486302.625000, 1087406.250000, 4051.974121
-0.850000, 299676.093750, 299676.093750, 1597532.375000, 1597532.375000, 1784560.000000, -6864.970703
-0.800000, -1461663.875000, -1461663.875000, 1744356.625000, 1744356.625000, 1940369.125000, -78335.500000
-0.750000, -2372515.250000, -2372515.250000, 1918151.750000, 1918151.750000, 1007187.562500, -33838.964844
-0.700000, -2666578.250000, -2666578.250000, 1986050.875000, 1986050.875000, -647479.312500, -20621.371094
-0.650000, -1369640.500000, -1369640.500000, 2149867.500000, 2149867.500000, -1664804.875000, 73348.117188
-0.600000, 1367213.250000, 1367213.250000, 2315319.750000, 2315319.750000, -2312625.250000, 125430.351562
-0.550000, 4949026.500000, 4949026.500000, 2536897.000000, 2536897.000000, -2030816.125000, 243920.546875
-0.500000, 6819805.500000, 6819805.500000, 2990718.000000, 2990718.000000, -530261.625000, 466108.531250
-0.450000, 5039948.000000, 5039948.000000, 3453144.750000, 3453144.750000, 590424.187500, 589522.250000
-0.400000, 1597465.000000, 1597465.000000, 3728390.000000, 3728390.000000, 1146041.375000, 473545.437500
-0.350000, -3394455.750000, -3394455.750000, 3888043.000000, 3888043.000000, 1455240.625000, -36551.191406
-0.300000, -8883469.000000, -8883469.000000, 4103734.750000, 4103734.750000, 1383837.125000, -197702.546875
-0.250000, -11574036.000000, -11574036.000000, 4238035.500000, 4238035.500000, 919168.062500, 54582.261719
-0.200000, -9812154.000000, -9812154.000000, 4398768.500000, 4398768.500000, 246649.203125, 230652.218750
-0.150000, -3991024.000000, -3991024.000000, 4769432.500000, 4769432.500000, -2002.372803, 809150.875000
-0.100000, 3686946.250000, 3686946.250000, 5054561.000000, 5054561.000000, 300599.500000, 1418496.250000
-0.050000, 12399296.000000, 12399296.000000, 5505317.000000, 5505317.000000, 1151430.750000, 1790176.875000
0.000000, 17115914.000000, 17115914.000000, 5881509.500000, 5881509.500000, 1891075.375000, 1891075.375000
0.050000, 12399296.000000, 12399296.000000, 5505317.000000, 5505317.000000, 1790176.875000, 1151430.750000
0.100000, 3686946.250000, 3686946.250000, 5054561.000000, 5054561.000000, 1418496.250000, 300599.500000
0.150000, -3991024.000000, -3991024.000000, 4769432.500000, 4769432.500000, 809150.875000, -2002.372803
0.200000, -9812154.000000, -9812154.000000, 4398768.500000, 4398768.500000, 230652.218750, 246649.203125
0.250000, -11574036.000000, -11574036.000000, 4238035.500000, 4238035.500000, 54582.261719, 919168.062500
0.300000, -8883469.000000, -8883469.000000, 4103734.750000, 4103734.750000, -197702.546875, 1383837.125000
0.350000, -3394455.750000, -3394455.750000, 3888043.000000, 3888043.000000, -36551.191406, 1455240.625000
0.400000, 1597465.000000, 1597465.000000, 3728390.000000, 3728390.000000, 473545.437500, 1146041.375000
0.450000, 5039948.000000, 5039948.000000, 3453144.750000, 3453144.750000, 589522.250000, 590424.187500
0.500000, 6819805.500000, 6819805.500000, 2990718.000000, 2990718.000000, 466108.531250, -530261.625000
0.550000, 4949026.500000, 4949026.500000, 2536897.000000, 2536897.000000, 243920.546875, -2030816.125000
0.600000, 1367213.250000, 1367213.250000, 2315319.750000, 2315319.750000, 125430.351562, -2312625.250000
0.650000, -1369640.500000, -1369640.500000, 2149867.500000, 2149867.500000, 73348.117188, -1664804.875000
0.700000, -2666578.250000, -2666578.250000, 1986050.875000, 1986050.875000, -20621.371094, -647479.312500
0.750000, -2372515.250000, -2372515.250000, 1918151.750000, 1918151.750000, -33838.964844, 1007187.562500
0.800000, -1461663.875000, -1461663.875000, 1744356.625000, 1744356.625000, -78335.500000, 1940369.125000
0.850000, 299676.093750, 299676.093750, 1597532.375000, 1597532.375000, -6864.970703, 1784560.000000
0.900000, 1456802.750000, 1456802.750000, 1486302.625000, 1486302.625000, 4051.974121, 1087406.250000
0.950000, 706192.875000, 706192.875000, 1272293.875000, 1272293.875000, -148444.000000, 20275.443359
1.000000, -142535.546875, -142535.546875, 1189981.375000, 1189981.375000, -128691.460938, -785484.250000
1.050000, -747195.937500, -747195.937500, 1151422.500000, 1151422.500000, -113149.664062, -1120127.375000
1.100000, -900880.250000, -900880.250000, 1082018.375000, 1082018.375000, -59284.656250, -806421.062500
1.150000, -386126.531250, -386126.531250, 1065205.625000, 1065205.625000, 34658.945312, -241792.296875
1.200000, 264250.281250, 264250.281250, 994012.875000, 994012.875000, 16558.474609, 78454.421875
1.250000, 857545.062500, 857545.062500, 945695.875000, 945695.875000, 100563.507812, 373633.218750
1.300000, 586230.750000, 586230.750000, 934072.000000, 934072.000000, 117699.070312, 268330.718750
1.350000, 62402.000000, 62402.000000, 922767.437500, 922767.437500, 54295.800781, 54788.714844
1.400000, -125764.296875, -125764.296875, 974104.125000, 974104.125000, 54385.804688, 76896.203125
1.450000, -286996.281250, -286996.281250, 1038665.250000, 1038665.250000, 26403.568359, -20673.896484
1.500000, -83477.171875, -83477.171875, 1104497.375000, 1104497.375000, 55595.281250, 37384.824219
1.550000, -82999.742188, -82999.742188, 1158744.750000, 1158744.750000, 42270.316406, 20420.992188
1.600000, -106675.000000, -106675.000000, 1204494.250000, 1204494.250000, 31651.369141, -148734.000000
1.650000, 207425.953125, 207425.953125, 1235449.000000, 1235449.000000, 105346.765625, -104476.789062
1.700000, 211412.765625, 211412.765625, 1231110.875000, 1231110.875000, 87670.062500, -53836.867188
1.750000, 136566.718750, 136566.718750, 1293015.000000, 1293015.000000, 90828.906250, 77833.695312
1.800000, 30826.166016, 30826.166016, 1376131.875000, 1376131.875000, 110353.429688, 207730.546875
1.850000, -24550.498047, -24550.498047, 1421612.125000, 1421612.125000, 97927.406250, 291731.812500
1.900000, 8266.123047, 8266.123047, 1481461.000000, 1481461.000000, 117687.187500, 453533.781250
1.950000, -175637.843750, -175637.843750, 1506657.000000, 1506657.000000, 83220.210938, 361557.000000
2.000000, -142927.859375, -142927.859375, 1527256.750000, 1527256.750000, 82181.351562, 185999.375000
2.050000, -47388.000000, -47388.000000, 1566721.000000, 1566721.000000, 108676.828125, 118282.367188
2.100000, -38428.679688, -38428.679688, 1576229.000000, 1576229.000000, 100226.140625, -30603.833984
2.150000, 99513.945312, 99513.945312, 1584698.750000, 1584698.750000, 133636.468750, -188136.468750
2.200000, 52163.894531, 52163.894531, 1591705.625000, 1591705.625000, 130928.187500, -253665.296875
2.250000, -32738.501953, -32738.501953, 1600587.250000, 1600587.250000, 106809.195312, -119250.226562
2.300000, -27329.166016, -27329.166016, 1608750.125000, 1608750.125000, 113159.054688, 82694.843750
2.350000, 13393.291992, 13393.291992, 1602180.875000, 1602180.875000, 116452.203125, 186315.453125
2.400000, 70041.562500, 70041.562500, 1604084.375000, 1604084.375000, 122718.515625, 254126.390625
2.450000, -4212.797852, -4212.797852, 1588588.375000, 1588588.375000, 99475.703125, 184053.296875
2.500000, 12045.609375, 12045.609375, 1567044.000000, 1567044.000000, 91744.390625, 67626.476562
2.550000, 27931.447266, 27931.447266, 1555991.000000, 1555991.000000, 102071.070312, 46802.457031
2.600000, -77099.679688, -77099.679688, 1530972.125000, 1530972.125000, 80225.414062, 44716.667969
2.650000, -81069.640625, -81069.640625, 1516656.250000, 1516656.250000, 81373.406250, 73597.164062
2.700000, -55698.105469, -55698.105469, 1494276.875000, 1494276.875000, 92942.414062, 76500.734375
2.750000, 9336.663086, 9336.663086, 1459329.500000, 1459329.500000, 99072.632812, 59795.675781
2.800000, 82348.046875, 82348.046875, 1445290.250000, 1445290.250000, 113923.265625, 85279.773438
2.850000, 80626.234375, 80626.234375, 1423674.000000, 1423674.000000, 111967.976562, 74578.476562
2.900000, 64015.824219, 64015.824219, 1399349.750000, 1399349.750000, 106367.234375, 63904.562500
2.950000, -9124.282227, -9124.282227, 1380897.625000, 1380897.625000, 96594.671875, 76496.742188
3.000000, -30903.771484, -30903.771484, 1355333.750000, 1355333.750000, 88208.226562, 69257.843750
3.050000, 7912.603027, 7912.603027, 1338013.500000, 1338013.500000, 95158.109375, 79992.804688
3.100000, -4818.050781, -4818.050781, 1315388.375000, 1315388.375000, 90587.117188, 90773.328125
3.150000, 8638.339844, 8638.339844, 1291655.750000, 1291655.750000, 78788.578125, 93011.929688
3.200000, 24225.919922, 24225.919922, 1275090.125000, 1275090.125000, 69796.757812, 104420.296875
3.250000, -5925.689453, -5925.689453, 1247362.750000, 1247362.750000, 63375.265625, 95284.398438
3.300000, -21398.585938, -21398.585938, 1226704.250000, 1226704.250000, 75318.632812, 91010.585938
3.350000, -11864.508789, -11864.508789, 1205622.375000, 1205622.375000, 85340.273438, 94015.781250
3.400000, -3003.312256, -3003.312256, 1173684.250000, 1173684.250000, 84306.101562, 69802.804688
3.450000, -3260.028809, -3260.028809, 1154418.250000, 1154418.250000, 92290.687500, 59560.082031
3.500000, -11756.748047, -11756.748047, 1132963.250000, 1132963.250000, 88127.359375, 71282.296875
3.550000, 7192.255371, 7192.255371, 1109951.250000, 1109951.250000, 78367.968750, 76896.218750
3.600000, 60358.324219, 60358.324219, 1093380.375000, 1093380.375000, 81518.484375, 86096.351562
3.650000, 63543.414062, 63543.414062, 1065965.625000, 1065965.625000, 71548.156250, 87111.468750
3.700000, 42150.933594, 42150.933594, 1041083.812500, 1041083.812500, 60161.703125, 73267.132812
3.750000, 30417.234375, 30417.234375, 1018192.187500, 1018192.187500, 52069.078125, 60565.320312
3.800000, -24624.513672, -24624.513672, 991499.187500, 991499.187500, 46874.187500, 54670.890625
3.850000, -64645.636719, -64645.636719, 970812.687500, 970812.687500, 59113.425781, 48940.597656
3.900000, -62958.683594, -62958.683594, 946689.750000, 946689.750000, 58610.531250, 50197.476562
3.950000, -42304.105469, -42304.105469, 922859.875000, 922859.875000, 57178.949219, 67483.781250
4.000000, -13928.916016, -13928.916016, 895933.437500, 895933.437500, 61048.328125, 60846.800781
4.050000, -2024.244141, -2024.244141, 866525.125000, 866525.125000, 50722.703125, 47164.300781
4.100000, -6988.330078, -6988.330078, 847874.312500, 847874.312500, 47477.222656, 55896.105469
4.150000, -30031.031250, -30031.031250, 823393.125000, 823393.125000, 38378.601562, 43691.320312
4.200000, 5836.076660, 5836.076660, 799237.937500, 799237.937500, 40678.910156, 43783.632812
4.250000, 57574.273438, 57574.273438, 780345.000000, 780345.000000, 54703.558594, 57346.597656
4.300000, 53410.695312, 53410.695312, 755505.375000, 755505.375000, 47087.699219, 49744.734375
4.350000, 82356.828125, 82356.828125, 734075.250000, 734075.250000, 54573.804688, 61724.785156
4.400000, 75593.507812, 75593.507812, 706836.687500, 706836.687500, 51952.085938, 62534.332031
4.450000, 25092.660156, 25092.660156, 681275.625000, 681275.625000, 33970.984375, 50215.523438
4.500000, 2085.272217, 2085.272217, 661365.687500, 661365.687500, 32902.554688, 53259.726562
4.550000, -38019.011719, -38019.011719, 632721.437500, 632721.437500, 18811.285156, 42921.835938
4.600000, -69966.242188, -69966.242188, 611477.937500, 611477.937500, 17000.507812, 37315.917969
4.650000, -96614.203125, -96614.203125, 587141.375000, 587141.375000, 15397.367188, 23941.121094
4.700000, -53523.042969, -53523.042969, 561079.937500, 561079.937500, 13632.611328, 11217.833984
4.750000, 39889.722656, 39889.722656, 545293.125000, 545293.125000, 36588.152344, 23215.070312
4.800000, 61496.593750, 61496.593750, 517733.000000, 517733.000000, 26900.160156, 18292.800781
4.850000, 82010.406250, 82010.406250, 494075.156250, 494075.156250, 17448.076172, 11292.616211
4.900000, 36594.976562, 36594.976562, 472427.187500, 472427.187500, 10739.406250, -312.826294
4.950000, -45107.187500, -45107.187500, 444065.250000, 444065.250000, -9447.214844, -16817.742188
5.000000, -35135.695312, -35135.695312, 428150.250000, 428150.250000, 3365.971191, -5816.138184
5.050000, -64929.320312, -64929.320312, 405138.906250, 405138.906250, -7001.537109, -1218.645142
5.100000, -85201.421875, -85201.421875, 381089.343750, 381089.343750, -16592.882812, -3155.940674
5.150000, -30183.099609, -30183.099609, 364014.906250, 364014.906250, -6859.595703, 3842.559570
5.200000, 23565.449219, 23565.449219, 340546.187500, 340546.187500, -17085.939453, 18532.000000
5.250000, 64833.742188, 64833.742188, 321346.312500, 321346.312500, -6092.450195, 28154.695312
5.300000, 65599.421875, 65599.421875, 295843.812500, 295843.812500, -18853.292969, 13352.963867
5.350000, 53074.781250, 53074.781250, 271976.593750, 271976.593750, -30849.296875, 7651.780273
5.400000, -4460.912598, -4460.912598, 252811.625000, 252811.625000, -13548.393555, -2542.937500
5.450000, -53705.175781, -53705.175781, 226149.890625, 226149.890625, -18582.826172, -4462.386230
5.500000, -34257.140625, -34257.140625, 210211.031250, 210211.031250, -5449.765625, 26555.074219
5.550000, -72286.687500, -72286.687500, 186719.203125, 186719.203125, -14537.269531, 22085.367188
5.600000, -58354.441406, -58354.441406, 157016.171875, 157016.171875, -24485.031250, 19269.669922
5.650000, 19485.982422, 19485.982422, 136847.796875, 136847.796875, -12968.398438, 44129.984375
5.700000, 21557.707031, 21557.707031, 109241.570312, 109241.570312, -45023.890625, 37069.988281
5.750000, 44098.957031, 44098.957031, 86281.359375, 86281.359375, -35850.937500, 23834.791016
5.800000, 48307.007812, 48307.007812, 60899.062500, 60899.062500, -27600.205078, 19474.015625
5.850000, 5648.752930, 5648.752930, 34032.992188, 34032.992188, -47814.894531, 18401.771484
5.900000, 2227.352539, 2227.352539, 14528.390625, 14528.390625, -24358.566406, 18341.470703
5.950000, -162.177826, -162.177826, -12978.156250, -12978.156250, -26413.396484, 23350.244141
6.000000, -15143.591797, -15143.591797, -33284.042969, -33284.042969, -21194.203125, 34992.046875
6.050000, -2835.993164, -2835.993164, -58917.726562, -58917.726562, -10658.042969, 21675.513672
6.100000, 64353.851562, 64353.851562, -86887.195312, -86887.195312, -19721.355469, 28974.978516
6.150000, 68995.523438, 68995.523438, -108146.828125, -108146.828125, -19934.121094, 40432.148438
6.200000, -2.473408, -2.473408, -145724.593750, -145724.593750, -63466.820312, 1185.866211
6.250000, 24126.017578, 24126.017578, -162232.718750, -162232.718750, -60142.789062, -3106.412598
6.300000, 13872.014648, 13872.014648, -175069.468750, -175069.468750, -12868.777344, 8600.125000
6.350000, -77973.820312, -77973.820312, -205883.609375, -205883.609375, -34901.562500, -17720.302734
6.400000, -84443.632812, -84443.632812, -215251.843750, -215251.843750, -112772.484375, -19809.248047
6.450000, -79166.476562, -79166.476562, -235697.468750, -235697.468750, -217866.109375, -15560.702148
6.500000, -87834.031250, -87834.031250, -254922.546875, -254922.546875, -242331.531250, -28349.091797
6.550000, -26924.177734, -26924.177734, -252152.625000, -252152.625000, -185934.156250, -17407.873047
6.600000, 39730.410156, 39730.410156, -257781.109375, -257781.109375, -60610.093750, 181.500854
6.650000, 59464.507812, 59464.507812, -247891.171875, -247891.171875, 170368.187500, -15861.749023
6.700000, 64282.382812, 64282.382812, -228470.234375, -228470.234375, 260808.968750, -23707.783203
6.750000, 62115.851562, 62115.851562, -220041.734375, -220041.734375, 131490.328125, 918.054504
6.800000, 36879.359375, 36879.359375, -212724.046875, -212724.046875, -8690.765625, -9053.728516
6.850000, -290.431641, -290.431641, -193563.375000, -193563.375000, -143625.109375, -17680.796875
6.900000, -39784.335938, -39784.335938, -161407.281250, -161407.281250, -320937.562500, 12051.922852
6.950000, -52016.753906, -52016.753906, -136178.781250, -136178.781250, -442915.812500, 2367.693115
7.000000, -27793.779297, -27793.779297, -95085.539062, -95085.539062, -430311.125000, -3922.980225
7.050000, -28586.238281, -28586.238281, -35344.968750, -35344.968750, -324694.437500, 20885.515625
7.100000, -27448.859375, -27448.859375, 41685.304688, 41685.304688, -144852.234375, 7044.629883
7.150000, 9848.143555, 9848.143555, 137607.203125, 137607.203125, 77642.031250, -2963.326904
7.200000, 16436.662109, 16436.662109, 173370.984375, 173370.984375, 224880.218750, 6380.957031
7.250000, 5479.846191, 5479.846191, 183860.234375, 183860.234375, 257804.000000, -5071.451172
7.300000, 12968.660156, 12968.660156, 243810.250000, 243810.250000, 220975.140625, -5829.844727
7.350000, 9254.002930, 9254.002930, 299160.031250, 299160.031250, 171683.812500, 3883.456055
7.400000, 482.435059, 482.435059, 362176.218750, 362176.218750, 122244.453125, 6358.390625
7.450000, 2632.723145, 2632.723145, 442735.750000, 442735.750000, 52406.601562, 15472.485352
7.500000, 6759.842773, 6759.842773, 486974.250000, 486974.250000, 34159.855469, 22367.759766
7.550000, 6504.368164, 6504.368164, 513460.406250, 513460.406250, 86832.500000, 24179.357422
7.600000, 4536.350098, 4536.350098, 519666.625000, 519666.625000, 102921.164062, 25976.054688
7.650000, 4943.524414, 4943.524414, 480127.343750, 480127.343750, 63248.953125, 23351.697266
7.700000, 2040.914062, 2040.914062, 432287.718750, 432287.718750, 28870.597656, 22419.515625
7.750000, -99.397957, -99.397957, 401720.218750, 401720.218750, 17534.222656, 22739.638672
7.800000, 2089.538330, 2089.538330, 382096.093750, 382096.093750, 18980.880859, 20290.953125
7.850000, 1571.694458, 1571.694458, 367648.562500, 367648.562500, 22390.046875, 19506.007812
7.900000, 1341.335571, 1341.335571, 350906.500000, 350906.500000, 24568.632812, 20133.654297
7.950000, 2102.669434, 2102.669434, 332523.125000, 332523.125000, 24549.814453, 19440.433594
8.000000, 1794.797852, 1794.797852, 315584.187500, 315584.187500, 25287.697266, 17531.656250
8.050000, 573.235107, 573.235107, 298175.968750, 298175.968750, 27418.167969, 16527.111328
8.100000, -719.785278, -719.785278, 279459.375000, 279459.375000, 22816.871094, 14603.117188
8.150000, 1070.506958, 1070.506958, 260599.625000, 260599.625000, 19062.291016, 12571.231445
8.200000, 673.640808, 673.640808, 244070.687500, 244070.687500, 19796.435547, 13467.878906
8.250000, -688.353088, -688.353088, 226286.375000, 226286.375000, 19005.144531, 9180.275391
8.300000, 1673.824951, 1673.824951, 207306.171875, 207306.171875, 18875.634766, 4672.016602
8.350000, 1385.689819, 1385.689819, 191236.500000, 191236.500000, 17100.185547, 8551.145508
8.400000, 422.236115, 422.236115, 173187.312500, 173187.312500, 15539.535156, 7777.132324
8.450000, 1642.490845, 1642.490845, 154514.875000, 154514.875000, 14412.236328, 4523.569824
8.500000, 1039.717041, 1039.717041, 137271.765625, 137271.765625, 11722.933594, 7697.140137
8.550000, 294.351318, 294.351318, 119021.726562, 119021.726562, 9550.887695, 7831.708008
8.600000, 284.359344, 284.359344, 101899.203125, 101899.203125, 3217.059082, 5628.279297
8.650000, -113.077194, -113.077194, 82159.726562, 82159.726562, -2234.804932, 6149.718262
8.700000, -127.169785, -127.169785, 63957.347656, 63957.347656, -1227.403931, 5159.232422
8.750000, -18.529800, -18.529800, 50527.585938, 50527.585938, -449.696594, 3094.842285
8.800000, -38.373917, -38.373917, 29329.052734, 29329.052734, -619.916382, 1751.243896
8.850000, -8.959241, -8.959241, 7537.339355, 7537.339355, -127.033875, 531.581360
