Sample Time, Accel_x, Accel_y, Accel_z, Gyro_x, Gyro_y, Gyro_z, Magneto_x, Magneto_y, Magneto_z
0.000000, -20.549353, -93.646332, 287.397400, 13.000000, -10.000000, -14.000000, -159.000000, -487.000000
0.050000, -42.843567, -265.627869, 837.625000, 20.000000, -32.000000, -36.000000, -165.000000, -489.000000
0.100000, -2.399729, -248.600555, 833.024170, 27.000000, -8.000000, -23.000000, -165.000000, -474.000000
0.150000, 15.452597, -159.735657, 557.529907, 29.000000, -23.000000, -24.000000, -166.000000, -478.000000
0.200000, -34.592194, -225.786041, 722.481506, 0.000000, -3.000000, -21.000000, -169.000000, -480.000000
0.250000, -15.765209, -222.750732, 736.974426, 14.000000, -13.000000, -9.000000, -171.000000, -483.000000
0.300000, 2.637798, -191.850464, 652.844360, -7.000000, 3.000000, 14.000000, -171.000000, -483.000000
0.350000, -45.145550, -231.434189, 734.053467, 12.000000, -28.000000, -11.000000, -165.000000, -480.000000
0.400000, -22.976479, -210.143677, 675.314331, -14.000000, 2.000000, -2.000000, -165.000000, -480.000000
0.450000, 5.302645, -210.123962, 703.551941, 12.000000, -13.000000, -5.000000, -154.000000, -484.000000
0.500000, -21.796951, -216.445801, 723.520813, 7.000000, -20.000000, 22.000000, -175.000000, -483.000000
0.550000, -19.696381, -208.665817, 672.854797, -18.000000, 3.000000, 1.000000, -174.000000, -484.000000
0.600000, -14.100836, -223.246506, 709.590271, 2.000000, -5.000000, 52.000000, -163.000000, -478.000000
0.650000, -4.164732, -203.581604, 696.486877, 0.000000, -6.000000, -8.000000, -168.000000, -480.000000
0.700000, 7.761384, -215.155243, 715.344360, -13.000000, -1.000000, 16.000000, -162.000000, -469.000000
0.750000, -17.820309, -226.667297, 699.660828, 7.000000, -14.000000, -3.000000, -166.000000, -484.000000
0.800000, -10.268747, -210.747192, 686.951477, 14.000000, -23.000000, -15.000000, -171.000000, -483.000000
0.850000, 9.105397, -219.789749, 724.325989, -10.000000, -10.000000, -1.000000, -159.000000, -484.000000
0.900000, -9.775207, -212.076050, 668.686462, 0.000000, -18.000000, 0.000000, -172.000000, -487.000000
0.950000, 0.029711, -211.740158, 690.430786, 0.000000, 4.000000, -4.000000, -162.000000, -484.000000
1.000000, -2.466524, -217.553268, 711.686768, 19.000000, -12.000000, -6.000000, -162.000000, -477.000000
1.050000, -29.026505, -217.385406, 684.429016, 10.000000, -5.000000, 9.000000, -165.000000, -481.000000
1.100000, -6.074679, -221.611328, 719.733582, 1.000000, -7.000000, -17.000000, -168.000000, -481.000000
1.150000, -1.650087, -212.526321, 705.002075, 20.000000, -8.000000, -11.000000, -162.000000, -475.000000
1.200000, -21.933403, -220.384659, 708.258423, -1.000000, -24.000000, -18.000000, -168.000000, -487.000000
1.250000, -8.627848, -219.738037, 707.061768, 2.000000, -16.000000, -13.000000, -159.000000, -481.000000
1.300000, -3.800014, -211.473663, 683.193298, 11.000000, -18.000000, -19.000000, -165.000000, -481.000000
1.350000, 5.713585, -215.465164, 694.300659, -8.000000, 16.000000, 22.000000, -162.000000, -487.000000
1.400000, 9.751020, -210.447220, 683.716248, -1.000000, -14.000000, 0.000000, -166.000000, -480.000000
1.450000, -13.869130, -222.666428, 723.732483, -1.000000, -8.000000, 10.000000, -166.000000, -477.000000
1.500000, -6.760238, -221.987473, 720.637268, 4.000000, -17.000000, -18.000000, -159.000000, -481.000000
1.550000, -0.592210, -212.390305, 679.089050, -6.000000, 4.000000, 16.000000, -165.000000, -483.000000
1.600000, -14.985254, -224.136902, 714.620422, 16.000000, -12.000000, -21.000000, -171.000000, -480.000000
1.650000, -18.269592, -221.691010, 705.612732, 6.000000, -4.000000, -19.000000, -162.000000, -477.000000
1.700000, -19.053284, -218.968521, 694.360840, 3.000000, 0.000000, 0.000000, -168.000000, -478.000000
1.750000, -16.012476, -217.829071, 696.706787, 12.000000, -9.000000, -7.000000, -165.000000, -474.000000
1.800000, -19.212791, -218.051178, 689.545044, 23.000000, -14.000000, 3.000000, -162.000000, -481.000000
1.850000, -7.309364, -221.007858, 704.480835, 8.000000, 2.000000, -1.000000, -166.000000, -480.000000
1.900000, 1.836159, -214.320923, 689.350281, 17.000000, -26.000000, -8.000000, -169.000000, -481.000000
1.950000, -17.235321, -220.394684, 709.275085, 13.000000, 0.000000, 12.000000, -166.000000, -478.000000
2.000000, -15.070156, -218.987671, 704.962158, 8.000000, -23.000000, -17.000000, -171.000000, -478.000000
2.050000, -13.828037, -215.952835, 674.442749, -6.000000, 13.000000, 13.000000, -162.000000, -483.000000
2.100000, -4.841810, -222.316910, 723.269531, 20.000000, -23.000000, -17.000000, -157.000000, -486.000000
2.150000, 8.862829, -213.618912, 716.690063, -15.000000, 9.000000, 16.000000, -162.000000, -480.000000
2.200000, -14.126238, -217.787766, 689.831787, 19.000000, -26.000000, -11.000000, -157.000000, -478.000000
2.250000, -0.131725, -219.014008, 703.400574, 25.000000, -19.000000, -6.000000, -159.000000, -483.000000
2.300000, 8.397917, -213.198914, 685.268127, 7.000000, -16.000000, -4.000000, -162.000000, -480.000000
2.350000, -28.856277, -226.661316, 695.186279, 19.000000, -14.000000, -14.000000, -163.000000, -480.000000
2.400000, -11.844191, -221.130402, 707.785095, 8.000000, -10.000000, -18.000000, -166.000000, -480.000000
2.450000, 5.883816, -215.229233, 703.771790, 3.000000, -7.000000, -5.000000, -157.000000, -478.000000
2.500000, -18.039513, -226.213745, 698.150269, 7.000000, -5.000000, 1.000000, -160.000000, -481.000000
2.550000, -6.814576, -219.590363, 679.005005, -3.000000, -9.000000, -21.000000, -162.000000, -481.000000
2.600000, 0.554467, -217.229340, 701.830017, 2.000000, -6.000000, 5.000000, -168.000000, -477.000000
2.650000, -19.146944, -221.282471, 707.516602, -11.000000, -6.000000, -4.000000, -162.000000, -481.000000
2.700000, -17.472597, -217.511780, 683.219727, -4.000000, -8.000000, 11.000000, -165.000000, -481.000000
2.750000, -17.722691, -222.324219, 701.412598, 21.000000, -15.000000, -7.000000, -165.000000, -477.000000
2.800000, -7.643601, -222.013275, 706.613586, 6.000000, -2.000000, -7.000000, -156.000000, -481.000000
2.850000, 3.637119, -217.867401, 695.649658, 7.000000, -11.000000, -11.000000, -165.000000, -475.000000
2.900000, -9.624554, -222.028534, 699.656189, 21.000000, -25.000000, -35.000000, -154.000000, -480.000000
2.950000, -5.325519, -219.861816, 688.597595, 8.000000, -20.000000, 3.000000, -171.000000, -477.000000
3.000000, -8.458265, -217.559433, 683.582031, 9.000000, 2.000000, -12.000000, -166.000000, -475.000000
3.050000, -0.765690, -218.929764, 698.291626, 11.000000, -1.000000, 2.000000, -166.000000, -481.000000
3.100000, 3.298702, -220.579651, 702.472534, 5.000000, 0.000000, -6.000000, -163.000000, -484.000000
3.150000, -18.781979, -220.978745, 692.134827, 0.000000, -9.000000, -18.000000, -171.000000, -484.000000
3.200000, 10.421602, -217.095627, 685.868408, 5.000000, -9.000000, -2.000000, -160.000000, -481.000000
3.250000, 4.157770, -221.318497, 700.026855, 12.000000, -13.000000, -26.000000, -160.000000, -474.000000
3.300000, -23.313747, -223.182297, 714.020203, 15.000000, -11.000000, 7.000000, -162.000000, -480.000000
3.350000, 0.349239, -217.816635, 700.022705, 7.000000, -2.000000, -7.000000, -157.000000, -475.000000
3.400000, -19.008345, -219.476334, 685.932312, 11.000000, -12.000000, 2.000000, -159.000000, -481.000000
3.450000, -16.418886, -222.328064, 689.285889, 2.000000, -5.000000, -10.000000, -162.000000, -474.000000
3.500000, 18.964191, -219.690063, 694.325134, 19.000000, -4.000000, -14.000000, -171.000000, -478.000000
3.550000, -5.359147, -215.129105, 696.540405, 6.000000, -7.000000, -8.000000, -160.000000, -478.000000
3.600000, -28.100338, -219.305328, 695.013428, 3.000000, -12.000000, -5.000000, -157.000000, -475.000000
3.650000, -9.795473, -220.194077, 694.422241, 6.000000, -9.000000, 0.000000, -157.000000, -478.000000
3.700000, -9.501603, -220.066681, 691.400696, 0.000000, 1.000000, -3.000000, -156.000000, -480.000000
3.750000, -33.979820, -229.402878, 688.704407, 16.000000, -20.000000, -3.000000, -160.000000, -478.000000
3.800000, -13.434444, -219.727234, 685.867004, -10.000000, 8.000000, -16.000000, -163.000000, -480.000000
3.850000, 7.240110, -212.476624, 668.872681, 16.000000, -4.000000, -5.000000, -157.000000, -477.000000
3.900000, -13.820530, -222.367249, 653.162598, 43.000000, 5.000000, -7.000000, -163.000000, -483.000000
3.950000, -4.712937, -219.814026, 623.779541, 121.000000, 10.000000, 22.000000, -159.000000, -483.000000
4.000000, 9.451052, -208.617859, 552.307373, 354.000000, -107.000000, 86.000000, -157.000000, -472.000000
4.050000, -28.019377, -174.587112, 556.195251, 543.000000, -142.000000, 135.000000, -168.000000, -480.000000
4.100000, -61.458839, -125.094116, 679.224243, 564.000000, -116.000000, 42.000000, -175.000000, -475.000000
4.150000, -8.360275, -91.614906, 703.769470, 771.000000, -304.000000, 96.000000, -184.000000, -483.000000
4.200000, -0.860546, -66.520035, 676.577759, 705.000000, -236.000000, 11.000000, -193.000000, -484.000000
4.250000, -71.197723, -32.570629, 770.787415, 578.000000, -45.000000, -85.000000, -205.000000, -493.000000
4.300000, -17.360924, 18.233208, 788.427246, 588.000000, -43.000000, -88.000000, -208.000000, -490.000000
4.350000, 8.038486, 53.501945, 785.080750, 473.000000, 116.000000, -158.000000, -222.000000, -499.000000
4.400000, -57.595318, 64.504440, 852.624084, 217.000000, 269.000000, -150.000000, -225.000000, -493.000000
4.450000, -55.223759, 68.958504, 780.323669, 335.000000, 66.000000, -167.000000, -237.000000, -499.000000
4.500000, -36.364792, 86.046280, 798.169922, -45.000000, 298.000000, -297.000000, -247.000000, -502.000000
4.550000, 18.251455, 134.218063, 932.259399, -91.000000, 187.000000, -238.000000, -255.000000, -489.000000
4.600000, 4.266121, 131.095734, 899.815735, -336.000000, 262.000000, -115.000000, -244.000000, -487.000000
4.650000, -51.118309, 94.501762, 921.641724, -550.000000, 257.000000, -82.000000, -243.000000, -481.000000
4.700000, 0.936802, 99.913849, 965.137695, -649.000000, 189.000000, 25.000000, -232.000000, -478.000000
4.750000, -39.014599, 60.158669, 881.846313, -664.000000, 6.000000, 35.000000, -225.000000, -480.000000
4.800000, -157.883484, -28.745499, 840.489990, -760.000000, -16.000000, -9.000000, -204.000000, -466.000000
4.850000, -219.591187, -110.961334, 683.587402, -772.000000, -46.000000, -194.000000, -198.000000, -463.000000
4.900000, -131.806442, -130.634125, 481.500092, -550.000000, -121.000000, -206.000000, -190.000000, -472.000000
4.950000, 3.845467, -106.162613, 531.164978, -472.000000, -51.000000, -228.000000, -186.000000, -472.000000
5.000000, -83.520035, -168.007568, 557.030518, -290.000000, -51.000000, -256.000000, -180.000000, -468.000000
5.050000, -87.252060, -201.702850, 460.948059, -197.000000, -12.000000, -254.000000, -177.000000, -481.000000
5.100000, 33.308929, -163.381775, 451.302979, 61.000000, -130.000000, -266.000000, -177.000000, -480.000000
5.150000, 33.040485, -171.167282, 464.255707, 226.000000, -84.000000, -192.000000, -187.000000, -489.000000
5.200000, 101.762222, -166.323578, 525.505859, 305.000000, 0.000000, -145.000000, -193.000000, -481.000000
5.250000, 62.212135, -188.199341, 617.355652, 535.000000, -184.000000, 7.000000, -193.000000, -489.000000
5.300000, -53.292404, -205.037537, 680.836548, 473.000000, -125.000000, -179.000000, -217.000000, -496.000000
5.350000, 89.063965, -109.619835, 771.906006, 410.000000, -202.000000, -128.000000, -213.000000, -504.000000
5.400000, 170.923935, -65.807175, 723.799805, 359.000000, -126.000000, -105.000000, -228.000000, -504.000000
5.450000, 87.660927, -98.363655, 619.152893, 529.000000, -247.000000, 39.000000, -237.000000, -508.000000
5.500000, 73.152237, -74.666519, 696.667725, 546.000000, -199.000000, 33.000000, -244.000000, -516.000000
5.550000, 46.302197, -40.913952, 778.360474, 443.000000, -72.000000, -43.000000, -250.000000, -517.000000
5.600000, 86.624519, 11.018280, 722.333069, 564.000000, -111.000000, 77.000000, -256.000000, -510.000000
5.650000, 135.518097, 69.319267, 755.120911, 523.000000, -49.000000, 162.000000, -258.000000, -513.000000
5.700000, -37.752789, 39.623230, 973.706848, 170.000000, 107.000000, 33.000000, -268.000000, -511.000000
5.750000, -47.095695, 40.738010, 951.101440, -80.000000, 207.000000, 51.000000, -270.000000, -511.000000
5.800000, 85.278397, 66.816956, 717.737183, 4.000000, 21.000000, 16.000000, -267.000000, -514.000000
5.850000, -1.210380, 33.886055, 741.252991, -94.000000, 72.000000, -5.000000, -262.000000, -508.000000
5.900000, 10.993492, 57.909260, 776.294617, 27.000000, -59.000000, -32.000000, -268.000000, -501.000000
5.950000, 68.411583, 66.228279, 705.941101, -81.000000, 51.000000, -50.000000, -265.000000, -510.000000
6.000000, 29.870819, 35.880054, 714.624573, 4.000000, -21.000000, -6.000000, -259.000000, -510.000000
6.050000, 42.660919, 47.016830, 694.565918, 21.000000, 10.000000, 53.000000, -258.000000, -514.000000
6.100000, 5.566897, 38.784508, 732.873047, 14.000000, 12.000000, -37.000000, -264.000000, -507.000000
6.150000, 24.289499, 52.289719, 768.634094, -27.000000, 30.000000, 18.000000, -259.000000, -505.000000
6.200000, 35.539532, 57.425209, 711.281616, -35.000000, 16.000000, -26.000000, -256.000000, -507.000000
6.250000, -9.906563, 28.340261, 729.191528, -93.000000, 81.000000, -32.000000, -258.000000, -508.000000
6.300000, 53.154987, 37.772610, 725.171875, -24.000000, 9.000000, -5.000000, -267.000000, -504.000000
6.350000, 36.435566, 34.777874, 705.446716, -41.000000, 26.000000, -3.000000, -259.000000, -508.000000
6.400000, -10.228901, 30.046486, 742.972168, -51.000000, 43.000000, 0.000000, -258.000000, -504.000000
6.450000, 34.975975, 40.460075, 716.496582, -32.000000, 29.000000, 21.000000, -255.000000, -502.000000
6.500000, 27.986633, 28.360607, 701.961548, -53.000000, 69.000000, 4.000000, -261.000000, -496.000000
6.550000, 6.474877, 20.767460, 723.413574, 4.000000, 28.000000, 34.000000, -253.000000, -501.000000
6.600000, 5.097816, 21.201767, 715.623413, -18.000000, 23.000000, -9.000000, -261.000000, -496.000000
6.650000, -2.283668, 20.070805, 733.363525, 8.000000, -2.000000, 18.000000, -252.000000, -499.000000
6.700000, 0.015182, 17.904177, 747.809814, -9.000000, 1.000000, -15.000000, -250.000000, -496.000000
6.750000, 0.412275, 19.709288, 739.185181, 13.000000, -16.000000, 9.000000, -256.000000, -504.000000
6.800000, -2.387323, 20.286999, 733.940430, -7.000000, -14.000000, -19.000000, -249.000000, -498.000000
6.850000, 0.038216, 15.351934, 725.733765, -11.000000, -5.000000, 5.000000, -246.000000, -492.000000
6.900000, -3.883718, 19.774391, 726.536133, 0.000000, -17.000000, -11.000000, -258.000000, -504.000000
6.950000, -15.148257, 15.688278, 721.748901, -6.000000, -11.000000, -2.000000, -258.000000, -498.000000
7.000000, 2.301749, 12.444094, 718.853516, 16.000000, -25.000000, -19.000000, -244.000000, -493.000000
7.050000, 16.610523, 20.204607, 726.881348, 12.000000, -21.000000, -7.000000, -253.000000, -502.000000
7.100000, 4.979084, 14.746542, 724.304321, 2.000000, 7.000000, -2.000000, -255.000000, -499.000000
7.150000, 11.099367, 14.721409, 728.962646, 4.000000, -6.000000, -16.000000, -255.000000, -499.000000
7.200000, -0.743032, 17.834251, 734.992188, 2.000000, -12.000000, -2.000000, -255.000000, -501.000000
7.250000, -15.672970, 12.218927, 731.038452, -15.000000, 27.000000, -18.000000, -261.000000, -496.000000
7.300000, 5.179745, 15.483168, 730.084106, 13.000000, -30.000000, 6.000000, -247.000000, -492.000000
7.350000, -1.075163, 15.110706, 729.608093, -8.000000, 2.000000, -21.000000, -256.000000, -501.000000
7.400000, -8.264247, 11.062696, 724.833130, 12.000000, -31.000000, 0.000000, -252.000000, -502.000000
7.450000, 8.535910, 16.101274, 724.117310, 4.000000, -9.000000, -21.000000, -259.000000, -499.000000
7.500000, 2.475766, 17.133114, 731.796082, 25.000000, -37.000000, -16.000000, -258.000000, -508.000000
7.550000, 2.933981, 17.176445, 717.256470, 9.000000, -27.000000, 8.000000, -256.000000, -502.000000
7.600000, 12.965223, 22.626137, 710.101746, 25.000000, -21.000000, 4.000000, -252.000000, -496.000000
7.650000, 3.861796, 15.872984, 734.597473, 16.000000, -4.000000, 16.000000, -250.000000, -505.000000
7.700000, -5.246706, 6.482386, 736.549561, 4.000000, 3.000000, 9.000000, -252.000000, -496.000000
7.750000, -3.425464, 12.703133, 740.088074, 1.000000, -4.000000, 0.000000, -253.000000, -499.000000
7.800000, -6.734193, 13.946030, 742.762329, -1.000000, -12.000000, 1.000000, -253.000000, -502.000000
7.850000, -6.603875, 11.018980, 718.479370, -4.000000, -13.000000, -14.000000, -249.000000, -499.000000
7.900000, 5.424025, 13.149536, 712.532776, -8.000000, -10.000000, -2.000000, -252.000000, -495.000000
7.950000, -3.476408, 11.068742, 714.921570, 11.000000, -18.000000, 0.000000, -253.000000, -496.000000
8.000000, 5.001461, 14.993025, 720.029297, 2.000000, -11.000000, -28.000000, -253.000000, -498.000000
8.050000, 21.486990, 14.958357, 727.848267, 14.000000, -10.000000, 14.000000, -249.000000, -498.000000
8.100000, -0.879300, 8.978184, 728.262024, 11.000000, -19.000000, -9.000000, -252.000000, -499.000000
8.150000, 9.366574, 13.156274, 735.641785, 0.000000, -3.000000, 11.000000, -255.000000, -501.000000
8.200000, 15.783638, 13.370098, 733.141113, 7.000000, -28.000000, -2.000000, -247.000000, -501.000000
8.250000, -1.351828, 13.824430, 732.322693, -4.000000, -14.000000, 10.000000, -252.000000, -499.000000
8.300000, 7.964525, 13.874660, 722.279419, 2.000000, -13.000000, 0.000000, -256.000000, -499.000000
8.350000, -7.580587, 5.333678, 711.302917, 12.000000, -13.000000, 14.000000, -253.000000, -499.000000
8.400000, -9.370069, 5.593836, 736.129089, -7.000000, -10.000000, -23.000000, -253.000000, -502.000000
8.450000, 6.882524, 10.181322, 733.973572, 27.000000, -17.000000, 11.000000, -249.000000, -501.000000
8.500000, 4.959590, 13.669628, 723.143188, 7.000000, 4.000000, -21.000000, -252.000000, -493.000000
8.550000, 15.991990, 14.277640, 732.877930, 11.000000, -5.000000, 2.000000, -244.000000, -501.000000
8.600000, 2.057998, 8.964998, 721.983032, -16.000000, 9.000000, -11.000000, -255.000000, -501.000000
8.650000, 3.912994, 11.128748, 720.823914, -3.000000, 14.000000, -31.000000, -250.000000, -499.000000
8.700000, 21.158241, 14.102689, 722.175049, -28.000000, 39.000000, -11.000000, -247.000000, -501.000000
8.750000, -7.491985, 8.618642, 719.963867, -25.000000, 39.000000, -21.000000, -243.000000, -502.000000
8.800000, -5.111090, 2.878119, 723.327759, 9.000000, -2.000000, 0.000000, -244.000000, -499.000000
8.850000, 3.980299, 4.427176, 728.157715, 5.000000, -5.000000, 5.000000, -255.000000, -493.000000
8.900000, -8.132606, 9.774341, 741.459900, 0.000000, -7.000000, 4.000000, -250.000000, -498.000000
8.950000, 5.462821, 6.347122, 724.467773, -8.000000, -14.000000, -6.000000, -243.000000, -501.000000
9.000000, -3.927617, 0.357192, 715.463257, -4.000000, 0.000000, -7.000000, -243.000000, -505.000000
9.050000, -4.685532, 3.664065, 728.108765, 1.000000, -16.000000, -28.000000, -243.000000, -504.000000
9.100000, 12.473927, 6.935088, 717.353516, 17.000000, -2.000000, 16.000000, -243.000000, -495.000000
9.150000, -7.515229, 3.045256, 734.678589, 7.000000, -1.000000, -14.000000, -255.000000, -495.000000
