Sample Time, Accel_x, Accel_y, Accel_z, Gyro_x, Gyro_y, Gyro_z, Magneto_x, Magneto_y, Magneto_z
0.000000, 14.090984, -106.563072, 285.929565, 12.000000, -2.000000, -20.000000, -156.000000, -493.000000
0.050000, 42.026779, -311.882904, 825.736755, -13.000000, 14.000000, -25.000000, -153.000000, -493.000000
0.100000, 46.191395, -310.345825, 797.026306, 21.000000, -28.000000, -9.000000, -159.000000, -501.000000
0.150000, 25.475266, -206.809723, 515.181641, 38.000000, -18.000000, 4.000000, -151.000000, -495.000000
0.200000, 29.132298, -271.661041, 721.402222, 19.000000, -21.000000, -66.000000, -159.000000, -499.000000
0.250000, 53.493450, -276.631409, 754.300293, 43.000000, 9.000000, -33.000000, -160.000000, -499.000000
0.300000, 27.240276, -242.193878, 620.855164, 41.000000, 20.000000, 15.000000, -159.000000, -496.000000
0.350000, 10.400230, -271.631134, 692.397400, 1.000000, 10.000000, -22.000000, -159.000000, -490.000000
0.400000, 65.332642, -241.222153, 684.913635, 17.000000, 14.000000, -6.000000, -163.000000, -498.000000
0.450000, 55.757847, -253.693634, 707.865540, 18.000000, -11.000000, -32.000000, -157.000000, -493.000000
0.500000, 12.947411, -266.521027, 699.647217, 18.000000, -3.000000, 5.000000, -156.000000, -501.000000
0.550000, 33.465721, -243.143723, 668.048767, 12.000000, -30.000000, -12.000000, -163.000000, -498.000000
0.600000, 54.002144, -255.306473, 695.750488, 11.000000, -15.000000, -28.000000, -162.000000, -496.000000
0.650000, 37.642132, -247.510712, 662.836243, 14.000000, -16.000000, 25.000000, -160.000000, -499.000000
0.700000, 2.647912, -262.507111, 713.817688, -35.000000, 24.000000, -35.000000, -162.000000, -501.000000
0.750000, 61.137596, -250.041687, 714.365540, 37.000000, -31.000000, -35.000000, -159.000000, -496.000000
0.800000, 87.229385, -236.857208, 664.102051, 51.000000, -14.000000, -2.000000, -163.000000, -499.000000
0.850000, 7.015335, -270.615967, 678.283264, 25.000000, -6.000000, 1.000000, -160.000000, -498.000000
0.900000, 47.585690, -235.562210, 657.041748, -11.000000, 5.000000, 0.000000, -163.000000, -499.000000
0.950000, 66.369980, -237.086105, 697.478333, 4.000000, 9.000000, 4.000000, -160.000000, -486.000000
1.000000, 29.160870, -267.056763, 704.521729, 15.000000, 0.000000, -14.000000, -163.000000, -492.000000
1.050000, 50.611835, -248.515259, 686.277710, 17.000000, -18.000000, 6.000000, -160.000000, -495.000000
1.100000, 23.293575, -256.046417, 705.307129, -18.000000, -5.000000, -8.000000, -162.000000, -490.000000
1.150000, 45.622524, -245.920959, 660.917419, -14.000000, 4.000000, -9.000000, -163.000000, -495.000000
1.200000, 51.240993, -256.226868, 681.580139, 40.000000, -20.000000, 3.000000, -163.000000, -489.000000
1.250000, 6.217781, -268.008331, 696.019653, 15.000000, -14.000000, -44.000000, -169.000000, -493.000000
1.300000, 47.369766, -232.013397, 680.229248, 14.000000, -17.000000, 13.000000, -163.000000, -493.000000
1.350000, 42.041309, -244.979202, 706.040527, 4.000000, -2.000000, -7.000000, -168.000000, -495.000000
1.400000, 32.767319, -255.319534, 677.563721, -2.000000, -9.000000, -18.000000, -157.000000, -499.000000
1.450000, 54.855637, -244.431122, 683.273682, -18.000000, -22.000000, 17.000000, -162.000000, -496.000000
1.500000, 17.722982, -258.476837, 672.557617, -1.000000, -7.000000, 3.000000, -160.000000, -498.000000
1.550000, 31.013737, -256.889526, 660.494690, 21.000000, -12.000000, -14.000000, -156.000000, -496.000000
1.600000, 59.055958, -247.893234, 718.081909, 7.000000, -13.000000, 0.000000, -159.000000, -493.000000
1.650000, 19.395102, -252.593719, 681.267761, 11.000000, 8.000000, -1.000000, -160.000000, -498.000000
1.700000, 5.971395, -264.303436, 660.736084, -7.000000, 4.000000, -32.000000, -162.000000, -493.000000
1.750000, 44.165092, -252.051819, 681.576294, 60.000000, -14.000000, -13.000000, -162.000000, -490.000000
1.800000, 61.454659, -238.816620, 667.835144, -35.000000, 32.000000, -36.000000, -156.000000, -499.000000
1.850000, 38.165253, -255.201340, 694.674805, 21.000000, -3.000000, 7.000000, -159.000000, -501.000000
1.900000, 26.795715, -255.225891, 685.012451, -1.000000, -16.000000, -53.000000, -154.000000, -499.000000
1.950000, 44.503162, -248.861816, 678.422241, 48.000000, -21.000000, 16.000000, -159.000000, -492.000000
2.000000, 41.991013, -249.824127, 691.819214, -15.000000, 11.000000, -25.000000, -159.000000, -496.000000
2.050000, 13.203304, -249.015106, 674.570129, 12.000000, -9.000000, 8.000000, -160.000000, -489.000000
2.100000, 16.225784, -252.449280, 682.565857, -23.000000, 14.000000, 16.000000, -165.000000, -495.000000
2.150000, 40.858269, -249.711548, 678.465454, 5.000000, -6.000000, -20.000000, -160.000000, -498.000000
2.200000, 39.182404, -251.445343, 683.474304, -14.000000, -3.000000, 11.000000, -157.000000, -501.000000
2.250000, 12.432718, -253.788620, 690.189514, -7.000000, 9.000000, -2.000000, -159.000000, -498.000000
2.300000, 8.633005, -252.544769, 671.206909, -11.000000, -8.000000, 1.000000, -165.000000, -504.000000
2.350000, 37.821884, -254.840302, 681.225037, 16.000000, -1.000000, 8.000000, -156.000000, -498.000000
2.400000, 24.941902, -254.619476, 688.384277, 0.000000, 1.000000, 5.000000, -154.000000, -499.000000
2.450000, 14.372747, -252.641754, 689.776611, 30.000000, -16.000000, 35.000000, -168.000000, -493.000000
2.500000, 44.839417, -246.299072, 674.666138, -12.000000, -16.000000, -8.000000, -160.000000, -489.000000
2.550000, 29.945084, -249.150177, 661.875549, 0.000000, -2.000000, 30.000000, -154.000000, -496.000000
2.600000, 11.681293, -256.614685, 695.102783, -1.000000, -14.000000, -10.000000, -157.000000, -499.000000
2.650000, 33.223297, -253.679993, 689.603455, 26.000000, -13.000000, 11.000000, -166.000000, -496.000000
2.700000, 44.520882, -251.166641, 678.673218, 43.000000, -18.000000, -16.000000, -154.000000, -495.000000
2.750000, 31.533459, -248.291153, 715.884827, 21.000000, -20.000000, -14.000000, -163.000000, -499.000000
2.800000, 38.873787, -248.146545, 706.331482, -28.000000, 19.000000, -9.000000, -157.000000, -492.000000
2.850000, 53.956589, -252.148926, 669.074341, 39.000000, -42.000000, 18.000000, -160.000000, -501.000000
2.900000, 13.271218, -251.957581, 668.326416, 0.000000, -6.000000, -18.000000, -153.000000, -489.000000
2.950000, 28.956364, -241.351700, 678.990051, 23.000000, -3.000000, 11.000000, -159.000000, -496.000000
3.000000, 78.101959, -234.219803, 695.665894, 7.000000, -20.000000, -14.000000, -157.000000, -492.000000
3.050000, 36.045395, -249.235748, 702.849487, 8.000000, -12.000000, -1.000000, -160.000000, -493.000000
3.100000, 31.299961, -256.281860, 687.649109, 14.000000, -14.000000, -25.000000, -156.000000, -489.000000
3.150000, 44.049332, -245.585587, 685.068115, -2.000000, 0.000000, 20.000000, -159.000000, -496.000000
3.200000, 15.207430, -245.263504, 687.902649, -15.000000, 4.000000, 9.000000, -159.000000, -490.000000
3.250000, 28.965759, -251.979538, 680.767883, -7.000000, -9.000000, -11.000000, -160.000000, -493.000000
3.300000, 41.736790, -254.087708, 680.406067, 9.000000, -3.000000, 16.000000, -153.000000, -493.000000
3.350000, 27.232323, -257.859680, 676.694031, -16.000000, 16.000000, -18.000000, -154.000000, -495.000000
3.400000, 19.075825, -257.364197, 668.174988, 16.000000, -10.000000, 14.000000, -154.000000, -487.000000
3.450000, 21.816231, -250.054245, 679.053223, -25.000000, 31.000000, -11.000000, -160.000000, -495.000000
3.500000, 13.729654, -258.082367, 689.983887, -1.000000, 7.000000, 8.000000, -156.000000, -495.000000
3.550000, 13.809289, -258.712067, 681.929443, 1.000000, -7.000000, -12.000000, -157.000000, -493.000000
3.600000, 34.318130, -248.679321, 682.848450, -9.000000, 18.000000, 14.000000, -153.000000, -490.000000
3.650000, 35.067940, -255.994293, 673.748596, 5.000000, 7.000000, -16.000000, -162.000000, -489.000000
3.700000, 47.442005, -241.424683, 645.054810, 6.000000, 25.000000, 42.000000, -156.000000, -490.000000
3.750000, 57.252060, -216.406540, 589.184448, 28.000000, 71.000000, 25.000000, -151.000000, -489.000000
3.800000, 100.792313, -172.863312, 443.923859, 440.000000, 29.000000, 353.000000, -154.000000, -483.000000
3.850000, 145.941544, -94.925034, 291.521545, 378.000000, 478.000000, 469.000000, -159.000000, -468.000000
3.900000, -86.347664, -94.748016, 358.754181, 1588.000000, -130.000000, 884.000000, -165.000000, -448.000000
3.950000, -378.974060, -118.805603, 658.219360, 693.000000, 616.000000, 365.000000, -174.000000, -445.000000
4.000000, -298.214142, -47.201637, 828.435120, 890.000000, 399.000000, 249.000000, -186.000000, -429.000000
4.050000, -248.308899, 10.410519, 873.209595, 767.000000, 249.000000, -20.000000, -204.000000, -417.000000
4.100000, -378.418304, 30.627384, 1127.636963, 257.000000, 378.000000, -278.000000, -207.000000, -421.000000
4.150000, -204.436554, 105.161484, 1227.591064, 149.000000, 153.000000, -232.000000, -210.000000, -423.000000
4.200000, -112.432510, 139.570816, 1060.432373, -227.000000, 158.000000, -270.000000, -213.000000, -426.000000
4.250000, -223.753677, 98.892746, 1037.617310, -442.000000, 126.000000, -210.000000, -207.000000, -427.000000
4.300000, -108.066040, 98.281845, 991.257202, -624.000000, 49.000000, -231.000000, -205.000000, -426.000000
4.350000, -199.700439, 58.397522, 890.344849, -832.000000, -30.000000, -101.000000, -196.000000, -426.000000
4.400000, -334.737183, -63.089005, 808.391785, -959.000000, -86.000000, -249.000000, -183.000000, -429.000000
4.450000, -200.020050, -135.987839, 644.222900, -877.000000, -234.000000, -347.000000, -162.000000, -432.000000
4.500000, -171.563248, -156.715057, 536.618408, -695.000000, -216.000000, -485.000000, -156.000000, -438.000000
4.550000, -64.004623, -154.829956, 427.042572, -509.000000, -187.000000, -358.000000, -139.000000, -445.000000
4.600000, -27.406067, -175.533203, 370.953247, -369.000000, -137.000000, -326.000000, -139.000000, -450.000000
4.650000, -128.601639, -235.894180, 394.391998, -156.000000, -154.000000, -288.000000, -136.000000, -453.000000
4.700000, -37.244869, -235.101471, 339.523163, 61.000000, -260.000000, -532.000000, -142.000000, -459.000000
4.750000, 7.033582, -208.870117, 419.968933, 282.000000, -223.000000, -702.000000, -139.000000, -475.000000
4.800000, 65.840622, -228.049393, 479.265076, 367.000000, -35.000000, -645.000000, -162.000000, -483.000000
4.850000, 220.341034, -174.602646, 352.599884, 466.000000, 242.000000, -192.000000, -183.000000, -492.000000
4.900000, 185.580063, -92.120926, 507.914154, 619.000000, 197.000000, 336.000000, -187.000000, -484.000000
4.950000, -88.995049, -166.326004, 804.008301, 579.000000, 140.000000, -102.000000, -189.000000, -484.000000
5.000000, -69.145462, -158.681427, 693.066223, 468.000000, 277.000000, 44.000000, -205.000000, -489.000000
5.050000, 177.679840, -23.047733, 611.370117, 385.000000, 277.000000, 372.000000, -211.000000, -474.000000
5.100000, -140.351807, -135.166367, 1061.432861, 802.000000, -210.000000, 345.000000, -220.000000, -481.000000
5.150000, -292.705078, -265.789429, 1313.775757, 280.000000, -119.000000, 39.000000, -220.000000, -475.000000
5.200000, -99.048264, -177.984482, 989.186401, 60.000000, -111.000000, -9.000000, -223.000000, -487.000000
5.250000, -145.785019, -80.106476, 777.782227, -98.000000, 46.000000, -59.000000, -225.000000, -484.000000
5.300000, 21.171686, -29.328590, 788.987366, -19.000000, -23.000000, 36.000000, -231.000000, -489.000000
5.350000, -34.671570, -75.492981, 760.855530, -206.000000, 173.000000, -82.000000, -222.000000, -484.000000
5.400000, -162.281342, -117.091911, 735.713257, 46.000000, -133.000000, -7.000000, -217.000000, -489.000000
5.450000, -1.983658, -93.036880, 697.524597, -81.000000, 11.000000, -65.000000, -231.000000, -477.000000
5.500000, -102.784424, -102.032494, 695.467102, -45.000000, -46.000000, -7.000000, -228.000000, -483.000000
5.550000, -59.732330, -77.607796, 723.260559, -67.000000, 14.000000, -74.000000, -223.000000, -480.000000
5.600000, -12.581070, -80.719948, 735.733459, 86.000000, -112.000000, -48.000000, -222.000000, -483.000000
5.650000, -74.096649, -105.351883, 754.803284, 12.000000, -23.000000, -22.000000, -225.000000, -484.000000
5.700000, 10.797073, -87.481491, 732.507812, 36.000000, -32.000000, 11.000000, -223.000000, -490.000000
5.750000, -86.908600, -102.992485, 709.930542, 7.000000, -23.000000, -14.000000, -226.000000, -487.000000
5.800000, -60.530426, -94.841347, 709.635315, 51.000000, -41.000000, 81.000000, -214.000000, -478.000000
5.850000, -28.357162, -79.696861, 749.653137, 16.000000, -1.000000, -49.000000, -229.000000, -487.000000
5.900000, -98.667587, -90.636200, 768.905029, -25.000000, 21.000000, 18.000000, -220.000000, -483.000000
5.950000, -5.821083, -88.791473, 693.422791, 42.000000, -44.000000, 5.000000, -219.000000, -484.000000
6.000000, -80.445496, -103.138168, 713.439331, 20.000000, -9.000000, 1.000000, -232.000000, -489.000000
6.050000, -88.170761, -89.235565, 734.834473, 0.000000, 9.000000, -39.000000, -223.000000, -487.000000
6.100000, 5.880356, -69.356216, 688.836975, 39.000000, -21.000000, -8.000000, -222.000000, -478.000000
6.150000, -53.484356, -89.544884, 744.586670, 51.000000, 0.000000, 19.000000, -228.000000, -489.000000
6.200000, -51.937489, -91.873337, 735.991516, -67.000000, 44.000000, -37.000000, -229.000000, -484.000000
6.250000, -71.768005, -75.880898, 721.297729, -16.000000, -35.000000, 20.000000, -216.000000, -484.000000
6.300000, -57.021797, -78.259537, 732.774536, -2.000000, -19.000000, -28.000000, -226.000000, -486.000000
6.350000, -27.336250, -97.956772, 664.607300, 36.000000, -45.000000, -24.000000, -228.000000, -477.000000
6.400000, -65.618309, -87.967178, 707.128479, -4.000000, -10.000000, -60.000000, -223.000000, -489.000000
6.450000, -32.739120, -78.695480, 724.486572, 33.000000, -7.000000, 45.000000, -219.000000, -480.000000
6.500000, -67.789337, -97.850769, 687.173950, -9.000000, 18.000000, -52.000000, -220.000000, -489.000000
6.550000, -63.508640, -79.264465, 740.132751, -2.000000, 4.000000, 21.000000, -223.000000, -484.000000
6.600000, -24.361408, -77.253250, 738.921265, -2.000000, -6.000000, -51.000000, -219.000000, -487.000000
6.650000, -72.439728, -92.759171, 718.971680, 2.000000, -23.000000, 30.000000, -225.000000, -486.000000
6.700000, -45.115269, -80.464767, 700.124817, 0.000000, -28.000000, 13.000000, -223.000000, -481.000000
6.750000, -42.602798, -98.599403, 677.766479, 0.000000, -4.000000, -28.000000, -222.000000, -489.000000
6.800000, -21.926968, -89.394974, 716.882874, 58.000000, 8.000000, 44.000000, -225.000000, -489.000000
6.850000, -23.824448, -70.503143, 766.905457, -7.000000, -12.000000, 28.000000, -229.000000, -496.000000
6.900000, -101.515671, -98.386292, 766.057129, -17.000000, -14.000000, -21.000000, -222.000000, -484.000000
6.950000, -49.542423, -95.569374, 688.042969, -11.000000, -11.000000, 16.000000, -226.000000, -490.000000
7.000000, -63.713421, -94.647797, 687.610168, 25.000000, -9.000000, -25.000000, -219.000000, -484.000000
7.050000, -77.899414, -97.102577, 741.423096, 13.000000, -9.000000, -11.000000, -222.000000, -480.000000
7.100000, -17.451958, -82.132713, 711.649109, 15.000000, 4.000000, -37.000000, -226.000000, -484.000000
7.150000, -70.657974, -89.985870, 722.050537, 12.000000, 6.000000, 9.000000, -225.000000, -487.000000
7.200000, -65.451424, -86.501122, 732.664429, 2.000000, -1.000000, -58.000000, -226.000000, -493.000000
7.250000, -54.260422, -94.908051, 710.828369, 66.000000, -45.000000, 7.000000, -223.000000, -483.000000
7.300000, -47.700569, -93.038094, 731.733765, 7.000000, 7.000000, -13.000000, -231.000000, -490.000000
7.350000, -27.465691, -70.571320, 726.220825, -6.000000, -7.000000, -11.000000, -222.000000, -484.000000
7.400000, -83.683693, -91.495193, 718.906860, -18.000000, 7.000000, 25.000000, -231.000000, -487.000000
7.450000, -47.174454, -90.998947, 720.264099, -4.000000, -26.000000, -4.000000, -228.000000, -487.000000
7.500000, -49.849155, -89.504684, 699.926392, 16.000000, -20.000000, -18.000000, -229.000000, -484.000000
7.550000, -76.740738, -97.026367, 712.729187, 7.000000, 5.000000, 2.000000, -220.000000, -489.000000
7.600000, -30.079983, -73.197655, 722.573792, 17.000000, -4.000000, -2.000000, -220.000000, -481.000000
7.650000, -61.948711, -85.719955, 716.346558, 18.000000, -9.000000, -9.000000, -223.000000, -484.000000
7.700000, -39.588978, -87.809784, 734.186951, 19.000000, -24.000000, -6.000000, -228.000000, -490.000000
7.750000, -34.589912, -76.733521, 735.419128, 9.000000, -56.000000, -7.000000, -216.000000, -484.000000
7.800000, -62.762222, -84.334908, 717.963623, -10.000000, -22.000000, 13.000000, -229.000000, -490.000000
7.850000, -29.601387, -85.530853, 698.326538, 14.000000, -13.000000, -1.000000, -225.000000, -490.000000
7.900000, -63.192314, -97.099716, 716.283997, 4.000000, -1.000000, -9.000000, -229.000000, -489.000000
7.950000, -44.805717, -76.552803, 758.130310, -16.000000, -26.000000, -4.000000, -223.000000, -487.000000
8.000000, -26.585596, -80.167488, 721.752319, 13.000000, -24.000000, -27.000000, -225.000000, -486.000000
8.050000, -38.913746, -94.903656, 702.747559, -23.000000, 21.000000, 16.000000, -219.000000, -478.000000
8.100000, -21.086609, -66.943436, 727.014099, -8.000000, 14.000000, 26.000000, -229.000000, -489.000000
8.150000, -97.019852, -91.770546, 714.605164, 4.000000, -7.000000, -9.000000, -220.000000, -487.000000
8.200000, -86.079491, -93.431999, 735.499756, -9.000000, -14.000000, 16.000000, -216.000000, -492.000000
8.250000, -41.986847, -81.720016, 720.261414, -7.000000, -35.000000, -28.000000, -220.000000, -481.000000
8.300000, -60.499554, -106.034454, 675.302490, 39.000000, -25.000000, -15.000000, -213.000000, -480.000000
8.350000, -9.665192, -78.019348, 706.658020, 30.000000, -5.000000, -25.000000, -223.000000, -484.000000
8.400000, -48.136257, -80.899780, 741.370483, 46.000000, -22.000000, -23.000000, -222.000000, -475.000000
8.450000, -73.270752, -92.353302, 751.578735, 7.000000, -16.000000, -2.000000, -217.000000, -492.000000
8.500000, -32.663586, -71.713211, 725.310364, -14.000000, 1.000000, -13.000000, -228.000000, -495.000000
8.550000, -64.778412, -88.610901, 703.859131, -18.000000, 9.000000, -37.000000, -220.000000, -492.000000
8.600000, -46.328819, -85.928375, 719.287231, -21.000000, 6.000000, -15.000000, -219.000000, -478.000000
8.650000, -45.149769, -86.186798, 713.343201, 4.000000, -4.000000, -38.000000, -223.000000, -487.000000
8.700000, -57.372051, -96.062332, 731.429443, 21.000000, 8.000000, -28.000000, -228.000000, -492.000000
8.750000, -32.201214, -84.365173, 733.916260, 11.000000, -18.000000, -23.000000, -211.000000, -481.000000
8.800000, -56.718021, -90.244316, 716.126221, 9.000000, -9.000000, -23.000000, -228.000000, -477.000000
8.850000, -37.371330, -83.441833, 739.677124, 28.000000, -31.000000, -37.000000, -229.000000, -490.000000
8.900000, -28.613297, -81.448807, 727.594849, -2.000000, 0.000000, 15.000000, -225.000000, -480.000000
8.950000, -51.307251, -89.507820, 714.944702, 18.000000, -25.000000, -27.000000, -231.000000, -492.000000
9.000000, -25.187489, -81.829803, 722.070801, 1.000000, 7.000000, 10.000000, -228.000000, -484.000000
9.050000, -32.219593, -88.696846, 720.660339, 9.000000, -14.000000, -28.000000, -223.000000, -486.000000
9.100000, -39.485897, -89.565392, 738.154053, 11.000000, -16.000000, -11.000000, -217.000000, -486.000000
9.150000, -39.027714, -88.819153, 721.309448, -3.000000, -1.000000, -13.000000, -222.000000, -487.000000
9.200000, -50.575764, -92.117958, 719.034119, 23.000000, -19.000000, -25.000000, -217.000000, -487.000000
9.250000, -31.622852, -82.975670, 740.554749, 8.000000, 11.000000, -8.000000, -229.000000, -493.000000
9.300000, -47.210968, -85.970032, 710.650146, -58.000000, 35.000000, 16.000000, -222.000000, -496.000000
9.350000, -81.158546, -96.630272, 705.576599, -30.000000, -14.000000, -45.000000, -217.000000, -489.000000
9.400000, -58.379112, -104.538132, 706.468445, 0.000000, -11.000000, -18.000000, -229.000000, -486.000000
