Sample Time, Accel_x, Accel_y, Accel_z, Gyro_x, Gyro_y, Gyro_z, Magneto_x, Magneto_y, Magneto_z
0.000000, 7.632617, -78.381104, 282.406799, -6.000000, 0.000000, -9.000000, -159.000000, -195.000000
0.050000, 37.980816, -226.067978, 822.275574, 6.000000, 11.000000, -21.000000, -153.000000, -196.000000
0.100000, 48.916309, -223.424698, 827.701721, 5.000000, 0.000000, -36.000000, -156.000000, -189.000000
0.150000, 9.906485, -153.885605, 590.170898, 52.000000, -35.000000, 15.000000, -144.000000, -198.000000
0.200000, 31.324682, -198.021866, 764.564087, -12.000000, -18.000000, -43.000000, -157.000000, -193.000000
0.250000, 95.451103, -193.552490, 739.100525, -7.000000, 9.000000, -4.000000, -156.000000, -196.000000
0.300000, 52.546600, -177.588470, 632.275879, 1.000000, -9.000000, -2.000000, -159.000000, -199.000000
0.350000, 3.197235, -209.198914, 724.801086, 30.000000, -8.000000, 12.000000, -150.000000, -196.000000
0.400000, 47.621277, -188.180756, 676.310730, 25.000000, -8.000000, -16.000000, -157.000000, -193.000000
0.450000, 69.257973, -190.520691, 714.719543, 27.000000, -14.000000, -9.000000, -147.000000, -195.000000
0.500000, 34.780102, -191.251678, 740.335938, 12.000000, -11.000000, 10.000000, -156.000000, -193.000000
0.550000, 27.866613, -178.437500, 694.754150, -9.000000, 0.000000, -10.000000, -156.000000, -198.000000
0.600000, 42.610153, -195.354309, 722.575989, -2.000000, -22.000000, -1.000000, -150.000000, -201.000000
0.650000, 29.892778, -188.362244, 677.502136, 4.000000, -1.000000, -9.000000, -156.000000, -196.000000
0.700000, 45.139702, -190.718201, 701.890991, 14.000000, -4.000000, -7.000000, -148.000000, -196.000000
0.750000, 62.285629, -190.157806, 701.813843, 16.000000, -29.000000, -37.000000, -150.000000, -195.000000
0.800000, 39.831589, -184.526169, 677.999207, 22.000000, -7.000000, -9.000000, -153.000000, -192.000000
0.850000, 48.376247, -192.095215, 732.848511, 19.000000, -3.000000, 9.000000, -145.000000, -205.000000
0.900000, 40.663837, -184.654953, 695.383484, 7.000000, -11.000000, 0.000000, -145.000000, -196.000000
0.950000, 22.098358, -197.015076, 703.005676, 0.000000, -2.000000, -27.000000, -151.000000, -198.000000
1.000000, 45.481926, -187.811432, 708.395935, 3.000000, -14.000000, -18.000000, -157.000000, -195.000000
1.050000, 53.977386, -169.566864, 677.871765, 18.000000, -1.000000, 0.000000, -148.000000, -199.000000
1.100000, 44.705757, -195.962677, 714.133179, -1.000000, 0.000000, -2.000000, -156.000000, -192.000000
1.150000, 23.747448, -196.848465, 692.269653, 10.000000, 0.000000, -13.000000, -145.000000, -196.000000
1.200000, 32.264580, -184.629547, 714.922729, 18.000000, -1.000000, -8.000000, -159.000000, -196.000000
1.250000, 71.645454, -183.726471, 727.452087, 4.000000, 0.000000, -11.000000, -142.000000, -202.000000
1.300000, 51.192211, -185.162781, 678.990479, 13.000000, -20.000000, -12.000000, -151.000000, -198.000000
1.350000, 18.483711, -196.311157, 719.821838, 18.000000, -3.000000, -1.000000, -154.000000, -198.000000
1.400000, 37.850037, -185.056213, 723.248352, 8.000000, -15.000000, -12.000000, -148.000000, -192.000000
1.450000, 47.185432, -184.598007, 697.274841, -6.000000, -6.000000, -10.000000, -151.000000, -192.000000
1.500000, 31.910431, -195.807312, 701.975708, 9.000000, -1.000000, -7.000000, -153.000000, -195.000000
1.550000, 53.435379, -184.497498, 694.835449, -26.000000, -23.000000, -23.000000, -151.000000, -199.000000
1.600000, 64.175720, -188.885574, 697.869263, 14.000000, -10.000000, 7.000000, -154.000000, -195.000000
1.650000, 36.916309, -192.483170, 696.889709, 11.000000, -22.000000, 4.000000, -153.000000, -195.000000
1.700000, 54.333618, -187.211945, 725.244446, 16.000000, -2.000000, -3.000000, -142.000000, -192.000000
1.750000, 54.018787, -191.627396, 729.210938, 1.000000, 1.000000, -20.000000, -141.000000, -195.000000
1.800000, 15.774755, -187.619751, 705.295288, 0.000000, -9.000000, 8.000000, -147.000000, -189.000000
1.850000, 27.447996, -191.793198, 714.491577, -19.000000, -9.000000, -31.000000, -157.000000, -196.000000
1.900000, 49.607620, -194.544189, 696.144470, 0.000000, 0.000000, -25.000000, -157.000000, -199.000000
1.950000, 60.791779, -186.752838, 697.614136, -14.000000, -9.000000, -19.000000, -151.000000, -198.000000
2.000000, 58.192867, -191.019714, 708.085876, -2.000000, -7.000000, 0.000000, -150.000000, -198.000000
2.050000, 25.056250, -193.239700, 686.033752, 14.000000, -16.000000, 14.000000, -157.000000, -195.000000
2.100000, 19.911415, -194.325378, 697.293579, 9.000000, -1.000000, -14.000000, -151.000000, -201.000000
2.150000, 45.866020, -194.172699, 706.203979, 7.000000, -2.000000, -14.000000, -154.000000, -202.000000
2.200000, 35.599411, -193.050049, 701.483154, 9.000000, -4.000000, -14.000000, -148.000000, -190.000000
2.250000, 23.344456, -196.424561, 709.425781, 7.000000, -4.000000, -25.000000, -148.000000, -198.000000
2.300000, 60.870056, -190.322006, 715.116150, 12.000000, -9.000000, 5.000000, -148.000000, -195.000000
2.350000, 65.589256, -194.416840, 708.549744, 4.000000, 0.000000, 0.000000, -151.000000, -192.000000
2.400000, 24.750057, -197.155060, 701.776855, -1.000000, -9.000000, 15.000000, -144.000000, -190.000000
2.450000, 16.567886, -189.958206, 710.091003, 10.000000, 2.000000, 8.000000, -153.000000, -196.000000
2.500000, 32.975479, -196.379395, 697.136475, 6.000000, -21.000000, -7.000000, -151.000000, -195.000000
2.550000, 40.304077, -192.728394, 684.442383, 21.000000, 11.000000, 7.000000, -148.000000, -201.000000
2.600000, 47.665810, -187.397720, 689.894043, 29.000000, 4.000000, 0.000000, -159.000000, -190.000000
2.650000, 65.167229, -187.127197, 692.164978, 34.000000, -2.000000, 12.000000, -157.000000, -189.000000
2.700000, 34.117538, -190.984055, 702.780762, 46.000000, -7.000000, 14.000000, -150.000000, -187.000000
2.750000, 8.930298, -205.462677, 696.243347, 46.000000, -21.000000, -16.000000, -150.000000, -192.000000
2.800000, 64.132240, -189.526947, 717.300171, 44.000000, -24.000000, 0.000000, -151.000000, -198.000000
2.850000, 69.919609, -172.416641, 758.802124, 18.000000, -20.000000, 39.000000, -148.000000, -192.000000
2.900000, 34.064686, -180.467133, 729.465149, -21.000000, -7.000000, 31.000000, -147.000000, -190.000000
2.950000, 21.675726, -181.807129, 693.887085, -5.000000, -28.000000, 11.000000, -151.000000, -183.000000
3.000000, 7.823349, -185.395203, 692.631958, 4.000000, -8.000000, 0.000000, -153.000000, -192.000000
3.050000, 30.581215, -183.710922, 690.181213, 1.000000, 7.000000, -29.000000, -159.000000, -195.000000
3.100000, 52.353401, -173.176941, 684.026611, 25.000000, -5.000000, -7.000000, -150.000000, -190.000000
3.150000, 61.140465, -165.848282, 656.504517, 52.000000, 15.000000, 9.000000, -154.000000, -190.000000
3.200000, 61.608238, -158.592346, 619.209106, 106.000000, -13.000000, 19.000000, -144.000000, -193.000000
3.250000, 54.941490, -113.838249, 533.992065, 196.000000, 14.000000, 26.000000, -148.000000, -193.000000
3.300000, 69.679916, -34.438519, 425.980804, 355.000000, 268.000000, 181.000000, -132.000000, -193.000000
3.350000, -52.075527, -48.591347, 529.163086, 599.000000, 29.000000, 183.000000, -132.000000, -195.000000
3.400000, -204.465027, -81.344353, 752.226257, 607.000000, 92.000000, 121.000000, -133.000000, -196.000000
3.450000, -107.277199, 20.880230, 753.122437, 702.000000, 223.000000, 25.000000, -142.000000, -193.000000
3.500000, -129.429016, 64.155472, 757.526245, 659.000000, 322.000000, 22.000000, -159.000000, -192.000000
3.550000, -366.558533, 2.321814, 983.576416, 501.000000, 595.000000, -142.000000, -168.000000, -190.000000
3.600000, -257.268768, 17.827269, 1115.912842, 265.000000, 771.000000, -128.000000, -189.000000, -189.000000
3.650000, -68.093758, 46.761227, 1174.498047, -74.000000, 874.000000, -106.000000, -196.000000, -174.000000
3.700000, -209.036987, 40.419235, 1212.021729, -424.000000, 786.000000, -116.000000, -187.000000, -169.000000
3.750000, -307.432465, 31.855280, 943.971558, -620.000000, 638.000000, -416.000000, -178.000000, -163.000000
3.800000, -326.755096, -14.972313, 654.656494, -663.000000, 312.000000, -483.000000, -169.000000, -172.000000
3.850000, -346.190643, -58.502174, 645.086670, -700.000000, 180.000000, -709.000000, -154.000000, -166.000000
3.900000, -246.321533, -65.107079, 588.371887, -672.000000, -90.000000, -593.000000, -138.000000, -172.000000
3.950000, -180.356491, -62.472202, 437.808044, -527.000000, -266.000000, -574.000000, -109.000000, -187.000000
4.000000, -153.120499, -73.973373, 314.687866, -268.000000, -436.000000, -464.000000, -96.000000, -199.000000
4.050000, -43.280941, -90.003433, 142.421204, -11.000000, -697.000000, -418.000000, -90.000000, -220.000000
4.100000, 37.998409, -118.349701, 120.421028, 400.000000, -637.000000, -215.000000, -88.000000, -235.000000
4.150000, 34.681519, -161.693481, 264.828674, 732.000000, -618.000000, -180.000000, -96.000000, -247.000000
4.200000, 95.898918, -116.743980, 402.121124, 896.000000, -344.000000, -218.000000, -121.000000, -247.000000
4.250000, 100.046265, -51.044052, 683.678345, 991.000000, -399.000000, 49.000000, -129.000000, -261.000000
4.300000, 20.428528, -49.514496, 925.733887, 873.000000, -113.000000, -283.000000, -136.000000, -261.000000
4.350000, 86.421387, -11.521255, 1005.299988, 772.000000, -367.000000, 123.000000, -150.000000, -273.000000
4.400000, 59.923439, 11.980894, 1186.111572, 398.000000, -135.000000, -242.000000, -150.000000, -270.000000
4.450000, 25.278679, 24.647474, 1147.555420, 99.000000, -205.000000, 109.000000, -151.000000, -277.000000
4.500000, 70.130508, 44.496258, 833.072815, 56.000000, 110.000000, -21.000000, -157.000000, -274.000000
4.550000, -43.543037, 23.493326, 746.529907, -4.000000, 19.000000, 77.000000, -153.000000, -277.000000
4.600000, 23.321075, 46.731529, 759.386658, -9.000000, 141.000000, 34.000000, -151.000000, -268.000000
4.650000, 47.340424, 45.556431, 708.749451, -1.000000, 52.000000, 86.000000, -156.000000, -270.000000
4.700000, -104.503166, 17.383762, 709.203003, -2.000000, 222.000000, 16.000000, -154.000000, -265.000000
4.750000, -15.797865, 34.758980, 707.318726, 7.000000, -3.000000, 91.000000, -145.000000, -267.000000
4.800000, -12.864216, 31.931822, 734.038696, -46.000000, 99.000000, 14.000000, -154.000000, -256.000000
4.850000, -53.024673, 48.486229, 724.669739, -60.000000, -18.000000, 33.000000, -157.000000, -255.000000
4.900000, -6.543221, 49.125904, 692.962341, -28.000000, 6.000000, 4.000000, -156.000000, -265.000000
4.950000, -37.530895, 33.781490, 745.642334, -46.000000, 4.000000, 18.000000, -159.000000, -262.000000
5.000000, 10.360118, 53.817249, 729.696655, -40.000000, 42.000000, 57.000000, -154.000000, -262.000000
5.050000, -37.952812, 33.635963, 706.231018, -30.000000, -4.000000, 9.000000, -157.000000, -261.000000
5.100000, -77.093918, 26.119156, 728.373352, -10.000000, -16.000000, 18.000000, -153.000000, -255.000000
5.150000, -3.476532, 30.173134, 704.105103, 0.000000, 0.000000, 15.000000, -157.000000, -255.000000
5.200000, -58.015797, 1.082362, 717.243652, 11.000000, -10.000000, 14.000000, -160.000000, -259.000000
5.250000, -40.022667, 12.220807, 723.185303, 36.000000, 98.000000, 15.000000, -154.000000, -253.000000
5.300000, -26.440182, 35.336842, 730.856506, 14.000000, -4.000000, 7.000000, -160.000000, -253.000000
5.350000, -71.541183, 35.088371, 757.531372, -23.000000, -14.000000, -44.000000, -157.000000, -252.000000
5.400000, -12.406233, 33.393509, 730.849182, -57.000000, -40.000000, 0.000000, -157.000000, -261.000000
5.450000, -29.765965, 32.971355, 711.449890, -48.000000, 21.000000, 0.000000, -166.000000, -252.000000
5.500000, -64.123627, 25.835461, 687.488770, 0.000000, -39.000000, 2.000000, -157.000000, -247.000000
5.550000, -66.996780, 10.404477, 693.235474, 36.000000, -6.000000, -58.000000, -154.000000, -253.000000
5.600000, -38.636261, 18.702759, 733.683594, 35.000000, -12.000000, -30.000000, -157.000000, -250.000000
5.650000, 43.932400, 31.950243, 751.257812, -24.000000, 9.000000, -15.000000, -159.000000, -264.000000
5.700000, -19.326534, 24.035307, 761.636475, -47.000000, -8.000000, 29.000000, -157.000000, -258.000000
5.750000, -69.984055, 18.121302, 714.480469, -35.000000, -25.000000, -37.000000, -159.000000, -256.000000
5.800000, 2.846791, 22.425068, 713.863953, -23.000000, 64.000000, -12.000000, -150.000000, -256.000000
5.850000, -16.208471, 27.006327, 757.177246, -36.000000, -48.000000, 8.000000, -160.000000, -253.000000
5.900000, -74.508171, 13.283420, 718.162842, -23.000000, -23.000000, 18.000000, -157.000000, -255.000000
5.950000, -35.512005, 6.920930, 719.032288, -37.000000, -33.000000, 2.000000, -147.000000, -249.000000
6.000000, 7.445152, 7.211987, 747.811279, -2.000000, -33.000000, -23.000000, -147.000000, -255.000000
6.050000, -31.668320, -10.134558, 747.134521, -26.000000, -39.000000, 7.000000, -150.000000, -256.000000
6.100000, -37.281200, -1.179272, 741.394958, -50.000000, -58.000000, 7.000000, -151.000000, -253.000000
6.150000, -29.040176, 5.628863, 697.968689, -24.000000, 0.000000, 27.000000, -148.000000, -256.000000
6.200000, -45.396889, -6.569093, 701.523926, -20.000000, -30.000000, -11.000000, -154.000000, -258.000000
6.250000, -36.058929, 1.968556, 741.882996, -28.000000, -25.000000, 28.000000, -144.000000, -261.000000
6.300000, -54.110683, -5.537660, 726.482910, -36.000000, 5.000000, -17.000000, -159.000000, -247.000000
6.350000, -17.605377, -14.781656, 700.648621, -28.000000, 2.000000, -14.000000, -150.000000, -246.000000
6.400000, -8.260830, -7.559389, 711.360596, -5.000000, -36.000000, 11.000000, -151.000000, -252.000000
6.450000, -58.101357, -6.823857, 732.272522, -4.000000, -21.000000, -1.000000, -153.000000, -250.000000
6.500000, -3.816148, -5.747262, 725.871277, 7.000000, -8.000000, 5.000000, -151.000000, -256.000000
6.550000, -14.677387, -13.329959, 730.054077, -9.000000, -30.000000, 0.000000, -150.000000, -252.000000
6.600000, -45.018951, -10.783779, 733.451843, -7.000000, -9.000000, -4.000000, -148.000000, -250.000000
6.650000, -11.755016, -7.835322, 715.715637, -2.000000, -14.000000, 9.000000, -150.000000, -256.000000
6.700000, -36.366108, -18.247663, 729.809082, 7.000000, -4.000000, 9.000000, -142.000000, -256.000000
6.750000, -20.071583, -14.513510, 732.770203, 2.000000, -7.000000, 4.000000, -151.000000, -249.000000
6.800000, -13.773502, -14.573395, 727.061340, 0.000000, -22.000000, 5.000000, -145.000000, -255.000000
6.850000, -23.851927, -11.661274, 736.568359, -10.000000, -8.000000, -4.000000, -147.000000, -256.000000
6.900000, -21.537033, -9.656941, 723.201050, -13.000000, -11.000000, -12.000000, -153.000000, -253.000000
6.950000, -52.076920, -18.334419, 717.615845, -7.000000, -12.000000, -21.000000, -150.000000, -252.000000
7.000000, -20.102346, -12.927748, 720.309631, 0.000000, -12.000000, -5.000000, -145.000000, -246.000000
7.050000, -14.887271, -15.123305, 721.984131, 3.000000, -4.000000, -28.000000, -148.000000, -255.000000
7.100000, -27.844065, -17.726309, 726.978271, -1.000000, -21.000000, -9.000000, -147.000000, -258.000000
7.150000, -20.619921, -17.200171, 726.776672, 8.000000, -11.000000, 12.000000, -151.000000, -249.000000
7.200000, -46.244205, -24.213282, 732.970520, 0.000000, 4.000000, -11.000000, -156.000000, -249.000000
7.250000, -14.159843, -17.099854, 738.235962, -7.000000, -11.000000, 7.000000, -151.000000, -258.000000
7.300000, -15.292570, -18.063259, 731.755127, -10.000000, -21.000000, -18.000000, -145.000000, -252.000000
7.350000, -42.515961, -20.094007, 708.563049, -13.000000, -46.000000, -14.000000, -145.000000, -253.000000
7.400000, -31.998962, -13.255227, 709.047974, 4.000000, -49.000000, -21.000000, -148.000000, -267.000000
7.450000, -36.543217, -16.937649, 739.060913, 38.000000, -22.000000, 0.000000, -145.000000, -258.000000
7.500000, 3.230190, -14.841180, 757.053650, 11.000000, 9.000000, -23.000000, -139.000000, -259.000000
7.550000, -0.003458, -20.914089, 752.238281, -10.000000, -20.000000, 7.000000, -142.000000, -262.000000
7.600000, -29.666273, -29.323509, 717.704529, 0.000000, -2.000000, 0.000000, -150.000000, -256.000000
7.650000, -4.135757, -20.132917, 719.141357, 8.000000, -18.000000, 0.000000, -156.000000, -255.000000
7.700000, -15.926988, -19.794905, 740.712830, 9.000000, -1.000000, 1.000000, -150.000000, -259.000000
7.750000, -24.788979, -24.692879, 722.350830, -3.000000, -5.000000, 8.000000, -144.000000, -250.000000
7.800000, -15.063626, -23.778873, 719.164551, 7.000000, -5.000000, -2.000000, -144.000000, -262.000000
7.850000, -5.238276, -19.772760, 720.242981, 10.000000, -8.000000, -19.000000, -150.000000, -258.000000
7.900000, 2.125778, -19.342981, 725.630493, 10.000000, -11.000000, 2.000000, -147.000000, -255.000000
7.950000, -25.724583, -27.069300, 735.620728, 18.000000, 0.000000, 24.000000, -151.000000, -252.000000
8.000000, -26.059013, -27.253220, 724.551208, 19.000000, -23.000000, -10.000000, -151.000000, -253.000000
8.050000, -2.155972, -22.234562, 743.075867, 15.000000, -19.000000, 12.000000, -147.000000, -255.000000
8.100000, -11.853604, -17.965961, 756.451477, -19.000000, -63.000000, 9.000000, -145.000000, -249.000000
8.150000, -34.179573, -19.716564, 726.647095, 6.000000, -7.000000, 5.000000, -147.000000, -258.000000
8.200000, -23.063789, -24.937506, 716.607422, 26.000000, -33.000000, 18.000000, -150.000000, -253.000000
8.250000, -0.768130, -15.307048, 741.545227, 4.000000, -11.000000, -25.000000, -150.000000, -259.000000
8.300000, 0.925734, -10.823156, 740.256226, 9.000000, -14.000000, 21.000000, -145.000000, -261.000000
8.350000, -2.114847, -20.193459, 726.781555, 25.000000, 11.000000, -21.000000, -144.000000, -253.000000
8.400000, -20.244516, -23.628613, 750.574036, -17.000000, -15.000000, 4.000000, -150.000000, -256.000000
8.450000, -9.253716, -26.295254, 730.635803, -9.000000, -6.000000, 2.000000, -156.000000, -255.000000
8.500000, -5.325451, -26.472282, 702.296204, 8.000000, -32.000000, 7.000000, -154.000000, -255.000000
8.550000, -33.296158, -16.611273, 743.320679, 19.000000, 4.000000, 30.000000, -156.000000, -258.000000
8.600000, -6.948319, -13.625715, 747.927734, 3.000000, -3.000000, -13.000000, -153.000000, -246.000000
8.650000, -9.976707, -19.259378, 735.820984, 9.000000, -4.000000, -23.000000, -157.000000, -255.000000
8.700000, -22.017357, -15.410301, 748.705017, -14.000000, 5.000000, -38.000000, -153.000000, -255.000000
8.750000, 6.816416, -16.712976, 732.939209, -16.000000, -33.000000, -32.000000, -144.000000, -259.000000
8.800000, -1.770950, -26.294529, 724.068726, -7.000000, -7.000000, -10.000000, -144.000000, -258.000000
8.850000, 0.398743, -26.109970, 718.465210, -1.000000, 0.000000, -20.000000, -141.000000, -247.000000
8.900000, -6.234577, -29.474792, 711.819580, 19.000000, 1.000000, -25.000000, -145.000000, -256.000000
8.950000, 3.832504, -29.908026, 725.548706, -8.000000, 9.000000, 2.000000, -138.000000, -259.000000
9.000000, 26.351831, -23.152897, 726.612366, -14.000000, 15.000000, 21.000000, -144.000000, -252.000000
9.050000, -22.158531, -27.612429, 722.292603, 9.000000, -14.000000, 7.000000, -142.000000, -255.000000
9.100000, -15.297470, -26.451227, 723.501587, -5.000000, 4.000000, 23.000000, -145.000000, -256.000000
