Sample Time, Accel_x, Accel_y, Accel_z, Gyro_x, Gyro_y, Gyro_z, Magneto_x, Magneto_y, Magneto_z
0.000000, 6.164806, -100.398270, 275.361328, 0.000000, 9.000000, -40.000000, -154.000000, -483.000000
0.050000, 4.075561, -293.422791, 810.362671, -9.000000, 4.000000, 6.000000, -154.000000, -475.000000
0.100000, -13.631157, -296.951416, 818.807190, 2.000000, 3.000000, 9.000000, -154.000000, -475.000000
0.150000, -9.977117, -209.846939, 553.948914, -14.000000, 5.000000, -2.000000, -160.000000, -475.000000
0.200000, -7.905682, -271.986755, 714.936340, 6.000000, -11.000000, 1.000000, -151.000000, -481.000000
0.250000, -18.598791, -270.064728, 737.010193, -2.000000, -2.000000, -21.000000, -154.000000, -475.000000
0.300000, -7.712994, -235.075226, 633.459778, -23.000000, 6.000000, 0.000000, -153.000000, -481.000000
0.350000, -14.758415, -270.670746, 700.780457, -6.000000, 20.000000, 25.000000, -165.000000, -486.000000
0.400000, -7.353479, -253.529099, 676.561951, 4.000000, -15.000000, -29.000000, -157.000000, -481.000000
0.450000, 21.408272, -254.900696, 699.840454, -5.000000, 2.000000, -35.000000, -159.000000, -478.000000
0.500000, -6.571177, -257.242065, 695.187073, -9.000000, -14.000000, 9.000000, -151.000000, -474.000000
0.550000, -19.233349, -250.040009, 668.777649, 6.000000, -13.000000, -9.000000, -151.000000, -478.000000
0.600000, 2.395982, -269.272614, 695.026123, 12.000000, -6.000000, -8.000000, -151.000000, -480.000000
0.650000, -8.993433, -254.854385, 654.860596, 7.000000, -8.000000, -23.000000, -153.000000, -484.000000
0.700000, -12.332580, -262.361938, 704.281372, -19.000000, 11.000000, -7.000000, -154.000000, -477.000000
0.750000, -3.819667, -260.412750, 689.044739, 10.000000, -16.000000, -20.000000, -154.000000, -484.000000
0.800000, -18.920532, -252.730118, 650.044067, 3.000000, 0.000000, 1.000000, -147.000000, -480.000000
0.850000, -25.238905, -275.146179, 710.359436, 21.000000, -17.000000, -5.000000, -156.000000, -474.000000
0.900000, -3.638398, -256.836212, 678.283569, 11.000000, -5.000000, -1.000000, -159.000000, -478.000000
0.950000, 9.244232, -254.923035, 693.921509, 8.000000, -16.000000, -18.000000, -150.000000, -483.000000
1.000000, -2.258716, -263.426025, 703.088684, 9.000000, -13.000000, -9.000000, -154.000000, -480.000000
1.050000, -20.208282, -257.403534, 666.574097, 7.000000, 6.000000, 0.000000, -154.000000, -478.000000
1.100000, -22.146526, -268.921387, 693.783630, 21.000000, -11.000000, -17.000000, -144.000000, -483.000000
1.150000, -5.568480, -258.169037, 679.656799, -14.000000, 2.000000, -7.000000, -153.000000, -481.000000
1.200000, -3.730250, -257.912781, 693.528687, 3.000000, -2.000000, -14.000000, -145.000000, -478.000000
1.250000, -9.818357, -262.640686, 689.757507, 14.000000, -8.000000, -2.000000, -156.000000, -474.000000
1.300000, -8.112420, -255.358719, 674.494324, -4.000000, -2.000000, 8.000000, -151.000000, -474.000000
1.350000, -18.238712, -266.787415, 713.284912, 4.000000, -16.000000, -2.000000, -148.000000, -474.000000
1.400000, -18.609529, -264.758087, 673.015259, -13.000000, -5.000000, 3.000000, -150.000000, -480.000000
1.450000, -6.331581, -264.133820, 664.959961, 1.000000, -18.000000, -24.000000, -156.000000, -480.000000
1.500000, -10.680597, -265.304474, 687.546509, 7.000000, -4.000000, 16.000000, -150.000000, -478.000000
1.550000, -10.065274, -257.684021, 666.271851, 16.000000, -16.000000, -21.000000, -144.000000, -475.000000
1.600000, -6.121417, -266.915710, 686.938904, 13.000000, -10.000000, -7.000000, -156.000000, -480.000000
1.650000, -15.211004, -262.590454, 690.148621, 8.000000, -11.000000, -2.000000, -154.000000, -471.000000
1.700000, -13.739517, -258.852936, 685.678833, 1.000000, -10.000000, -5.000000, -147.000000, -480.000000
1.750000, -14.249731, -271.262604, 678.912354, -2.000000, -4.000000, -11.000000, -151.000000, -486.000000
1.800000, -20.953085, -266.781738, 666.728638, 6.000000, -27.000000, -16.000000, -153.000000, -478.000000
1.850000, -12.585110, -261.191345, 695.070862, 11.000000, -7.000000, 2.000000, -154.000000, -480.000000
1.900000, -10.277262, -263.786133, 692.378601, 2.000000, -3.000000, -17.000000, -148.000000, -477.000000
1.950000, -20.196568, -269.159698, 679.718201, 0.000000, 1.000000, 0.000000, -148.000000, -483.000000
2.000000, -27.359264, -271.620148, 689.980835, 0.000000, -7.000000, -7.000000, -150.000000, -480.000000
2.050000, -14.814596, -264.901154, 694.185425, 2.000000, -4.000000, -16.000000, -151.000000, -481.000000
2.100000, 2.750814, -264.181702, 688.322021, 7.000000, -16.000000, -10.000000, -154.000000, -484.000000
2.150000, -17.309338, -265.826935, 668.793945, 6.000000, -14.000000, -9.000000, -145.000000, -483.000000
2.200000, -24.434256, -264.084930, 670.693970, 2.000000, -18.000000, -6.000000, -154.000000, -477.000000
2.250000, -2.725011, -266.052246, 672.522766, 13.000000, 2.000000, -4.000000, -150.000000, -478.000000
2.300000, -9.401799, -269.062531, 680.463074, 2.000000, -4.000000, 1.000000, -150.000000, -478.000000
2.350000, -4.685955, -265.497009, 706.364319, 15.000000, -21.000000, -9.000000, -148.000000, -478.000000
2.400000, 7.770863, -263.489899, 687.609131, -1.000000, -10.000000, -2.000000, -150.000000, -484.000000
2.450000, -13.198630, -271.554840, 671.468933, 4.000000, -24.000000, -4.000000, -151.000000, -477.000000
2.500000, -16.941813, -267.702087, 683.693970, 4.000000, -11.000000, -3.000000, -153.000000, -478.000000
2.550000, -6.839271, -262.669891, 681.045532, -9.000000, -5.000000, 9.000000, -151.000000, -480.000000
2.600000, -18.835457, -274.498291, 682.496460, 13.000000, -9.000000, -8.000000, -157.000000, -481.000000
2.650000, -18.472364, -274.356506, 682.801270, -6.000000, 2.000000, 4.000000, -147.000000, -477.000000
2.700000, -6.232998, -266.422394, 679.832031, 3.000000, -22.000000, -11.000000, -145.000000, -475.000000
2.750000, -15.958162, -267.543915, 677.661011, -7.000000, 1.000000, -2.000000, -151.000000, -481.000000
2.800000, -23.796181, -271.233551, 665.458618, -2.000000, -4.000000, 9.000000, -150.000000, -483.000000
2.850000, -16.738102, -273.863068, 673.735596, 0.000000, -4.000000, -7.000000, -147.000000, -474.000000
2.900000, -9.735600, -269.499573, 685.395813, 2.000000, 0.000000, -1.000000, -148.000000, -478.000000
2.950000, -11.989336, -269.808167, 679.444885, -7.000000, -4.000000, -2.000000, -151.000000, -481.000000
3.000000, -19.086624, -274.026947, 684.945190, 1.000000, -7.000000, 0.000000, -153.000000, -474.000000
3.050000, -4.209230, -269.667969, 676.011414, -7.000000, -16.000000, -11.000000, -148.000000, -478.000000
3.100000, -7.220600, -273.124084, 666.060547, 0.000000, -16.000000, -5.000000, -150.000000, -478.000000
3.150000, -22.330643, -277.109131, 675.549744, -9.000000, -9.000000, -26.000000, -148.000000, -474.000000
3.200000, -10.107747, -271.292206, 660.932800, -6.000000, -10.000000, 1.000000, -147.000000, -474.000000
3.250000, -19.347822, -271.948425, 661.348755, 5.000000, -9.000000, -14.000000, -150.000000, -480.000000
3.300000, -13.744446, -274.584625, 676.629639, 7.000000, -7.000000, -11.000000, -151.000000, -466.000000
3.350000, -7.285641, -276.651459, 671.050964, -13.000000, 5.000000, 0.000000, -147.000000, -475.000000
3.400000, -24.447021, -275.827911, 674.198792, 0.000000, -13.000000, -18.000000, -142.000000, -478.000000
3.450000, -1.143846, -271.420654, 665.618347, 0.000000, 1.000000, -2.000000, -147.000000, -487.000000
3.500000, -14.547931, -276.916321, 671.985962, 20.000000, -14.000000, -4.000000, -150.000000, -480.000000
3.550000, -27.615158, -276.360596, 687.263062, 3.000000, -12.000000, -4.000000, -156.000000, -477.000000
3.600000, 7.947653, -270.875702, 670.873535, 17.000000, -11.000000, -10.000000, -148.000000, -483.000000
3.650000, -8.995752, -276.617188, 682.702881, 15.000000, -17.000000, -9.000000, -150.000000, -472.000000
3.700000, -11.793983, -275.742981, 684.331238, 0.000000, 0.000000, -2.000000, -145.000000, -477.000000
3.750000, 7.000378, -271.933624, 672.062195, 19.000000, -16.000000, -15.000000, -145.000000, -471.000000
3.800000, -2.810449, -274.838776, 680.661438, -21.000000, 12.000000, -13.000000, -153.000000, -477.000000
3.850000, -0.306447, -275.925964, 676.653687, 1.000000, -6.000000, 28.000000, -151.000000, -481.000000
3.900000, -11.463284, -277.261932, 698.285461, -2.000000, -9.000000, -9.000000, -145.000000, -477.000000
3.950000, -12.869383, -278.702454, 706.116455, -26.000000, -12.000000, -9.000000, -144.000000, -477.000000
4.000000, 4.865469, -280.597412, 696.906860, -47.000000, -19.000000, 14.000000, -142.000000, -472.000000
4.050000, -28.942551, -290.568787, 683.269165, -28.000000, -17.000000, 16.000000, -142.000000, -483.000000
4.100000, -59.306519, -293.296326, 645.024170, -11.000000, -23.000000, 11.000000, -145.000000, -477.000000
4.150000, -8.309568, -275.203247, 672.434448, 15.000000, -3.000000, -19.000000, -147.000000, -480.000000
4.200000, 18.547890, -273.073364, 682.590881, 19.000000, -5.000000, -2.000000, -145.000000, -480.000000
4.250000, -4.909910, -285.418671, 662.059265, 13.000000, 8.000000, -7.000000, -142.000000, -474.000000
4.300000, 10.825548, -278.925598, 679.134521, 11.000000, 4.000000, 2.000000, -142.000000, -472.000000
4.350000, -4.896780, -275.073090, 638.892090, 58.000000, 7.000000, 20.000000, -147.000000, -478.000000
4.400000, -6.873425, -261.271088, 597.728516, 141.000000, -2.000000, 54.000000, -147.000000, -475.000000
4.450000, 59.146694, -229.274368, 531.544067, 496.000000, -210.000000, 290.000000, -144.000000, -480.000000
4.500000, 63.136711, -194.217819, 436.014648, 938.000000, -328.000000, 509.000000, -151.000000, -471.000000
4.550000, 28.436827, -114.045280, 490.190369, 1285.000000, -403.000000, 738.000000, -156.000000, -466.000000
4.600000, -62.032795, -31.071470, 691.012878, 1375.000000, -332.000000, 574.000000, -169.000000, -459.000000
4.650000, -214.160828, -9.149728, 832.172119, 1073.000000, 90.000000, 329.000000, -169.000000, -456.000000
4.700000, -194.819977, 44.661190, 832.568054, 789.000000, 165.000000, -350.000000, -189.000000, -459.000000
4.750000, -17.779327, 156.054428, 953.494507, 459.000000, 356.000000, -345.000000, -198.000000, -472.000000
4.800000, 33.904568, 190.755188, 1017.790527, 277.000000, 247.000000, -450.000000, -208.000000, -465.000000
4.850000, -36.364174, 156.367767, 918.576416, 41.000000, 229.000000, -302.000000, -219.000000, -471.000000
4.900000, -49.692493, 166.185883, 1107.556152, -427.000000, 319.000000, -243.000000, -223.000000, -474.000000
4.950000, -23.258856, 169.585007, 1155.761353, -734.000000, 479.000000, -260.000000, -207.000000, -457.000000
5.000000, -72.836594, 97.369026, 883.912842, -801.000000, 293.000000, -130.000000, -211.000000, -448.000000
5.050000, -182.983124, 20.546902, 840.531799, -809.000000, 130.000000, -273.000000, -199.000000, -450.000000
5.100000, -171.714783, -13.742476, 810.451965, -829.000000, 65.000000, -93.000000, -181.000000, -438.000000
5.150000, -107.263939, -54.291370, 691.638611, -779.000000, -11.000000, -305.000000, -178.000000, -438.000000
5.200000, -159.155197, -111.505829, 604.690552, -802.000000, 125.000000, -226.000000, -163.000000, -444.000000
5.250000, -176.825638, -162.286804, 493.846924, -592.000000, 100.000000, -247.000000, -145.000000, -442.000000
5.300000, -105.000397, -194.851639, 459.713287, -387.000000, 31.000000, -275.000000, -150.000000, -445.000000
5.350000, -64.992676, -203.491653, 446.745300, -224.000000, 15.000000, -276.000000, -148.000000, -442.000000
5.400000, -119.990982, -238.153244, 457.588257, 30.000000, -98.000000, -250.000000, -135.000000, -435.000000
5.450000, -104.664543, -250.032349, 460.102631, 209.000000, -224.000000, -283.000000, -151.000000, -448.000000
5.500000, 55.973984, -199.446243, 430.192413, 364.000000, -207.000000, -190.000000, -154.000000, -454.000000
5.550000, 63.888664, -181.085724, 472.093323, 623.000000, -359.000000, -238.000000, -159.000000, -462.000000
5.600000, 38.169319, -147.582413, 545.392395, 647.000000, -326.000000, -341.000000, -192.000000, -478.000000
5.650000, 133.370239, -88.980118, 605.196533, 508.000000, 71.000000, -192.000000, -193.000000, -469.000000
5.700000, 84.530807, -85.431625, 589.249817, 660.000000, 16.000000, 31.000000, -201.000000, -484.000000
5.750000, -25.261372, -102.896461, 732.145264, 391.000000, 67.000000, -116.000000, -208.000000, -478.000000
5.800000, 52.622627, -74.976982, 871.814697, 564.000000, 57.000000, 0.000000, -223.000000, -484.000000
5.850000, 147.753387, -15.505683, 742.491211, 789.000000, -183.000000, 243.000000, -235.000000, -490.000000
5.900000, -126.518227, -68.700974, 958.215393, 379.000000, -16.000000, 168.000000, -237.000000, -489.000000
5.950000, -293.328186, -100.232079, 1129.762207, 250.000000, -158.000000, -49.000000, -247.000000, -487.000000
6.000000, 13.172333, 17.214523, 889.062744, -8.000000, -4.000000, -30.000000, -246.000000, -492.000000
6.050000, -19.578537, 17.798489, 846.946045, -146.000000, 25.000000, -83.000000, -253.000000, -495.000000
6.100000, -146.730255, -27.116199, 714.261230, -161.000000, 90.000000, -42.000000, -246.000000, -480.000000
6.150000, 15.756218, 5.373407, 613.363892, -25.000000, -16.000000, 0.000000, -246.000000, -484.000000
6.200000, -83.515381, -16.436960, 742.767090, -107.000000, 35.000000, -14.000000, -238.000000, -489.000000
6.250000, -106.537109, -24.263517, 680.805176, -36.000000, 0.000000, -105.000000, -240.000000, -490.000000
6.300000, -40.208084, -14.240064, 677.714417, -47.000000, 16.000000, -31.000000, -235.000000, -481.000000
6.350000, -88.460022, -12.156082, 718.587341, -22.000000, -21.000000, -99.000000, -246.000000, -486.000000
6.400000, -11.796783, -0.505873, 732.938477, -58.000000, -16.000000, 44.000000, -237.000000, -486.000000
6.450000, -43.566727, -15.373411, 762.515503, -63.000000, -8.000000, -19.000000, -241.000000, -484.000000
6.500000, -38.792061, -15.664864, 660.615417, -8.000000, -56.000000, 44.000000, -238.000000, -483.000000
6.550000, -18.304092, -22.970551, 704.522949, -53.000000, -4.000000, -3.000000, -243.000000, -484.000000
6.600000, -96.292633, -34.634026, 748.685303, 9.000000, -42.000000, 58.000000, -243.000000, -481.000000
6.650000, -8.362614, -26.243568, 688.637329, -37.000000, 32.000000, -16.000000, -231.000000, -486.000000
6.700000, -18.082047, -30.447111, 751.212830, 48.000000, -25.000000, -22.000000, -238.000000, -484.000000
6.750000, -76.211243, -25.924789, 750.284424, 5.000000, -9.000000, 30.000000, -231.000000, -490.000000
6.800000, -41.485039, -33.347485, 740.733521, -20.000000, 6.000000, -35.000000, -237.000000, -486.000000
6.850000, -54.554058, -36.153976, 743.042114, -16.000000, -17.000000, -5.000000, -241.000000, -493.000000
6.900000, -23.225582, -22.024288, 702.197632, -70.000000, 28.000000, -30.000000, -240.000000, -483.000000
6.950000, -52.187084, -38.044395, 721.519348, 2.000000, 7.000000, 3.000000, -231.000000, -480.000000
7.000000, -63.380508, -40.060402, 712.277283, -7.000000, -8.000000, -18.000000, -228.000000, -486.000000
7.050000, -29.128101, -35.525410, 737.004761, -14.000000, -2.000000, 27.000000, -237.000000, -483.000000
7.100000, -57.454468, -39.860806, 748.077393, -11.000000, -2.000000, -24.000000, -229.000000, -487.000000
7.150000, -15.879461, -30.596230, 709.383789, 37.000000, -42.000000, -11.000000, -234.000000, -490.000000
7.200000, -36.139839, -39.276440, 741.211975, -4.000000, -10.000000, -22.000000, -231.000000, -490.000000
7.250000, -60.492294, -39.307964, 721.104492, 13.000000, -25.000000, 4.000000, -228.000000, -483.000000
7.300000, 0.163109, -30.087345, 704.492615, 27.000000, -22.000000, -25.000000, -234.000000, -483.000000
7.350000, -18.243900, -34.531212, 734.303955, 18.000000, -4.000000, -13.000000, -237.000000, -486.000000
7.400000, -29.591637, -33.732002, 732.507568, 7.000000, 0.000000, -7.000000, -231.000000, -484.000000
7.450000, -44.358246, -41.032681, 743.261169, 16.000000, -9.000000, -5.000000, -235.000000, -486.000000
7.500000, -59.151405, -42.683716, 727.128784, 7.000000, -30.000000, -23.000000, -228.000000, -489.000000
7.550000, -37.089073, -36.077919, 724.379639, 0.000000, -1.000000, -29.000000, -226.000000, -489.000000
7.600000, -44.569111, -34.559006, 719.588684, 9.000000, -11.000000, 24.000000, -235.000000, -492.000000
7.650000, -34.505402, -36.162529, 697.908997, 6.000000, -11.000000, 0.000000, -235.000000, -490.000000
7.700000, -53.444984, -43.988037, 725.351074, 28.000000, -17.000000, 8.000000, -240.000000, -492.000000
7.750000, -46.476871, -32.506435, 716.442505, 10.000000, -3.000000, -8.000000, -240.000000, -495.000000
7.800000, -12.075588, -28.260218, 726.278259, 40.000000, -17.000000, 6.000000, -229.000000, -492.000000
7.850000, -52.230164, -43.030251, 757.204468, -6.000000, 0.000000, -5.000000, -232.000000, -486.000000
7.900000, -43.047188, -39.271255, 729.809143, 7.000000, -14.000000, -18.000000, -228.000000, -489.000000
7.950000, -22.933540, -37.327816, 735.001038, 0.000000, -4.000000, -28.000000, -232.000000, -490.000000
8.000000, -43.112881, -35.833164, 727.662903, -25.000000, 5.000000, -4.000000, -234.000000, -487.000000
8.050000, -44.453873, -33.769218, 709.150085, -6.000000, -8.000000, -21.000000, -238.000000, -492.000000
8.100000, -38.759235, -36.875923, 732.930969, 11.000000, -16.000000, 2.000000, -229.000000, -484.000000
8.150000, -12.371657, -31.788197, 712.980347, -4.000000, 4.000000, 21.000000, -235.000000, -493.000000
8.200000, -45.537430, -40.999912, 710.834778, 9.000000, -6.000000, 16.000000, -228.000000, -481.000000
8.250000, -75.411972, -45.214062, 751.559692, 8.000000, -28.000000, -12.000000, -232.000000, -492.000000
8.300000, -24.242981, -34.532898, 735.820435, 9.000000, -6.000000, 9.000000, -234.000000, -493.000000
8.350000, -27.149019, -37.901287, 719.026733, 8.000000, -17.000000, -23.000000, -232.000000, -495.000000
8.400000, -48.563053, -42.530033, 734.927612, -2.000000, -8.000000, -9.000000, -232.000000, -495.000000
8.450000, -37.078773, -41.885929, 728.154053, -1.000000, -2.000000, -19.000000, -228.000000, -489.000000
8.500000, -38.078621, -37.435837, 719.692810, 9.000000, -21.000000, -28.000000, -234.000000, -483.000000
8.550000, -31.023853, -34.749588, 720.737122, 11.000000, 5.000000, 16.000000, -240.000000, -489.000000
8.600000, -38.041672, -42.428749, 725.576355, 5.000000, -3.000000, -4.000000, -237.000000, -489.000000
8.650000, -54.802193, -46.850506, 735.265808, 8.000000, -5.000000, 5.000000, -225.000000, -486.000000
8.700000, -40.723087, -39.544498, 727.138855, 5.000000, -9.000000, -11.000000, -231.000000, -489.000000
8.750000, -29.992493, -34.784122, 724.188416, 2.000000, -11.000000, -10.000000, -231.000000, -492.000000
8.800000, -43.937656, -41.654881, 725.908447, -4.000000, -8.000000, -4.000000, -229.000000, -490.000000
8.850000, -42.976486, -39.896370, 709.091919, -29.000000, 9.000000, -23.000000, -229.000000, -483.000000
8.900000, -26.576229, -37.059177, 705.144958, 7.000000, -16.000000, -21.000000, -235.000000, -496.000000
8.950000, -31.777596, -45.169205, 727.953064, 9.000000, 0.000000, 12.000000, -232.000000, -486.000000
9.000000, -45.027542, -44.047504, 746.782837, 15.000000, -18.000000, -10.000000, -229.000000, -492.000000
9.050000, -43.777191, -41.516685, 734.734863, 9.000000, -16.000000, -9.000000, -232.000000, -492.000000
9.100000, -43.930763, -43.782364, 724.701294, 11.000000, -21.000000, -21.000000, -237.000000, -487.000000
9.150000, -47.218933, -44.657127, 721.621033, 7.000000, -22.000000, -19.000000, -234.000000, -489.000000
