Sample Time, Accel_x, Accel_y, Accel_z, Gyro_x, Gyro_y, Gyro_z, Magneto_x, Magneto_y, Magneto_z
0.000000, 9.393990, -160.872086, 257.160461, 11.000000, 0.000000, -9.000000, -157.000000, -192.000000
0.050000, 35.161201, -463.170593, 749.962158, 19.000000, -34.000000, -6.000000, -163.000000, -193.000000
0.100000, 47.100792, -449.840302, 741.302002, 11.000000, 0.000000, 12.000000, -160.000000, -195.000000
0.150000, 30.733158, -299.902710, 485.613037, 6.000000, -9.000000, 2.000000, -157.000000, -195.000000
0.200000, 19.547150, -406.425476, 638.522339, 7.000000, -18.000000, -15.000000, -162.000000, -189.000000
0.250000, 13.099493, -408.556274, 660.129761, 13.000000, -4.000000, 15.000000, -163.000000, -187.000000
0.300000, 14.481194, -349.090210, 578.330017, 25.000000, -25.000000, -15.000000, -154.000000, -195.000000
0.350000, 12.981771, -403.691803, 644.525513, -10.000000, 7.000000, 11.000000, -160.000000, -184.000000
0.400000, -18.022133, -384.061249, 577.528931, 14.000000, -14.000000, -4.000000, -163.000000, -192.000000
0.450000, 8.106030, -385.154419, 597.830750, 7.000000, -2.000000, -9.000000, -159.000000, -187.000000
0.500000, 60.782970, -379.615936, 639.811462, 0.000000, 2.000000, -13.000000, -160.000000, -192.000000
0.550000, 32.477772, -372.268433, 608.587280, 24.000000, -19.000000, -16.000000, -160.000000, -195.000000
0.600000, 1.597633, -400.816895, 635.184082, 15.000000, -7.000000, 16.000000, -160.000000, -189.000000
0.650000, 3.327371, -372.090607, 602.873474, 11.000000, -4.000000, -4.000000, -165.000000, -190.000000
0.700000, 16.155825, -388.212708, 619.879028, 6.000000, -13.000000, -11.000000, -159.000000, -190.000000
0.750000, 17.056396, -388.358887, 627.755493, 19.000000, -11.000000, 0.000000, -166.000000, -184.000000
0.800000, 10.455217, -369.375427, 593.136047, 8.000000, -19.000000, -13.000000, -159.000000, -186.000000
0.850000, 32.057350, -393.254425, 613.629150, 14.000000, -11.000000, -13.000000, -160.000000, -193.000000
0.900000, 21.493963, -371.044678, 600.424805, 29.000000, -22.000000, -6.000000, -153.000000, -196.000000
0.950000, 35.365242, -372.425598, 628.931458, 19.000000, -15.000000, -27.000000, -160.000000, -187.000000
1.000000, 56.235954, -380.090637, 638.850220, 16.000000, -11.000000, -6.000000, -154.000000, -192.000000
1.050000, -2.086882, -374.800354, 617.541809, -4.000000, -4.000000, 0.000000, -159.000000, -192.000000
1.100000, 6.091444, -389.340393, 625.645325, 9.000000, 0.000000, -9.000000, -160.000000, -193.000000
1.150000, 37.003525, -372.153687, 589.391418, 21.000000, -11.000000, -16.000000, -165.000000, -195.000000
1.200000, 21.464453, -375.855927, 611.240356, 47.000000, -46.000000, -19.000000, -159.000000, -190.000000
1.250000, 50.114399, -376.621155, 615.882874, 18.000000, 4.000000, 6.000000, -159.000000, -184.000000
1.300000, 47.455246, -365.748749, 616.862061, 14.000000, -12.000000, 2.000000, -157.000000, -189.000000
1.350000, 8.968065, -385.889069, 667.788696, 12.000000, -20.000000, 4.000000, -168.000000, -181.000000
1.400000, 9.262786, -376.861725, 612.150391, 9.000000, -4.000000, 19.000000, -159.000000, -192.000000
1.450000, 34.096901, -366.072266, 614.264648, 15.000000, -6.000000, -12.000000, -153.000000, -189.000000
1.500000, 34.967461, -371.284912, 638.710266, 0.000000, 14.000000, 9.000000, -157.000000, -192.000000
1.550000, 2.054760, -372.568481, 594.995117, 25.000000, 20.000000, 0.000000, -163.000000, -195.000000
1.600000, 20.139576, -375.175018, 631.656494, 19.000000, -2.000000, 0.000000, -154.000000, -193.000000
1.650000, 45.334919, -368.141357, 645.597778, 1.000000, 0.000000, -21.000000, -157.000000, -187.000000
1.700000, 19.019274, -375.949310, 638.582153, 15.000000, -8.000000, -9.000000, -157.000000, -189.000000
1.750000, 9.234719, -376.317139, 640.193359, 21.000000, -7.000000, -4.000000, -153.000000, -181.000000
1.800000, 12.189730, -369.188110, 631.027832, 0.000000, 0.000000, -3.000000, -157.000000, -189.000000
1.850000, 26.435843, -373.830902, 626.808838, -7.000000, -1.000000, -5.000000, -160.000000, -189.000000
1.900000, 23.975073, -366.306610, 592.633423, 16.000000, -7.000000, 5.000000, -162.000000, -186.000000
1.950000, 12.503723, -372.414001, 633.395508, 9.000000, 6.000000, -2.000000, -160.000000, -189.000000
2.000000, 43.515640, -371.718933, 657.918457, 23.000000, -41.000000, -16.000000, -160.000000, -183.000000
2.050000, 32.417229, -364.367615, 614.169128, 3.000000, -11.000000, 6.000000, -165.000000, -183.000000
2.100000, 22.091000, -375.660522, 631.119446, 19.000000, -27.000000, -21.000000, -148.000000, -187.000000
2.150000, 33.605820, -366.831055, 633.182312, 19.000000, -11.000000, 19.000000, -159.000000, -189.000000
2.200000, 1.286354, -368.901978, 630.812988, 35.000000, -38.000000, -25.000000, -162.000000, -190.000000
2.250000, 32.440693, -375.861908, 637.537964, 36.000000, -32.000000, -4.000000, -154.000000, -187.000000
2.300000, 51.546753, -363.938141, 635.572937, 6.000000, -20.000000, -9.000000, -165.000000, -187.000000
2.350000, 8.552227, -371.557678, 643.045776, 0.000000, -6.000000, 10.000000, -165.000000, -187.000000
2.400000, 21.723577, -373.841675, 613.043152, 5.000000, -10.000000, -11.000000, -162.000000, -190.000000
2.450000, 19.235306, -369.214142, 623.308228, 10.000000, 1.000000, -1.000000, -165.000000, -193.000000
2.500000, 14.712630, -367.537720, 644.808411, -7.000000, -6.000000, -11.000000, -160.000000, -186.000000
2.550000, 49.372921, -361.860199, 632.886230, -4.000000, 6.000000, -25.000000, -154.000000, -184.000000
2.600000, 58.475273, -367.879517, 648.053345, 8.000000, 21.000000, -1.000000, -159.000000, -190.000000
2.650000, 36.519836, -365.721771, 636.064514, -14.000000, 28.000000, -12.000000, -160.000000, -187.000000
2.700000, 3.448885, -356.631287, 646.436523, -4.000000, -7.000000, 10.000000, -162.000000, -190.000000
2.750000, -5.219243, -345.473267, 640.865601, -16.000000, -23.000000, 23.000000, -157.000000, -190.000000
2.800000, -21.096308, -316.760681, 530.474243, -60.000000, -26.000000, 156.000000, -169.000000, -189.000000
2.850000, -17.981411, -280.044586, 500.794830, 254.000000, -247.000000, 114.000000, -160.000000, -184.000000
2.900000, 17.497080, -254.849579, 522.341431, 230.000000, -185.000000, 339.000000, -169.000000, -184.000000
2.950000, 22.284218, -263.461426, 455.597870, 574.000000, -186.000000, 315.000000, -163.000000, -184.000000
3.000000, -34.391998, -321.589020, 532.374023, 844.000000, -305.000000, 232.000000, -171.000000, -181.000000
3.050000, -163.820328, -373.479218, 722.198853, 851.000000, -161.000000, -68.000000, -168.000000, -181.000000
3.100000, -173.755508, -315.288483, 801.624573, 882.000000, -263.000000, -260.000000, -165.000000, -198.000000
3.150000, -38.625023, -192.414886, 903.139771, 553.000000, -35.000000, -408.000000, -160.000000, -198.000000
3.200000, 68.358826, -108.026070, 895.643005, 241.000000, 181.000000, -399.000000, -156.000000, -208.000000
3.250000, 117.061531, -82.909592, 823.867859, 34.000000, 410.000000, -320.000000, -144.000000, -216.000000
3.300000, 136.899292, -105.887146, 983.873779, -179.000000, 389.000000, -224.000000, -142.000000, -213.000000
3.350000, 162.053726, -121.608902, 1017.734314, -352.000000, 441.000000, -149.000000, -141.000000, -207.000000
3.400000, 34.888596, -158.489227, 877.992920, -494.000000, 513.000000, 7.000000, -150.000000, -207.000000
3.450000, -58.718048, -203.462921, 832.211609, -537.000000, 418.000000, -119.000000, -145.000000, -195.000000
3.500000, 18.069565, -190.326431, 742.115601, -515.000000, 303.000000, -126.000000, -141.000000, -186.000000
3.550000, -70.443054, -191.849564, 577.593140, -487.000000, 300.000000, -202.000000, -111.000000, -180.000000
3.600000, -114.766693, -199.113815, 425.417114, -234.000000, 88.000000, -80.000000, -106.000000, -180.000000
3.650000, -90.278809, -202.704758, 420.192261, -102.000000, 100.000000, -197.000000, -100.000000, -187.000000
3.700000, -122.661148, -221.085114, 467.048950, 16.000000, 75.000000, -119.000000, -91.000000, -190.000000
3.750000, -72.049110, -210.379013, 429.562256, 200.000000, -174.000000, -211.000000, -87.000000, -198.000000
3.800000, -101.515770, -219.311157, 478.376801, 255.000000, -144.000000, -258.000000, -91.000000, -208.000000
3.850000, 25.486374, -211.162140, 519.537720, 366.000000, -247.000000, -189.000000, -88.000000, -219.000000
3.900000, 154.192413, -181.930389, 516.276611, 373.000000, -98.000000, -256.000000, -94.000000, -228.000000
3.950000, 21.452232, -195.267151, 591.522827, 484.000000, -231.000000, -37.000000, -93.000000, -234.000000
4.000000, 58.020180, -170.173492, 635.564758, 496.000000, -225.000000, -151.000000, -108.000000, -255.000000
4.050000, 76.659027, -146.876404, 656.049561, 529.000000, -224.000000, 13.000000, -118.000000, -246.000000
4.100000, 53.734383, -160.617935, 762.180176, 506.000000, -196.000000, 19.000000, -132.000000, -250.000000
4.150000, 80.311333, -149.933441, 944.057678, 432.000000, -225.000000, 74.000000, -136.000000, -253.000000
4.200000, -9.049812, -126.252975, 1001.757446, 251.000000, -63.000000, 41.000000, -142.000000, -253.000000
4.250000, 37.206711, -70.024643, 900.113159, 100.000000, -32.000000, 69.000000, -148.000000, -250.000000
4.300000, 33.910355, -50.139885, 822.216248, -5.000000, 26.000000, 41.000000, -145.000000, -255.000000
4.350000, -15.378036, -78.245712, 726.618103, 4.000000, 28.000000, 39.000000, -135.000000, -247.000000
4.400000, 32.938217, -70.048470, 705.025696, 9.000000, 42.000000, 27.000000, -142.000000, -252.000000
4.450000, -20.040495, -77.104729, 764.693481, 0.000000, -4.000000, 0.000000, -136.000000, -249.000000
4.500000, -8.070226, -83.078972, 730.258850, -24.000000, -40.000000, -43.000000, -147.000000, -246.000000
4.550000, 10.831867, -67.419289, 725.231201, -42.000000, -25.000000, -35.000000, -145.000000, -255.000000
4.600000, 17.886402, -73.532837, 723.291138, -35.000000, -58.000000, -22.000000, -154.000000, -252.000000
4.650000, 35.736221, -83.677811, 715.131470, -48.000000, -30.000000, -18.000000, -144.000000, -241.000000
4.700000, -21.467571, -89.623703, 752.779907, -73.000000, -1.000000, -9.000000, -145.000000, -247.000000
4.750000, 30.794847, -86.595444, 715.115784, -38.000000, 13.000000, -7.000000, -145.000000, -256.000000
4.800000, 20.195023, -95.424797, 705.624512, -21.000000, -45.000000, -16.000000, -136.000000, -249.000000
4.850000, -22.575462, -104.509209, 729.209900, -27.000000, 21.000000, -11.000000, -139.000000, -244.000000
4.900000, 42.379589, -94.657303, 716.729614, -22.000000, -4.000000, -11.000000, -142.000000, -253.000000
4.950000, 20.680445, -101.659592, 717.594788, -3.000000, -16.000000, -2.000000, -132.000000, -252.000000
5.000000, 21.122845, -102.538765, 709.959229, -22.000000, -2.000000, 0.000000, -141.000000, -247.000000
5.050000, 14.581783, -95.656914, 730.020752, -21.000000, -42.000000, 11.000000, -139.000000, -244.000000
5.100000, -1.852985, -102.642471, 720.353027, -18.000000, -18.000000, -32.000000, -144.000000, -252.000000
5.150000, 53.087555, -102.316925, 690.093140, 6.000000, 6.000000, 32.000000, -133.000000, -256.000000
5.200000, 25.620573, -97.452988, 723.627808, 5.000000, -7.000000, -13.000000, -141.000000, -250.000000
5.250000, 17.099127, -100.417557, 728.653076, 10.000000, -17.000000, 7.000000, -135.000000, -246.000000
5.300000, 23.556667, -105.845360, 717.588867, 0.000000, 2.000000, -4.000000, -141.000000, -256.000000
5.350000, -13.643484, -101.211670, 723.472534, 3.000000, -32.000000, -4.000000, -136.000000, -249.000000
5.400000, 27.458260, -100.974937, 724.403198, 0.000000, 5.000000, 6.000000, -141.000000, -246.000000
5.450000, 43.860344, -105.244499, 723.416382, 1.000000, -4.000000, -13.000000, -129.000000, -256.000000
5.500000, 14.741707, -100.400482, 716.576965, 3.000000, -4.000000, 11.000000, -136.000000, -249.000000
5.550000, 13.907555, -106.806229, 731.644653, -14.000000, 1.000000, -2.000000, -130.000000, -255.000000
5.600000, 23.521767, -111.167244, 711.635254, 7.000000, -8.000000, 4.000000, -136.000000, -247.000000
5.650000, 36.664207, -103.559349, 703.422485, 16.000000, 40.000000, 31.000000, -138.000000, -244.000000
5.700000, 14.004354, -98.558548, 746.437195, 5.000000, 9.000000, 21.000000, -132.000000, -252.000000
5.750000, 4.524731, -98.939751, 714.411072, 4.000000, 10.000000, 27.000000, -141.000000, -247.000000
5.800000, 2.138088, -113.270042, 697.818542, 4.000000, -11.000000, -4.000000, -138.000000, -240.000000
5.850000, -14.185202, -111.727348, 723.800964, -2.000000, -4.000000, 3.000000, -138.000000, -250.000000
5.900000, 26.907248, -100.617950, 701.251709, 7.000000, -26.000000, -44.000000, -138.000000, -247.000000
5.950000, 35.667633, -112.464722, 717.248718, 24.000000, 2.000000, 23.000000, -133.000000, -240.000000
6.000000, 7.024771, -105.351364, 747.744263, 9.000000, 5.000000, -7.000000, -138.000000, -244.000000
6.050000, 14.557431, -93.657349, 732.770447, 0.000000, -4.000000, 18.000000, -142.000000, -244.000000
6.100000, 3.824493, -106.590302, 718.335022, -4.000000, 5.000000, 1.000000, -145.000000, -247.000000
6.150000, -7.671289, -107.729919, 726.614014, 11.000000, -2.000000, 20.000000, -141.000000, -247.000000
6.200000, -4.955835, -106.611336, 728.983826, 0.000000, 0.000000, -11.000000, -138.000000, -250.000000
6.250000, 13.695221, -104.768410, 708.256226, 9.000000, -10.000000, 9.000000, -139.000000, -243.000000
6.300000, 25.379723, -100.130447, 717.048340, 2.000000, 5.000000, 0.000000, -136.000000, -246.000000
6.350000, -5.245769, -110.375053, 725.783203, 4.000000, -21.000000, -5.000000, -145.000000, -241.000000
6.400000, -3.801473, -109.863297, 724.252319, 11.000000, 7.000000, -6.000000, -142.000000, -247.000000
6.450000, 18.914673, -105.092377, 737.387085, -7.000000, -21.000000, -27.000000, -139.000000, -246.000000
6.500000, 18.047606, -106.044312, 717.700195, 7.000000, 0.000000, 5.000000, -135.000000, -240.000000
6.550000, 7.886414, -102.523575, 722.782776, 14.000000, 0.000000, 7.000000, -138.000000, -247.000000
6.600000, 6.705785, -108.313286, 739.629395, -2.000000, 0.000000, -7.000000, -145.000000, -249.000000
6.650000, 22.732038, -107.997673, 716.815552, 3.000000, 4.000000, -16.000000, -136.000000, -247.000000
6.700000, 14.558805, -101.762039, 716.413391, 10.000000, -4.000000, 0.000000, -141.000000, -241.000000
6.750000, 11.311337, -105.645126, 719.238770, 2.000000, 0.000000, -4.000000, -141.000000, -240.000000
6.800000, 11.042824, -106.000496, 721.947144, 2.000000, -1.000000, 8.000000, -138.000000, -244.000000
6.850000, -5.900017, -103.923134, 720.871765, 8.000000, -2.000000, -2.000000, -142.000000, -240.000000
6.900000, 0.848964, -108.292763, 704.992188, 1.000000, 10.000000, -15.000000, -145.000000, -250.000000
6.950000, -7.010012, -112.180893, 722.285400, 23.000000, -9.000000, -18.000000, -133.000000, -240.000000
7.000000, 1.964983, -104.776329, 734.400513, 4.000000, -1.000000, -14.000000, -142.000000, -241.000000
7.050000, 25.591688, -103.136887, 721.234436, 4.000000, -5.000000, 0.000000, -145.000000, -238.000000
7.100000, 9.424539, -111.956421, 712.761292, -1.000000, -11.000000, -4.000000, -141.000000, -246.000000
7.150000, 7.573348, -108.502518, 727.483765, -6.000000, -4.000000, 16.000000, -138.000000, -244.000000
7.200000, 4.828125, -106.016441, 747.667297, 0.000000, 9.000000, 37.000000, -141.000000, -243.000000
7.250000, 5.539126, -106.247025, 726.640930, -6.000000, 0.000000, -4.000000, -139.000000, -244.000000
7.300000, 17.789783, -105.131996, 712.700562, 0.000000, -7.000000, 8.000000, -144.000000, -244.000000
7.350000, -4.497861, -114.560059, 719.191528, 2.000000, 4.000000, -9.000000, -141.000000, -243.000000
7.400000, -11.394573, -110.355499, 722.596863, -7.000000, -4.000000, 2.000000, -144.000000, -246.000000
7.450000, 15.400444, -101.436928, 728.712219, -16.000000, -4.000000, -20.000000, -138.000000, -246.000000
7.500000, 26.327549, -112.103363, 712.984497, 0.000000, -34.000000, -34.000000, -139.000000, -244.000000
7.550000, 9.661879, -112.385498, 712.203796, -4.000000, 11.000000, 2.000000, -142.000000, -246.000000
7.600000, -0.294921, -108.351913, 723.011841, 4.000000, -14.000000, -4.000000, -136.000000, -241.000000
7.650000, 4.138696, -116.213982, 714.864746, 15.000000, -9.000000, -1.000000, -138.000000, -240.000000
7.700000, 8.999842, -109.786980, 724.268066, 7.000000, -2.000000, -4.000000, -141.000000, -241.000000
7.750000, 11.368437, -109.228363, 733.687927, 3.000000, -14.000000, -11.000000, -132.000000, -243.000000
7.800000, -0.949502, -120.424484, 728.178223, 4.000000, 9.000000, -2.000000, -135.000000, -244.000000
7.850000, 13.486336, -111.103943, 725.694641, -6.000000, 4.000000, -11.000000, -138.000000, -241.000000
7.900000, 30.442650, -109.639832, 719.370422, 0.000000, -6.000000, -23.000000, -144.000000, -243.000000
7.950000, 3.153518, -117.551613, 704.488953, 3.000000, 0.000000, 3.000000, -142.000000, -238.000000
8.000000, 0.036399, -112.084633, 712.246338, 27.000000, -9.000000, -2.000000, -142.000000, -238.000000
8.050000, 10.828745, -114.949615, 742.477661, -5.000000, -11.000000, -8.000000, -144.000000, -240.000000
8.100000, 3.317799, -117.766472, 728.962891, -5.000000, -20.000000, -19.000000, -136.000000, -240.000000
8.150000, 0.234452, -115.964005, 706.510986, 1.000000, -7.000000, 0.000000, -138.000000, -241.000000
