Sample Time, Accel_x, Accel_y, Accel_z, Gyro_x, Gyro_y, Gyro_z, Magneto_x, Magneto_y, Magneto_z
0.000000, -9.100429, -155.294403, 259.802551, 2.000000, -14.000000, -7.000000, -126.000000, -204.000000
0.050000, -16.696377, -447.293335, 754.979980, 2.000000, -20.000000, 16.000000, -135.000000, -193.000000
0.100000, 3.039851, -437.149139, 738.233704, 4.000000, -4.000000, -1.000000, -126.000000, -202.000000
0.150000, 8.441426, -295.471863, 489.865021, 11.000000, -11.000000, 0.000000, -132.000000, -198.000000
0.200000, -11.687251, -393.803223, 671.395508, 4.000000, -3.000000, -22.000000, -132.000000, -201.000000
0.250000, -2.360940, -393.061157, 673.347351, 4.000000, -11.000000, -3.000000, -135.000000, -201.000000
0.300000, 6.777809, -344.170776, 557.086853, 21.000000, -9.000000, -3.000000, -129.000000, -202.000000
0.350000, -11.833966, -394.833496, 656.568909, 5.000000, -13.000000, 0.000000, -126.000000, -198.000000
0.400000, -20.217100, -363.332092, 624.395142, 1.000000, -12.000000, 7.000000, -132.000000, -204.000000
0.450000, -3.156071, -374.924042, 633.610840, 28.000000, -18.000000, -24.000000, -124.000000, -205.000000
0.500000, 15.933573, -379.646790, 658.926941, 16.000000, -13.000000, -7.000000, -127.000000, -201.000000
0.550000, 6.784189, -356.410522, 628.155212, 2.000000, -11.000000, 7.000000, -130.000000, -201.000000
0.600000, -8.208814, -383.879150, 652.239197, 4.000000, -10.000000, -23.000000, -130.000000, -195.000000
0.650000, -11.173687, -363.822662, 597.482300, -9.000000, 6.000000, 4.000000, -129.000000, -202.000000
0.700000, -5.762510, -369.676666, 629.067871, 16.000000, -11.000000, -17.000000, -136.000000, -196.000000
0.750000, 1.473952, -373.664490, 657.307068, 9.000000, -4.000000, 2.000000, -132.000000, -205.000000
0.800000, -12.100876, -363.333160, 605.502075, 3.000000, -2.000000, -6.000000, -132.000000, -201.000000
0.850000, -4.752684, -382.938690, 647.079346, 14.000000, -10.000000, -10.000000, -130.000000, -205.000000
0.900000, 9.401454, -367.740875, 630.602783, 15.000000, -14.000000, -11.000000, -126.000000, -204.000000
0.950000, -12.901447, -377.326569, 624.128479, 5.000000, 0.000000, -6.000000, -126.000000, -201.000000
1.000000, -6.796909, -377.561676, 648.005371, 1.000000, -16.000000, -8.000000, -138.000000, -198.000000
1.050000, 2.132528, -365.803711, 610.187012, -6.000000, 0.000000, -9.000000, -130.000000, -199.000000
1.100000, -10.517762, -382.833405, 631.625122, 4.000000, -11.000000, -6.000000, -132.000000, -198.000000
1.150000, -3.569003, -368.881073, 633.693848, 7.000000, -5.000000, -8.000000, -130.000000, -202.000000
1.200000, -10.903553, -375.845520, 620.466797, 3.000000, -5.000000, -7.000000, -127.000000, -202.000000
1.250000, 0.886709, -373.904053, 634.603516, 10.000000, -10.000000, -18.000000, -132.000000, -205.000000
1.300000, 13.473055, -363.930115, 619.132507, 5.000000, -7.000000, 2.000000, -139.000000, -193.000000
1.350000, -21.107553, -387.061646, 632.651306, 10.000000, -14.000000, -3.000000, -135.000000, -201.000000
1.400000, -5.982687, -372.239746, 628.250061, 7.000000, -8.000000, -11.000000, -127.000000, -201.000000
1.450000, 11.927347, -374.940979, 619.995300, 8.000000, -9.000000, 4.000000, -138.000000, -198.000000
1.500000, -20.726746, -385.232391, 642.250366, 8.000000, -9.000000, -14.000000, -135.000000, -195.000000
1.550000, -14.395370, -371.065826, 625.128052, -9.000000, -7.000000, 3.000000, -126.000000, -193.000000
1.600000, -1.509126, -381.775848, 617.757324, -5.000000, 4.000000, 4.000000, -135.000000, -196.000000
1.650000, -5.487011, -376.468140, 618.830322, 2.000000, -13.000000, -21.000000, -136.000000, -201.000000
1.700000, -1.921682, -375.358429, 611.961853, 2.000000, -14.000000, -4.000000, -129.000000, -199.000000
1.750000, -3.235018, -375.430145, 622.431702, -4.000000, -2.000000, 13.000000, -127.000000, -202.000000
1.800000, -9.930166, -371.240845, 621.044495, 17.000000, -20.000000, 1.000000, -130.000000, -198.000000
1.850000, -26.231888, -390.209320, 623.063110, -4.000000, 15.000000, 9.000000, -139.000000, -204.000000
1.900000, -22.470188, -374.861328, 625.466309, 16.000000, -28.000000, -13.000000, -135.000000, -205.000000
1.950000, -2.198384, -367.782776, 620.621521, -3.000000, 5.000000, 0.000000, -126.000000, -205.000000
2.000000, 5.139072, -381.450073, 626.531616, 12.000000, -17.000000, -14.000000, -135.000000, -201.000000
2.050000, -18.947723, -374.959686, 630.260010, 6.000000, -12.000000, 3.000000, -136.000000, -196.000000
2.100000, -33.791515, -381.125275, 619.585693, 9.000000, -5.000000, -33.000000, -139.000000, -195.000000
2.150000, -3.400523, -377.760925, 612.418579, 7.000000, -2.000000, -1.000000, -135.000000, -196.000000
2.200000, -25.259701, -375.671631, 635.767334, -2.000000, 13.000000, 4.000000, -138.000000, -198.000000
2.250000, -49.795681, -384.510071, 633.524536, -16.000000, 19.000000, 13.000000, -130.000000, -196.000000
2.300000, -30.057518, -383.513336, 604.616211, -18.000000, -12.000000, -76.000000, -135.000000, -198.000000
2.350000, 8.096561, -376.088440, 601.162415, 11.000000, 11.000000, -2.000000, -133.000000, -201.000000
2.400000, 45.501106, -373.940918, 593.485840, 55.000000, 17.000000, 18.000000, -127.000000, -196.000000
2.450000, -34.409973, -400.525391, 635.046814, 39.000000, -7.000000, -31.000000, -132.000000, -198.000000
2.500000, -31.020943, -384.484314, 690.983337, 1.000000, -23.000000, -19.000000, -124.000000, -201.000000
2.550000, 37.741638, -358.887573, 646.795410, -5.000000, -3.000000, -15.000000, -129.000000, -201.000000
2.600000, -28.311142, -392.254700, 599.193115, 1.000000, 10.000000, 9.000000, -127.000000, -201.000000
2.650000, 2.106211, -379.468658, 608.037964, 9.000000, -16.000000, -35.000000, -129.000000, -201.000000
2.700000, 20.724316, -357.024658, 622.786499, 20.000000, -9.000000, 6.000000, -127.000000, -201.000000
2.750000, -29.510441, -378.647491, 617.449219, 25.000000, -13.000000, 3.000000, -129.000000, -202.000000
2.800000, -13.464642, -383.677551, 610.924255, 26.000000, -12.000000, 11.000000, -124.000000, -201.000000
2.850000, -44.874023, -379.773987, 641.374023, 31.000000, -14.000000, -21.000000, -135.000000, -199.000000
2.900000, -20.304232, -377.506500, 648.868103, -7.000000, -4.000000, -42.000000, -136.000000, -202.000000
2.950000, 17.137884, -379.902130, 615.030334, 9.000000, -45.000000, -31.000000, -135.000000, -199.000000
3.000000, 9.655331, -370.517548, 610.676758, 14.000000, 4.000000, 0.000000, -130.000000, -201.000000
3.050000, 11.269123, -368.841370, 629.355835, -7.000000, -8.000000, -24.000000, -129.000000, -198.000000
3.100000, -29.472908, -387.969727, 609.928711, 10.000000, 0.000000, -18.000000, -132.000000, -202.000000
3.150000, -1.338865, -374.949554, 595.505127, 0.000000, -19.000000, -29.000000, -129.000000, -199.000000
3.200000, 1.338978, -375.225159, 632.075134, 1.000000, -9.000000, -28.000000, -129.000000, -196.000000
3.250000, -32.895954, -396.910034, 631.918457, 16.000000, -24.000000, -40.000000, -124.000000, -205.000000
3.300000, 1.491856, -393.169983, 646.794800, -22.000000, -39.000000, -44.000000, -130.000000, -205.000000
3.350000, -34.439354, -390.220093, 686.515137, -87.000000, -88.000000, 14.000000, -127.000000, -208.000000
3.400000, -13.962814, -363.567291, 601.015503, 65.000000, -180.000000, -58.000000, -129.000000, -205.000000
3.450000, 59.435753, -315.634644, 423.974915, 365.000000, -340.000000, 160.000000, -127.000000, -205.000000
3.500000, -38.614136, -295.112152, 308.399841, 648.000000, -424.000000, 124.000000, -133.000000, -211.000000
3.550000, -50.645927, -262.087860, 393.237854, 998.000000, -687.000000, 268.000000, -142.000000, -210.000000
3.600000, 164.819199, -195.019485, 532.919128, 1001.000000, -609.000000, -73.000000, -153.000000, -216.000000
3.650000, 186.613586, -135.784607, 533.649048, 1145.000000, -450.000000, 169.000000, -174.000000, -223.000000
3.700000, 41.338085, -55.484535, 636.100464, 1230.000000, -516.000000, 54.000000, -184.000000, -235.000000
3.750000, 47.797977, 46.465973, 920.570190, 1008.000000, -104.000000, 0.000000, -196.000000, -240.000000
3.800000, 11.809772, 78.743568, 1097.599121, 789.000000, 135.000000, -239.000000, -213.000000, -243.000000
3.850000, -9.683655, 83.332291, 1110.110229, 38.000000, 458.000000, -533.000000, -214.000000, -247.000000
3.900000, 143.921082, 110.791687, 1074.689941, -357.000000, 867.000000, -444.000000, -211.000000, -229.000000
3.950000, 214.491669, 82.697159, 1002.201050, -634.000000, 1148.000000, -94.000000, -196.000000, -216.000000
4.000000, 85.485275, 25.105366, 967.107178, -744.000000, 986.000000, -482.000000, -175.000000, -208.000000
4.050000, -56.243427, -15.553683, 903.951172, -807.000000, 895.000000, -368.000000, -169.000000, -196.000000
4.100000, -15.825336, -75.558426, 716.767517, -672.000000, 581.000000, -364.000000, -154.000000, -193.000000
4.150000, -2.763161, -129.050949, 572.256592, -542.000000, 473.000000, -211.000000, -135.000000, -189.000000
4.200000, -62.274567, -114.254547, 460.677490, -382.000000, 136.000000, -305.000000, -130.000000, -195.000000
4.250000, -41.057114, -80.354004, 411.086365, -338.000000, 268.000000, -72.000000, -117.000000, -195.000000
4.300000, -94.947906, -125.000580, 405.271362, 39.000000, -85.000000, -129.000000, -123.000000, -187.000000
4.350000, -128.614090, -161.389099, 378.675842, 261.000000, -134.000000, -63.000000, -118.000000, -199.000000
4.400000, -120.464233, -137.622589, 518.590088, 191.000000, -161.000000, -79.000000, -121.000000, -201.000000
4.450000, -100.877914, -155.822144, 473.179169, 336.000000, -307.000000, -151.000000, -130.000000, -211.000000
4.500000, 15.621572, -167.863159, 353.972961, 565.000000, -152.000000, -18.000000, -123.000000, -220.000000
4.550000, 21.060377, -133.405182, 584.547729, 611.000000, -201.000000, 42.000000, -135.000000, -225.000000
4.600000, -27.698385, -100.479790, 587.142700, 563.000000, 225.000000, -202.000000, -142.000000, -220.000000
4.650000, -19.624605, -77.335381, 630.407715, 616.000000, -53.000000, 154.000000, -147.000000, -219.000000
4.700000, -134.053284, -77.647415, 1098.809326, 422.000000, 63.000000, 28.000000, -147.000000, -220.000000
4.750000, -260.261841, -47.699917, 1207.035156, -34.000000, -128.000000, -48.000000, -147.000000, -220.000000
4.800000, -170.371979, -17.476667, 945.793945, -166.000000, -44.000000, 106.000000, -148.000000, -225.000000
4.850000, -96.052582, -50.924816, 798.067017, -250.000000, 59.000000, 47.000000, -147.000000, -229.000000
4.900000, -164.700974, -54.663780, 755.211487, -83.000000, -105.000000, 55.000000, -145.000000, -220.000000
4.950000, -160.097626, -49.622131, 712.870056, -130.000000, 10.000000, 19.000000, -148.000000, -225.000000
5.000000, -165.514923, -73.888702, 677.568237, -59.000000, -131.000000, -36.000000, -144.000000, -222.000000
5.050000, -169.274796, -62.986313, 697.920715, -18.000000, -98.000000, -4.000000, -144.000000, -216.000000
5.100000, -151.885071, -60.663078, 722.127869, -49.000000, -84.000000, -65.000000, -145.000000, -222.000000
5.150000, -152.750504, -66.250633, 734.492676, -88.000000, -80.000000, -89.000000, -144.000000, -228.000000
5.200000, -61.110756, -62.389389, 709.557800, -32.000000, -94.000000, -36.000000, -141.000000, -231.000000
5.250000, -102.706902, -76.749184, 709.224060, -29.000000, -95.000000, -39.000000, -136.000000, -229.000000
5.300000, -140.074127, -68.709831, 755.118164, -37.000000, -99.000000, 14.000000, -142.000000, -232.000000
5.350000, -78.559486, -80.450562, 709.331848, -58.000000, -19.000000, -50.000000, -136.000000, -234.000000
5.400000, -140.366837, -102.669510, 690.180420, -54.000000, -138.000000, 4.000000, -135.000000, -228.000000
5.450000, -88.871811, -83.107941, 716.869446, -4.000000, -7.000000, -4.000000, -141.000000, -234.000000
5.500000, -75.833153, -93.962242, 692.421814, 11.000000, -60.000000, -25.000000, -141.000000, -229.000000
5.550000, -108.909180, -94.985992, 712.698608, -12.000000, 1.000000, -30.000000, -136.000000, -232.000000
5.600000, -26.144997, -76.752045, 722.479065, -4.000000, -29.000000, -14.000000, -138.000000, -232.000000
5.650000, -91.742569, -101.231117, 706.042297, 0.000000, -47.000000, -14.000000, -133.000000, -235.000000
5.700000, -82.881187, -100.821671, 726.007324, -4.000000, -67.000000, -60.000000, -144.000000, -235.000000
5.750000, -11.081875, -86.065498, 725.050964, -4.000000, -126.000000, 18.000000, -135.000000, -238.000000
5.800000, -46.271427, -92.476273, 715.817627, -37.000000, 23.000000, -13.000000, -142.000000, -234.000000
5.850000, -54.644669, -100.513824, 697.639832, 15.000000, -41.000000, 44.000000, -130.000000, -238.000000
5.900000, -95.896103, -101.927841, 705.342529, 8.000000, 18.000000, -26.000000, -133.000000, -243.000000
5.950000, -45.018639, -81.471359, 744.228271, -4.000000, -21.000000, 32.000000, -135.000000, -235.000000
6.000000, -26.256958, -91.213997, 711.861389, 8.000000, -9.000000, -34.000000, -136.000000, -234.000000
6.050000, -94.257042, -105.348961, 709.355957, 12.000000, -14.000000, 18.000000, -133.000000, -237.000000
6.100000, -27.291460, -85.865753, 733.027588, -4.000000, -14.000000, -49.000000, -126.000000, -232.000000
6.150000, -34.394806, -97.059540, 692.445068, -2.000000, -28.000000, 25.000000, -130.000000, -240.000000
6.200000, -92.662865, -106.790092, 719.882080, -2.000000, -43.000000, 0.000000, -141.000000, -234.000000
6.250000, -53.522163, -97.163841, 743.392090, 14.000000, -49.000000, -28.000000, -139.000000, -249.000000
6.300000, -11.342205, -97.317032, 700.399719, -8.000000, -22.000000, 19.000000, -138.000000, -240.000000
6.350000, -41.585869, -95.987442, 710.192932, 26.000000, -39.000000, 2.000000, -135.000000, -234.000000
6.400000, -93.903702, -99.141968, 726.916870, 7.000000, -20.000000, -7.000000, -135.000000, -232.000000
6.450000, -32.269386, -95.170692, 720.898560, -7.000000, -32.000000, -10.000000, -141.000000, -246.000000
6.500000, -25.261501, -93.709854, 703.227417, 3.000000, -10.000000, -10.000000, -136.000000, -237.000000
6.550000, -76.562759, -98.537766, 697.652588, 21.000000, -30.000000, 24.000000, -136.000000, -238.000000
6.600000, -67.371613, -100.766357, 720.549683, 2.000000, -18.000000, -26.000000, -135.000000, -238.000000
6.650000, -85.820374, -108.954605, 722.086121, 28.000000, -34.000000, -10.000000, -130.000000, -235.000000
6.700000, -34.912590, -95.747917, 728.959045, 15.000000, 18.000000, 7.000000, -133.000000, -235.000000
6.750000, -29.038460, -92.229156, 721.133301, 7.000000, -41.000000, -3.000000, -135.000000, -238.000000
6.800000, -75.705643, -104.894165, 712.417969, 13.000000, -20.000000, 20.000000, -129.000000, -234.000000
6.850000, -25.623283, -89.447983, 738.780029, 0.000000, -9.000000, 20.000000, -138.000000, -234.000000
6.900000, -54.441063, -94.049530, 716.478210, 9.000000, -7.000000, -2.000000, -138.000000, -237.000000
6.950000, -71.189301, -103.471214, 697.773438, 25.000000, -2.000000, -7.000000, -139.000000, -237.000000
7.000000, -48.204693, -86.019745, 727.095520, 24.000000, 3.000000, 9.000000, -138.000000, -240.000000
7.050000, -60.489391, -88.037376, 741.319458, 19.000000, 21.000000, -17.000000, -141.000000, -237.000000
7.100000, -32.108677, -95.791344, 732.659851, -5.000000, -36.000000, -17.000000, -144.000000, -235.000000
7.150000, -66.548317, -96.594742, 717.069946, -7.000000, -10.000000, 3.000000, -133.000000, -231.000000
7.200000, -44.519753, -93.490646, 718.116699, 14.000000, -36.000000, -30.000000, -132.000000, -240.000000
7.250000, -0.210342, -89.851990, 715.564087, 18.000000, -47.000000, 14.000000, -135.000000, -241.000000
7.300000, -54.519676, -94.082184, 728.454041, -7.000000, -22.000000, -2.000000, -136.000000, -238.000000
7.350000, -30.697144, -90.990005, 733.916626, 4.000000, -18.000000, -8.000000, -132.000000, -237.000000
7.400000, -33.887962, -94.297310, 697.703064, -6.000000, -10.000000, 5.000000, -145.000000, -231.000000
7.450000, -52.747429, -96.853188, 717.031616, 18.000000, -14.000000, 14.000000, -147.000000, -231.000000
7.500000, -21.304539, -92.386475, 733.954834, -10.000000, -25.000000, -35.000000, -130.000000, -238.000000
7.550000, -34.555210, -94.242157, 709.938171, 7.000000, -18.000000, 5.000000, -135.000000, -237.000000
7.600000, -22.488499, -95.745926, 718.259949, 35.000000, -49.000000, 14.000000, -135.000000, -238.000000
7.650000, -34.077354, -100.524010, 725.854187, 19.000000, -1.000000, 29.000000, -136.000000, -240.000000
7.700000, -50.160000, -91.688736, 744.681152, -10.000000, 8.000000, 19.000000, -145.000000, -238.000000
7.750000, -43.406914, -91.933472, 727.378723, -5.000000, -25.000000, -19.000000, -144.000000, -238.000000
7.800000, -52.560928, -105.317238, 693.964111, 7.000000, -15.000000, 3.000000, -138.000000, -234.000000
7.850000, -19.683395, -91.975540, 730.997742, 0.000000, -19.000000, -28.000000, -138.000000, -241.000000
7.900000, -25.628750, -89.684708, 718.247681, 4.000000, -21.000000, -6.000000, -138.000000, -241.000000
7.950000, -37.836266, -93.236397, 699.848511, 49.000000, -25.000000, 17.000000, -141.000000, -229.000000
8.000000, -17.814896, -90.646179, 733.634155, 12.000000, 6.000000, -11.000000, -141.000000, -238.000000
8.050000, -44.173771, -99.155403, 719.935181, 14.000000, -11.000000, 4.000000, -144.000000, -232.000000
8.100000, -48.620598, -91.570152, 728.054871, 19.000000, -19.000000, -9.000000, -144.000000, -243.000000
8.150000, -23.047709, -91.677994, 739.730469, -4.000000, 0.000000, -11.000000, -139.000000, -235.000000
8.200000, -19.704687, -94.687607, 725.014648, 36.000000, -26.000000, 0.000000, -141.000000, -232.000000
8.250000, -21.167513, -85.009621, 734.629700, -34.000000, 4.000000, -10.000000, -145.000000, -232.000000
8.300000, -16.207214, -93.880150, 713.025635, 0.000000, -14.000000, 18.000000, -139.000000, -244.000000
8.350000, -23.239624, -98.161858, 713.314331, 16.000000, -24.000000, -10.000000, -144.000000, -232.000000
8.400000, -22.473282, -94.620026, 739.022339, 1.000000, -11.000000, -11.000000, -139.000000, -240.000000
8.450000, -17.356213, -95.458145, 728.660522, 1.000000, -27.000000, -4.000000, -142.000000, -232.000000
8.500000, -38.928974, -94.235390, 718.143555, 10.000000, -21.000000, -9.000000, -139.000000, -240.000000
8.550000, -33.423454, -97.693863, 712.423401, 6.000000, -19.000000, -23.000000, -144.000000, -238.000000
8.600000, -32.702621, -95.680634, 734.094788, 0.000000, -13.000000, 18.000000, -144.000000, -240.000000
8.650000, -41.433327, -96.479446, 730.314819, -6.000000, -28.000000, -30.000000, -139.000000, -238.000000
8.700000, -4.254049, -97.752853, 702.549316, 0.000000, -53.000000, -35.000000, -141.000000, -244.000000
8.750000, -6.086966, -93.921181, 738.990479, -3.000000, 12.000000, 7.000000, -141.000000, -243.000000
8.800000, -36.450638, -105.333458, 746.336121, 9.000000, -11.000000, 16.000000, -133.000000, -246.000000
8.850000, -26.127365, -104.721939, 715.854797, -17.000000, -1.000000, -9.000000, -133.000000, -235.000000
8.900000, -3.614731, -90.014938, 720.640930, -2.000000, -5.000000, 16.000000, -129.000000, -243.000000
8.950000, -18.810045, -97.901260, 723.525757, -8.000000, -30.000000, 1.000000, -139.000000, -243.000000
9.000000, -43.651886, -102.915131, 711.755737, 0.000000, -3.000000, 7.000000, -142.000000, -238.000000
9.050000, -5.208470, -93.090851, 708.456177, 18.000000, -11.000000, 5.000000, -130.000000, -238.000000
9.100000, -8.111809, -98.356850, 737.584473, 14.000000, 2.000000, 6.000000, -139.000000, -235.000000
9.150000, -46.203583, -104.568985, 746.852661, 11.000000, -4.000000, 0.000000, -138.000000, -238.000000
